414.8396370538505
415.3050400031442
419.05347049840964
423.53245701609626
428.78736246519037
443.96591864717595
460.33254751730317
485.4897757731678
456.77880268368256
415.4181775706649
372.98000000756525
355.9612761680238
335.7565797441397
340.86669838114085
287.0894081050449
187.94002713965088
85.90583780365272
70.24024999844755
46.746699674533104
39.612895849186856
39.07247982966072
38.98154456304196
38.74228969219985
38.58686503359417
38.52428408399788
38.46563449649591
38.4558301810295
37.84963728387413
22.836504009280215
6.351856701890174
16.82611730025436
17.675107640577117
18.244622683289546
19.590485544720067
20.08638642615085
21.093157741524582
21.77277835691076
22.30133334622328
22.36367171984534
22.564560550691155
22.624838037708876
22.759657576594613
22.76067534715541
22.70290669072212
20.76879209288296
7.376903072865113
415.69622163968467
414.9747176967973
414.5997536559387
416.96952714242053
426.60312695331817
436.0039126901798
447.31868921714556
477.69787844473973
462.2365398476641
424.69485942943805
390.0388389646403
380.50007089440686
396.85509619792714
354.0809840009169
318.7198292570811
254.97272513212314
103.22245996354116
80.29933503820503
58.67242620502161
48.01728202136679
48.00909775588543
48.024878069481346
48.02288638719067
48.02709360781469
48.02478967042286
48.04065890648451
48.04413855727457
38.64907739019868
15.437402833988399
13.895085134734734
13.87251657807729
14.772074400676663
14.88770237687607
14.882299241369536
14.86945712477069
15.062383552054259
15.091233606168377
15.075859324180591
15.172840113237932
15.332472581462152
15.328439468352997
15.320874023624608
15.33450188319622
14.8066860769998
414.5374481482581
411.6490005133
414.57789129873447
417.92283414196845
425.1471767881857
438.5445497646244
446.6148998925252
488.7722204192069
450.64464389688044
414.17618453384915
367.7109265371511
347.7000524258933
345.0901106769356
311.21008602209736
232.69300553481511
112.44917586875235
77.4059854569373
51.06268292582599
40.56902348508879
40.576980301006834
40.54504694937024
40.58271627575293
40.563860529533805
40.50314951837798
40.4365513269099
40.43036825134186
21.66826996653886
13.266745135248769
23.41779301148066
23.601429080808025
23.714870757790976
23.74285298578626
23.829714431767727
24.18245353823146
24.249268506076586
24.78926406113832
25.59412769817376
25.73820399578264
25.719995887650953
25.722138908688898
25.737074976868822
25.755439730128522
25.755959297745978
24.37121480247408
