416.2243191462847
414.1688278890582
416.9111351770717
424.1900391852518
432.5672638384637
440.88697584249996
452.45228107375516
483.21374546787945
454.9477080342208
421.99143183446546
390.4171412128422
354.44009097404415
313.3871433650189
318.08272606425425
240.32169990331846
67.39612730497072
66.9384847897668
50.676044734799575
43.83556618023819
43.835966902173254
43.72772789131099
43.718469591010304
43.71496936682161
43.712681520274955
43.7081799734971
43.70671120526554
43.70544070473943
41.062146054893766
8.645337858094496
16.343277412570053
18.936658591747392
18.95640194876702
18.964358567026146
18.980246579097027
18.995677709203502
19.03288401760927
19.166273277037604
19.15870291863071
19.163796163466063
19.17091458178435
19.169370399683412
19.176283595302234
19.472807903260733
19.454819105554606
19.45652610077049
18.893538684314237
