443.4066918639626
433.4238817823974
429.5337538267954
419.525451677287
415.0680478559758
411.60431991754047
407.73165839628103
385.0576204901512
355.975674981557
331.8184652539677
321.34538449376873
310.2852784178747
294.65601346587266
282.6942243325086
270.08474729082405
264.43797299015773
256.7412812556247
233.72990607701982
211.82870313563464
181.54977419977462
90.83198450323893
25.283006703695413
24.871987534293513
23.759547961538665
23.62108317254314
23.6156304351712
23.573646676468528
24.084608489309357
23.966132035111837
22.89787177520602
20.494789374892605
444.24869515063693
435.57087139161865
429.855868245039
419.4667073376939
415.54625113160273
412.17187726704987
407.9630552421667
373.22006705833815
329.7993477462279
315.1558689096308
304.9465999595424
292.98325544996175
277.0143211419149
264.53671631157516
248.14514883998442
229.30735609103223
190.0354595321596
155.84355377099646
138.7112738247701
75.80112571588613
20.61182384746689
20.251522868171932
20.2482353314411
20.164248190341972
20.138631187221154
20.13655696330783
20.1243506431136
20.123446893320814
20.117233379541673
20.185621891359137
442.5657310458052
433.990826308571
426.03067469568015
418.3892983572755
412.9551493465051
409.0026010701426
404.82923544705903
377.0657954774634
350.35975996087825
333.4286178901058
320.229985292371
307.82343021082556
294.05627056652264
279.87765490383407
275.2213547109723
271.5444976517684
231.0313536275019
177.00187686388153
173.90376276788234
132.15450212496077
48.94813037673637
11.724132594429417
11.53172960438529
11.211873475707582
11.194435093913038
11.099028929647737
11.038608017507814
10.945326244153577
9.934470202721721
8.728680180427432
446.93633811620134
437.1071046368736
430.1214865519545
424.4751274646161
418.3103193073691
417.5820177364563
412.6551324620915
378.83810096444415
357.7595183798674
329.7314683444922
311.22727845532984
295.3690152610168
277.956448859174
262.7876829088118
243.06316236308913
219.06937422939004
196.2873415130844
176.2179008235924
160.63365342921327
102.10509634802615
41.120773855418065
26.83806158057369
26.610155813435192
26.531433087003627
26.374142803564084
25.15333054574517
24.176934842208816
24.180911061527958
23.468480003448363
23.354419688897202
