415.8147299593211
413.38300581471407
415.3090661463585
420.65391979786574
428.6835903867753
438.0143145075819
456.15418468172015
489.31153125154026
464.5616257183918
433.9641552795083
398.99479485316107
353.60943239005053
325.0711015430421
268.33388625297346
133.46345743788845
105.27045765270556
85.24769802226335
48.25837746183043
41.332734058851074
40.8910948526444
40.21734623822554
39.98929989777255
39.98722587820544
39.781184621827485
39.86235151587381
39.84289871590302
14.035235595624489
17.77295456432293
18.11973261228451
18.764962003152
18.74869008297476
18.739170216365537
18.751377061951462
18.73298088729285
18.739290716588634
18.747969590387683
18.836336296862935
18.957405173260607
18.98801514525525
19.113025302750533
19.11564545213476
19.11521116022908
17.02150079247903
415.85926352474496
414.08478235643
413.8323051154721
417.4135889261762
424.7217375221298
430.906031479668
440.293745812879
477.11041971025395
439.5427320301861
387.106848390594
345.654419186661
324.81503258724007
303.14797957790404
320.70592442102924
236.94561316445174
101.78436628077117
67.51943122321195
56.34870364129209
47.764882981916166
41.42869732778363
41.12572875069337
41.134267255315294
41.12953159415319
41.194874859613705
41.14844413656152
41.118743214958954
41.09215516399336
39.68057953615829
14.59928173496048
9.974151276775643
23.686140729958236
23.872690096370558
24.03884585214952
24.11477602016424
24.42309336684795
24.76449061530608
24.93562918666794
25.321312924665012
25.71355221309816
25.81710389478535
26.09922783083246
26.09982007126035
26.160591095355162
26.17960294938036
26.216251446135715
26.245433052055777
25.69989719365409
