415.1728069906124
414.1157268161651
415.3647472649313
419.6716987658408
429.0964054251806
438.376816214466
453.74851839578884
485.6315739204605
466.4723290438173
437.22487888096276
398.24012341999446
390.46759371162904
379.304545770019
333.9417336962187
237.43673826886553
109.87578898992324
77.87325756930485
47.60671212807042
45.95782843333614
45.88900122779726
45.62122334247796
45.15516091215038
45.1443220117538
44.79196808440375
43.610001276466996
28.689342843442752
16.932718150631008
21.140342378505146
21.9306249769523
22.161814678691673
22.3280889570636
22.568691300401504
22.690944204362143
22.746014811081583
22.869958251602053
22.94041737017952
23.00319857243538
23.340611880695935
23.342602481842377
23.324367880601645
21.737494494599744
416.84942780671037
414.7915364588639
416.41165556204817
417.83473039026455
426.1967246954824
440.16512156537914
469.9606194416989
489.2194233084046
457.69820959095824
424.78807930433317
365.7737262243318
353.3210408743761
337.246578204031
261.76093437564265
141.1423000259425
70.43486782637746
61.28668402778213
47.66873333901865
38.10992615464747
36.65254517923309
36.55642948619402
36.559885705084774
36.51999295549245
36.590373215242465
36.6467998932628
35.86899870696186
21.426510859836053
2.216952621522265
3.4879723209993814
3.5845228554961235
3.854194596831841
4.5955173135971785
5.041628597769846
5.3638567505383685
5.381734628395992
5.45729774427091
5.553811170469047
5.634337560383069
5.991348615711436
6.032992372955904
4.230026552808128
8.086212624336309
415.2618784970784
415.7015634357335
418.9075646134935
425.42391832302286
433.47478640924237
444.56773343525765
459.4005048319079
489.2917839156572
460.1302246836726
424.8018023495298
394.1920070549371
387.2843955722216
380.5379698705556
319.9696986486972
225.35559896712195
109.84013463197488
89.09356132095854
52.15208218090491
37.129394824641444
36.54055784966676
36.12811497985579
35.99820095109187
35.80987232598786
35.66402932996477
35.587104120265074
35.52363405190337
34.847900635724436
28.827625649652667
10.109655932586978
9.550074593206658
8.854009777250498
7.464224163915899
7.125659065826033
7.017174180939652
7.000822607377108
6.82703113679414
6.813571203505528
6.719547929327351
6.577524384451772
6.6503906348915605
6.723189460333609
7.347490684391756
16.858695185337027
415.4722235587029
413.65243492958973
412.9811622144516
417.3079289070664
428.2022821953429
437.78698626868254
451.770014276656
480.709135654766
434.2406006602705
400.9276908896129
361.77557206595253
336.86035555488576
337.5455192629474
271.84353697287077
187.42516935087133
101.11393634785051
74.44512613635348
43.68909647484459
37.59481876279387
37.160337787799236
37.080517823952775
36.86664271652073
36.874745943594945
36.8567936137442
36.80008625876387
36.756493489646175
29.800324202929676
18.065579300231725
18.109913633185904
18.12784362947027
18.21508721642847
18.177496065283616
18.141702661314582
18.150738521113652
18.16602060880088
18.165827037489997
18.179245592407728
18.19385066512917
18.17204842339949
18.18356358091761
18.433102734810827
414.5144438419263
413.39803722638345
415.05871172690814
417.62830326175606
423.6800386524727
439.08982589933817
457.8039178369303
479.8832374004029
444.7758786898432
405.363143115248
368.4852811128774
340.32366934865934
332.8520274328335
267.08360709604625
109.3685946863762
77.04312080086633
58.29259922618882
43.516275307557585
42.268397142186075
42.12237258677135
41.82105094125333
41.81947244158462
41.8326338219252
41.69843658036485
41.273702167204874
40.576598863021864
20.387737356957143
13.653728438251
13.930237450339563
13.99459158842398
14.042610414049765
14.438592368633573
14.434379745188085
15.431932057633226
16.937321996561863
16.934917989230627
16.938720569057615
16.93349567853316
16.93605459161437
16.9282536514287
16.92319338603327
10.576247055603051
415.43088834725745
413.50361643817376
414.87734728902177
416.49388114788877
427.7225075359628
440.7097782635903
458.74884766538906
486.7752242936919
450.9539236580536
428.2022377622474
363.21358326404703
349.09167709365505
333.0016392137722
265.9642146633394
120.6294564300855
59.85279985718953
44.2560974583594
36.07551294975426
35.93909289166229
35.917451605214076
35.91648823358099
35.919344343779564
35.90144097628321
35.8940977622267
35.892625356329916
35.74964395717363
24.40597403332103
12.01073869561632
12.025709008660183
12.222888292754098
12.229538644078996
12.265028832863742
12.451237213003738
12.667605214785965
14.022581338819071
14.22362787472328
15.94085229092726
16.454746521624383
16.518825085898712
16.50436000704095
16.5306665190927
11.626609454077043
415.4858983311126
415.26128367319234
418.3949399630024
423.9473944803957
435.1035720715647
450.734128892178
477.96649769329053
438.66830420219935
404.40033476890767
357.30149810165074
328.18473037514997
319.3394257072722
247.94647201811537
118.8075984353429
73.6392959797862
57.55577780794415
41.16204362217834
40.754121871404585
40.645625739997165
40.43698129303942
40.31379841528081
40.27685790808132
40.20179442000683
38.686816691732375
22.07962381934713
6.26956724098518
6.69914528379833
6.7926026953121355
6.9325433638661185
7.072813929727497
7.306340754528767
7.61423131838137
7.737598179887213
7.962738609261507
8.264500119072038
9.7282219041035
9.855977484538561
9.902000778630832
9.794807946030792
6.999372736599303
413.863298197633
414.4936936048971
416.390936089125
421.4249273445525
434.447763782045
448.30790536529304
464.2875150915994
498.78406873713993
462.7119832861937
426.01502855739136
367.1016670161097
338.5634898689751
361.69174386246937
266.0336739755908
96.91267703974107
49.014284226346305
43.971963840344856
38.64581032024618
38.6479235228889
38.64895050939785
38.65120528717434
38.661860430583886
38.67265932527251
38.667470759706944
38.652468662744
34.033886442798654
4.846431287482718
3.8537363365723105
3.637837458842592
3.6450938486897804
3.571467456732008
3.5219396598465145
2.778648898097794
2.613531769154837
2.1464462394136796
2.136607535579763
2.1025037693662525
2.0131022863941235
2.004619271499521
2.008079243420901
2.0551940804951805
416.8421750667368
416.4108111970034
418.34695908702196
421.06677784158205
431.10400851578447
440.7999593005507
459.0511353051503
482.2054215498883
449.40407444877314
412.29682032353685
362.35140598470696
341.3364130316731
326.67709345226575
259.08611927273176
147.90335327967702
87.38038359163049
58.589034015332906
40.42652683825874
39.718165925005145
39.62385722036398
39.59718868310726
39.60886790003647
39.472086031103025
39.427739501960325
39.33612585513122
39.001485490664244
33.76186115475335
15.81956997412806
18.41784553988108
18.93280481306232
19.121551094506348
19.225734437426564
19.464395450962076
20.48329531706176
21.066686063608795
22.416663506696874
23.08772644868728
23.44576863719192
23.56607606857923
24.306413363384056
24.307285279292216
24.301207028344614
24.245484226732497
20.220374573372833
414.99130039956555
414.58602192781814
413.65204360574734
414.39440143228927
422.7549618856947
430.80382369877003
452.77121263934913
482.54424221131114
429.841135136144
384.99718298363297
373.41804672490275
375.0869897837857
306.0353326602854
223.62942820595967
111.11148449126627
81.69065338168217
46.30863408677562
44.42872320819538
44.42269909111077
44.4122684347661
44.414154139748085
44.40493092529404
44.39575315770045
44.398370883411914
44.39160417324718
23.87006541673054
10.349687585722478
10.121224832185181
10.114923997378789
9.969675475479269
9.92802664316019
9.933345270719679
9.930559806189823
9.770903865231396
9.205304349988022
9.215819339973288
9.21441966330393
8.95319497347221
8.957403807069634
8.952407140417765
9.202281652657868
414.65783128940365
414.36487499309715
415.66776014536157
418.99742000764167
426.21838059108677
432.34967033502056
444.191068463264
463.52628008494014
494.4341786183749
458.0232825345634
427.120311671539
380.0803331790358
360.5889319332604
315.45090473629847
268.17485184259095
116.16072672336503
92.86941281674565
65.40527540530566
42.81903227844392
42.546811456633996
42.524655788089966
42.51934889415682
42.50976166588127
42.509697270647145
42.50490782617121
41.779988238716285
12.201969381170896
17.93611615346947
32.37753996423126
32.395142089052996
32.41748600458598
32.48539327059393
32.938439582156676
33.12613620777693
33.53830278735065
34.847353528418154
34.828493635753105
34.880422726790826
34.8905213033039
34.88667361107424
34.891401265440905
34.89222973435883
34.91179595054659
31.11617810816346
416.6957322124057
417.33567775446727
420.0435672572642
422.1291178217993
429.5026304736043
435.7502970464084
445.01288363384737
469.7398273898347
493.195357829869
462.51855944725264
429.6641024218738
377.5076367696821
359.6031286187265
343.7596140919249
269.88052568766847
179.19034713234342
96.84867151423508
74.81390343584256
52.454389551620075
41.77193933110246
41.019620563301515
40.98338822618487
40.87544881139633
40.84428833621268
40.8801470660753
40.794566423294015
40.667478272427815
39.490010783859745
23.348968217693535
9.729467053753046
9.72321029683466
9.743061360875462
9.781646470555483
10.002262162443715
10.003623772789789
10.020740631226898
10.092090694937003
10.235238426759267
10.306073863164118
10.41053883866604
10.753733302943605
11.05695578164106
11.058277368147014
11.049461632902217
9.779392680376384
413.9175448767824
414.0587779224373
415.36917362366916
417.6405198864433
428.24553747980326
439.0068606933872
452.8809034927777
485.0744863415569
455.19461678399426
417.7902901796408
375.714655799621
365.8363983490707
348.583834481306
291.11710876743837
181.36554319328363
95.29864455269262
58.633901761892375
40.014296387296554
39.46104493062067
39.24652223075
38.78892476526585
38.021102757990754
37.63658431364225
37.523431284036036
37.538366597719595
31.890823908400648
16.056836474571643
15.256593176107106
15.081385528676948
14.992554699376806
14.851275669186014
14.844510336654784
14.864099852094785
14.852187657461247
14.883149259094589
14.898305530806342
14.878019588502536
14.876238169678533
14.903021428519578
22.419940750402976
415.3721604845947
413.65074415752304
414.7411833944821
420.9839351007031
429.72613899955513
441.3044150551737
455.2735683958089
488.928871451395
455.67206677615724
417.0044170800144
367.26683932256753
340.91084586623407
336.4102330852152
277.41449733907234
151.76236096765845
109.47138422435813
82.81484011884888
44.91607029778971
44.647040891257475
44.54635567056039
44.52725918424225
44.362629751030475
44.18413196927606
44.03332773284797
43.99606583270064
44.00153596095507
42.07662208746906
17.962766181398155
13.947922889914885
14.173435404538976
14.238245265861398
14.38686888504218
14.41452571686245
14.63431303060189
14.786805132754408
14.927205657870857
14.903499065784555
14.99985932342519
15.27789827913529
15.50502628528808
15.56895437211902
15.56607258432405
13.906332730089266
415.2512778685749
414.8629302097993
415.44940249838936
420.3347483193715
425.61385473467504
439.4538431366965
452.9632688828432
476.2985518029251
453.20410458595495
418.6891654939497
390.96328829176645
356.25192893611734
330.6594884948804
324.6679784390098
243.11159665355638
106.05676056060886
73.51001972848626
41.111281085343144
30.247500801377207
30.22769736356509
30.150630358607486
30.123069381973263
30.11423605634058
30.116380366422614
30.007751534690108
29.844830619542076
29.714900854920742
23.36014962329361
10.879658174171071
11.06875298849789
11.06151705211951
11.056741482413404
11.119930523115087
11.128045476062264
11.135542430100093
11.194313466573295
11.281583988817898
11.368195027510973
11.798709587520387
11.958845707430099
11.94383860580777
11.638547675185146
414.3309692637617
414.06513122167564
415.48906991236584
424.5411567218404
437.86371466159426
451.70395748669137
472.88793001792743
509.99964291721415
475.4257266716621
435.11665673260535
388.36879373509527
380.206787357633
318.22285106662315
185.4711843495186
118.95153664996991
77.6526246383816
58.312200071407005
53.999224608210504
53.933630808162214
53.89716985162206
53.875390183073755
53.88367743409957
53.823558654388144
53.611290452848095
44.067404394198604
13.527891949960758
14.64452433921729
15.81676884689589
17.52478725944797
19.16513551755991
19.667869917769337
19.80210335980965
19.860470068725586
19.863506867155753
19.934306681225983
20.004644201417573
20.019370736401058
20.002349666432902
18.036622429912903
417.93804823818067
415.64075539563015
417.0691339972051
418.8370852509288
426.57997499939637
432.8712220367839
441.277376974768
474.97390088244504
439.28993309762626
404.16376163746685
360.372939065535
338.51974659689387
329.0256555062924
263.30596738121744
140.1249237448799
90.11879564593595
64.87205927076664
43.74656245246998
41.617735113239924
41.392260829249764
41.12188327526836
41.0916739504808
41.0602702626081
40.96724219133905
41.03175528200544
40.66482330174279
32.61588326582795
12.511059312122239
9.098269263106028
8.275085879734084
7.965963621592684
7.868917071093033
7.735196371462598
7.484090060218386
7.33585527266412
7.226603104036466
6.95600988608487
7.2071391927899615
7.183096821970097
7.86595791707472
14.296002444502639
416.6264984611857
418.4990024231198
419.03671642608674
422.7975571049461
427.30752825938407
441.3992645079825
455.8636468060698
479.2187335332494
448.9627133926153
403.5517823851256
370.7860583212632
358.1933566372101
352.68177835367896
294.8005727420153
180.6148338747057
101.34854639930741
79.48332287535682
52.625014888693634
43.9934448536286
43.60985795242408
43.521203322968034
43.424726159394616
43.248415995547894
43.0523030230184
42.96771502814808
42.67127494326867
32.57849005506766
19.60696678648519
15.946291081541506
24.186344810363337
24.302265804661925
24.33178602076128
24.569821990073287
24.812814664310018
25.25215741943774
25.608325800879573
25.70015204923594
25.758621115386642
25.79877506887653
26.159181861113304
26.12374617661489
26.100844716879887
25.313733318794874
18.570502611084667
413.67043524280024
413.95521687239955
415.6468938404699
420.2974778940022
429.6300837365174
437.584655476831
461.0972192327367
501.13677088296356
463.1390091953533
429.00601936370214
382.15314624512473
370.3712533507925
352.75519607550643
241.99058976449925
74.35894409172096
55.67801377697136
47.812352324910194
40.47072324891205
38.65065292055882
38.542630170890796
38.579035575903035
38.51790355195895
38.660648880183174
38.642075000375634
38.5461608988136
38.50417238704447
37.24007017335409
21.96848631663827
2.608218160129577
4.090608883708931
4.662204956362891
4.776612776962055
4.792103914070836
5.58209898143012
6.1090428011842555
7.02193250355304
8.081050242467171
9.393186593645504
9.598456968556379
9.615757651507783
9.433081452647512
5.358468466054645
413.8219996051865
413.27061769131535
415.62175120309564
419.75826524295655
429.5852635817762
437.7630815614543
466.3166590025551
500.6531250243359
462.77109155984596
421.69349748429823
381.7254394706507
374.24252820874256
299.4865802910037
155.85967679673712
98.87540701889093
64.18643550294186
46.00084604450147
44.486333783918234
44.45530631343967
43.41368406290524
43.3688686085508
43.20844626870447
43.08320529097751
42.86891937791786
35.78747505956026
9.902668772907527
9.818067385156018
9.694952140137286
9.678575766453369
9.63144023764031
9.649830214369967
9.647594261587386
9.67404777499878
9.598871426632925
9.595429278831292
9.598873005743641
9.601334697160619
9.591259259805463
9.674383982059041
12.887705932024964
415.88352959053753
415.0812312261252
416.2500082532629
420.85840155193944
440.0955363902834
453.52966267105967
471.9932313745465
516.6416120064821
484.7311366993261
439.21012078205166
389.2994211801898
374.23947455682776
332.74621433326155
253.722842961104
113.41185170052876
87.38745229742159
64.04588039465818
46.746822278285705
46.66965775830234
46.59442071827324
46.24419313847858
45.66723744413126
45.500523967604614
45.476703341183494
45.18800578768502
44.769699778539994
19.691205765306584
8.317935859213431
9.141638985689005
9.12769759610903
9.144448185750484
9.155814333923843
9.143779368611618
9.157954237054524
9.165201721693961
9.156411039662576
9.144678067095901
9.148455008961475
9.147381055673053
9.147429343276613
9.137440996250616
7.271407018160526
415.0320503925644
414.03245972014224
414.4218528200666
418.0767584302396
423.01616185140307
437.6562328124688
448.0183895780914
472.5382572120521
449.2478957767939
407.2572681306413
372.5657218643735
354.1872157259364
352.16640075077567
268.4929867915569
219.79692858468758
94.92856918558893
64.10638226822515
45.831116456925706
36.77262268366787
36.54862726028302
36.27201740289119
35.79036675071566
35.430588863122615
35.29837106880511
35.07174989723112
33.581591188639706
23.72973586052769
10.443703677070411
10.29207074104529
10.167061096288744
9.79784005746972
9.660674733472204
9.414664290569437
9.274682284012343
9.156355979818697
9.082439232179661
8.99312461624429
8.829172527754166
8.7087030968164
10.16813657223452
10.37501658070201
11.13687124551868
25.372864020637277
414.92123263704946
412.8444022453397
413.38679045184045
415.0099085601284
423.8392417707561
434.5170882436479
455.2181412086093
493.80487912103456
474.30497751572864
449.86631790125847
418.4437491453962
379.25386828400633
361.10775350699936
350.70368893323047
290.4047886285725
160.06500768774526
86.56998704073062
69.47382806118192
40.99718767327561
39.88067219633325
39.835447987247825
39.770274757203595
39.73206635215642
39.65671796456325
39.38455493964574
39.30432701224356
39.21579964250488
23.66448994906946
14.289623055396694
13.965318299339371
13.874727351643125
13.5914271811839
13.608366745579993
13.62020127946234
13.613247179389903
13.63084342074446
13.652705174105016
13.652771329479299
13.666828546099502
13.670653046919199
13.664798627345583
13.676250352530156
20.20505913899977
414.5168850994148
414.8345783898208
415.0221406525702
415.7835215390098
425.1722368101423
434.1979219782241
442.0705333828688
462.734764414304
496.8480108624627
455.14285153049406
422.3238098839455
382.4254115213608
379.5105617267906
311.0441516824519
207.7293142454774
132.39188786631695
102.9516965846928
66.19765258843142
52.29018494249661
51.50607912463442
51.003447965651105
50.74011249172967
50.462639438532314
50.0117634791669
49.72755504438042
45.92282393312151
33.68610565903397
13.056504367514098
11.867610240137342
11.287795524444297
10.611532833961492
10.303064727309064
10.134014847308585
10.06944765232655
9.805540829992118
9.699705461529698
9.184849078286334
8.960992916254494
8.691826599137492
8.879287313401045
12.210986556588258
415.84649010633933
416.19515836472874
416.76051339075195
418.8659727507133
425.3237121650093
431.7449019336606
445.8105277822238
457.5085639562369
488.43081875728836
449.7035816854563
402.1071910320394
357.40673998180387
336.7342106234014
337.4030447364574
257.94085107308047
144.52748740302084
65.96378118393372
54.722587862720005
51.02390396057963
41.60414793343255
41.601205529252006
41.55203584113249
41.54308184895639
41.53300214263182
41.57290408063659
41.55425112349307
40.90111426289543
30.273988436683286
9.890450955304
8.661542787140226
8.214110786179159
7.37099472065544
7.16911324654606
6.920165096590826
6.504284559640098
6.333130550850781
5.951139311557104
5.441401151961061
5.050751952575778
4.603087174139108
3.2370230137507385
3.153359940724876
3.260502256986596
8.899374296338426
413.63549530451536
414.8806958889841
417.02948357324567
420.5956787869769
427.18024376187145
435.8173826061285
455.05544303863473
500.1325195125306
465.4215985454353
423.6714125540536
379.92450473542095
362.15351857433825
345.90048402376647
313.2384046282816
206.8642036325844
76.03294805913956
55.53082938294574
41.465823232572404
32.6236949807791
32.57583119344454
32.56815419197204
32.565600394994604
32.56708972924605
32.583446830180215
32.59290802088716
32.582548916776915
32.644580946342536
11.829264989728319
11.665847411034607
11.611958415076558
11.594601228412824
11.592347610555136
11.609253191102725
11.603832890589425
11.617010502128458
11.620650401024655
11.612932749259437
11.58783815265109
11.607652793062593
11.617010562208982
11.630984963505052
11.619025221690233
11.615062149212406
