415.8430603411487
414.88839877613935
418.62151358596367
423.99527410447564
431.7866055717173
439.4866858063236
450.9904596535176
472.1721261877133
506.27140778378833
462.7809462227849
424.43789830701155
381.7645452361042
369.34891968666005
322.32706546898123
187.03814856820816
127.6065048443648
88.37669007433448
65.59505957106718
49.74895575605032
49.64098176052506
49.661992931308696
49.66695740702416
49.65328654878307
49.67731906589351
49.66860270821332
49.66347332702016
24.243271279526724
6.7130437073263645
25.573832324864377
26.547993144770437
26.608822718460225
26.62115129743478
26.655008369046477
26.67196520187748
26.775127218549155
26.792165051960346
26.816857435104104
26.816519599849585
26.98315070822284
27.166447080759188
27.155902141028704
27.148290438884015
27.152463666754855
26.63348369146765
416.4379285264772
415.61962151314594
416.6961439774187
421.1447459673473
427.35767052537443
436.83511419515736
441.742928776032
464.54026534041594
504.9840986858094
489.09434916347243
443.68346268612765
395.33802589416183
390.0558914990987
321.5578647335809
232.608904530993
112.49421316964838
84.41430087348671
62.095031834575806
48.4801460690028
48.18828202495698
47.78864373650608
47.53007633722479
47.51423355307617
47.4076209427848
47.21810281330669
47.03277106180907
36.06461615010469
10.763240056618294
18.646564858295733
19.973598720376685
20.23575154332461
20.5886595132867
20.810413192668555
21.06741502022187
21.58752698141083
21.99586355990267
22.358500988872684
22.426052507333708
22.910875069077996
23.027258869313883
23.047755795552362
23.00847714945093
23.002474968732677
22.19659923696533
13.681029604048911
