418.80201512633806
418.7174920166215
420.525465902308
421.6971088513312
433.0068593313761
438.81790596759754
453.2983195576442
491.85500186065167
465.06413280793765
416.9474915282609
367.98374215707577
349.50630718110267
285.2166025603895
189.96561549893153
114.04082682330314
90.78452728163683
61.673695508863005
49.82033215356174
49.60380353117655
49.52891205376969
49.11016949013316
48.79349115509598
48.713412835175546
48.52914492065115
48.33100772764112
48.05997346378295
36.61711495366756
16.76462834041566
16.68272780796911
17.169560709737862
17.59723482625544
18.356402542258934
18.886222779758786
18.91152226316099
18.904813670834933
18.89180595462421
18.862692927093924
18.915697471030615
18.888608916540626
18.941949706434983
18.919172513475957
16.789984615398666
