442.5732737809659
435.53459739907095
429.6697836733308
417.11399763500475
414.74636928351117
411.17146589553687
408.94704249351594
393.7775244240466
359.165856090209
332.4673210517632
316.1269717602129
299.20066053430185
290.2694984577078
277.5534759625387
266.9282548906236
253.54350986589003
243.25883323184348
203.102977880689
109.14592731593434
102.9929516033609
74.99750164386644
30.891104135286533
4.0353130989938455
4.0725236178111
3.92930981155756
3.8249771751024393
3.741409812263184
3.550588128491881
3.5033943126790708
3.8750958348891302
11.225092381264073
