446.6462217825731
437.01397220995915
431.6573405999603
424.37572524139006
419.9771802131325
419.04590814217573
414.6498563511369
394.531197946916
361.6273551370266
327.3731561626202
310.16236484301965
290.7828827289823
278.61404995039663
260.0878475910476
241.1800243659261
219.6865757258628
176.02695852394524
149.6318565396353
39.31774555594619
39.79257141687256
39.13686676666874
39.572607805032305
39.77049869411475
40.35363008264099
41.0937530055655
42.62089110152206
34.9821811086111
14.372908096105574
14.445861595996746
9.11795999965411
