442.85298186522766
431.42190334125365
425.08354218371124
413.9318632506195
409.9424095070355
406.7843373160796
402.68161909379694
385.3678627838567
353.4824329185911
327.28071281198424
314.49736350360985
300.299916271679
289.16786556586146
280.16701530893994
270.55471661176387
262.6464786292164
242.79477369319815
201.13847662940915
190.07917943601154
125.40299418337781
52.38620311196234
18.66802622484852
17.700171337092698
16.833963329034347
15.693857826550916
15.164465096134778
14.19833921821115
12.71889848761397
12.17764253480973
15.349775699377176
443.5728971313601
436.2100481649898
431.6199641945522
424.3697822195206
420.8912099571185
417.3478408493818
412.0887536358784
383.6283395452244
347.0316966049266
328.8849656312169
319.77177109600785
307.29777278502297
290.12245254582535
279.2314552769017
268.04057261031346
263.2031691671667
225.8850508486705
130.77473195557846
98.32248565588283
45.48660736814546
13.178158797945782
13.148462000437753
13.11873637212805
12.783244451558042
11.849034676049609
11.617865254169484
11.53689415776241
11.53930557422679
9.155231324207596
443.1141690564864
431.7038160406814
427.81158517464644
419.16191228187364
414.48746422865247
414.79233635827507
408.7908428213106
387.60837335496586
364.49174346424604
338.722023286842
326.49252684621047
312.5415557793471
300.9888734325096
288.91207515121016
280.4655517434642
290.91724807422133
259.61001055610785
240.42875002918686
3.8596784246778983
3.2485108377051493
3.1791288902184958
2.7817402393910413
2.736999249476071
2.7366732648504493
3.3845064939582308
3.3594492444387387
3.3572968990031256
3.3556198469300544
3.4855166898992955
3.4879322486775473
3.50368059895032
11.739682674745353
444.7816141479545
436.9224848082626
430.3964235316199
425.54942352699186
418.84846157319987
415.4055434798675
411.0045860873095
394.5456781149525
368.0525470984516
337.747710628892
318.3573872798507
300.84834374566384
280.0490702299024
268.2340777650403
250.43579223368337
233.42775838240786
211.4525817015576
173.75726616262565
143.68492940383334
97.2138757127696
40.118721758040145
27.28099238650081
26.21902418047539
25.993279938009714
25.709137239653028
25.452998015692533
25.13852350822118
25.057974005728056
23.72681617265768
22.626532564291338
448.8193688275043
438.73354208793256
433.97442484335323
428.17645652660997
422.7432477655298
419.57216053924543
415.94401141743674
384.0270115621036
348.844073108579
320.39194053796155
308.7417260101413
297.20224828124543
282.4415723705776
259.39287311515835
234.82644741568097
215.20689265989165
136.8937698313122
135.72639504322512
93.25247638771022
18.786045025572474
18.63409310201725
18.646469846311305
18.66471741455561
18.67187940021793
18.668796552833854
18.653712822671853
18.648169780039673
15.377580176058956
452.2427504232616
440.6171392820165
435.5860924555585
430.8346859754847
426.06693478936927
419.4324080172719
416.42762983415685
414.53023111942525
390.1495909244746
362.558733248703
341.9962487705307
319.99389551279086
301.1001017707266
287.2318848873727
277.6544471469221
264.6447604902799
256.8145662381601
239.00527591838696
199.3383853331096
157.04322482711157
112.90488529365729
30.502198414324788
18.92991987566004
18.731672741818244
18.534245256750715
17.183581986618936
16.932126017395454
16.873474561558726
16.77883413839772
16.534044075249035
18.04646606441412
446.21336003674617
437.4121526098594
428.9234836361863
420.42132176687846
416.1601453853869
414.11641663823997
407.6884064538169
383.208945371502
358.70619270605374
337.0466683494648
322.6793643116203
305.6127691656037
294.95033737871734
285.17282667795473
270.03342290887934
255.85991423587822
253.63489981010952
194.1363306654334
105.7868637088726
96.42400608890298
55.99401299356058
16.209109876113565
15.713113148263595
15.66332450636256
15.663719042752271
15.673632480359322
15.664714352088986
15.312450009165474
15.311534053731455
15.300152750958507
15.251864326787617
15.951539338799185
445.87801361096854
432.37152994943125
427.0766793907066
415.6918914181741
413.1044886363527
409.2920280991503
383.98329720428046
357.710416705841
334.97984657962684
323.5267933040347
306.14191934023745
299.114627727259
283.7236189891925
272.3383808618877
268.6605979117805
253.76254218549025
225.08078625609667
209.91282807754732
159.78289352630773
64.59875932041773
23.156841679068183
22.25190590362537
21.872105096388037
21.747690488337206
21.38588539408621
21.357074979358664
20.918704725541318
20.42136894440479
21.555422538436826
447.25560588547717
438.6919764565325
432.6335368968199
424.3641472124384
418.1761935849983
416.83199906734825
409.83330327291895
387.4824367073842
365.9621083611206
342.2624737296317
323.77338270458137
311.9007823038146
298.58936225448474
283.9821709504144
271.0697461407497
261.61529386081133
249.34979469607902
220.90211185247853
166.5589733460728
130.82869725999103
70.11923966085843
27.71940570264095
20.96845724198716
19.642449784338076
17.28189576191339
16.566321482528
15.770145099153625
15.067469504992353
14.08493132072238
13.098734587327906
443.7997712585586
431.5569568757317
423.8158149024703
415.562781722417
410.0692752990895
406.4051080933667
400.059281144944
375.34965981269244
340.08849236277115
319.330436005762
303.11963915954505
293.31541685013883
282.17050178998903
276.64368886907187
283.62444519031015
247.58631798913655
118.34457213915617
116.0380110535753
106.508954314992
34.33474492539214
1.273653562671622
0.3293741781141763
0.31159825735652086
0.7347566334982676
1.0018838099174903
2.1001891139279434
2.3898582870844027
2.8528874115011877
4.307228771420463
449.8606936302366
435.3791505016822
430.12100502630926
425.6529700635729
420.637759484174
417.2103402206313
414.9841230572964
390.10207283854425
351.43846316049905
322.7204080423416
304.06603518580295
294.08516240148793
277.8295685810841
262.00971894709437
248.01292587750694
226.86842887475765
191.17319651726265
134.17785371436798
115.12427214898257
60.38203793554579
14.9280314377894
12.95653378652693
12.667631401458586
11.484646533581659
11.471981120810582
10.64118924249152
9.968492593901074
9.896683333811733
6.893033480214703
13.4456806770223
447.725593023588
434.22712651957727
425.7928047074544
418.3805364422232
413.02003201320815
409.42019759162815
403.68211357021187
386.20552882415967
355.4967879806162
333.49387089603346
314.4284984153852
301.9223313818469
287.2567722660222
275.4192417498944
265.8528087863285
263.91400937478915
256.30475943894237
220.57836243511773
197.6070810392884
125.92676851879884
18.10382202561019
18.0326250507178
17.81574118883542
17.66408315213831
17.58428689765894
17.400474890098753
17.381484516688293
17.440606270166327
17.428388315309743
19.274049776250152
447.98810691226885
437.70783261456285
428.1303977160895
419.1274646481782
417.6602247008097
413.838971078763
411.9836986372015
393.9060963190736
368.4535082661828
329.2737180045327
316.4275928992031
304.25193443486285
287.8343624300028
282.289068093837
261.87344808157303
234.73225610846507
211.3314939927733
170.80815906291224
128.61510549791194
117.82755536729634
70.72644218712868
30.674145306823398
30.726797183159192
30.979006649824257
31.006253318062424
31.069335613672646
31.079646584067294
19.713022418888492
19.084048163410838
19.05397002473886
16.442736869716537
445.219373308947
431.7242151570938
424.4024602368896
413.04468873859093
409.80811322413115
409.6239571372335
403.3319751552844
379.7632134473556
353.41168429672166
328.27583258729294
317.6066614647877
298.3173493974602
287.937705017139
279.7168110068583
267.6857965359368
258.60849578319915
259.27131792929
212.6427436589
204.8725311510276
120.95555896083312
46.2792891880312
23.334068499776524
23.300569007523798
23.117736983332545
23.09378592558672
23.09910357107075
23.106516312614154
22.938559274322106
22.82826300941864
22.042614225984632
22.695693378483362
438.62075822204844
430.69802261684566
423.45980037573054
419.8322163224263
414.6888923346451
415.01089736171406
393.6077456898157
373.537212798534
338.2667782835036
309.51544353691764
301.270539783588
288.97850740220787
267.2418850339978
246.74413549082587
214.60306178711662
166.3242652439934
108.93782162572906
95.2705113652346
67.43681315002485
47.71620168941969
21.911182137505865
21.88313920835216
21.728349055450845
21.71655383033524
21.71172077569916
21.60989550855752
21.603598789941017
21.513022682132522
19.589418749652967
445.07440351614247
437.1648180696629
428.94061831489313
423.4179521717486
419.9612124517711
418.900033345637
414.3139176534307
376.99192155844105
351.97134097559075
325.61033551235494
311.30148352996883
297.3708618986797
287.2506429605609
277.3484738929924
259.0356559592178
250.52076113619384
227.22181005114786
196.34479977866368
171.30236206601435
154.98797118935627
123.24564440624457
32.87426015364813
20.90250508317435
20.89326528825429
20.880038649347636
20.872037683466903
20.610569809542515
20.546191217954686
20.541413174124703
20.295787228459528
15.494486881196961
446.7364046648845
438.4745300378854
431.3912410989617
424.75641512826553
422.24403796147493
419.7765042334125
420.4661287546601
400.0145389263401
382.9675972755643
341.7002121375438
318.5985959871179
303.45633589295124
287.6177409486761
276.725223687932
259.5443639934839
239.47738646977268
226.84672182304283
173.25587334923136
138.14180821153474
95.27523328010065
63.571737122014
38.90141196507121
38.913758223003875
38.99141906188663
38.97742433118035
38.982203832017014
39.39320865509025
21.0543678735066
21.059293001132357
18.130538966103167
14.383159589185674
442.21955736227136
434.5091985611094
429.0241382509445
421.01034395276815
415.44986483581613
408.9432919620541
402.50115450082416
378.22732398545656
342.81352288199133
321.12440191733657
306.81128524015253
290.5479159851799
283.41953958267806
272.338821210908
258.5482919806352
247.82781222600818
242.42000868567908
213.42815347515176
147.78505056827353
140.79255839537643
109.96926094049934
44.05477585475855
10.511384677192963
9.836185357058945
9.186918872004284
8.973922016536413
8.524659617401465
8.45252255465177
7.939594390123252
8.06889868799153
10.882698918810785
446.1422744338993
434.6451985077087
426.6456779172996
417.0720765478064
414.67725475280946
411.82616847995644
406.8348127425441
389.7789150367922
357.91643622608024
321.4466191753169
307.19227393826077
289.6806987950933
277.68259374741854
261.88127228338715
244.8806535943528
217.73369633460953
177.43031490835827
170.31974330320412
118.04319842895727
45.92018273683357
23.179160616875414
22.965334458761088
21.999429709301882
21.239549923733865
21.037971138263412
20.608855220219017
20.59626539803115
21.249715753029037
23.848752130964055
