415.7143116702171
414.5323635979398
414.80294762070497
414.6096743427012
418.97701318698665
427.65930613955305
441.9835567404338
461.7415103859336
430.87961573691734
404.5056453364914
372.8641115015398
367.97588115747493
359.9433376305354
382.4690851604959
353.39415551654923
276.8063136501748
169.96220420150763
77.2885627361367
61.05000002690714
44.94853671855573
41.13044986001741
40.8379608679059
40.74092024113235
40.772610814847624
40.58599777714058
40.398210150117045
40.21648131285402
39.80847835717856
33.79597965635541
12.913622208186233
6.361160499566364
21.233914295504437
21.712219408746893
22.403096186735606
22.532185759093842
22.72354890900547
22.95358773226938
23.299781075546203
24.053770698341136
25.057512297401225
25.496195842979017
25.975148626930665
26.580004479636308
27.2530831755442
27.32758197687762
27.256359888752232
25.687013905426156
20.401041728207606
415.4420114708892
414.6107623585668
419.7079120483126
421.95304168619015
432.5377308401532
440.7455147860603
452.8674020468274
477.6047306392058
508.97391771915613
478.5196168976009
436.7518599142667
381.58779501201445
365.8486505430005
305.5918244788157
253.92654093280407
137.86144534201193
114.1975965892861
77.91897903837389
50.511970334419594
50.492985606419765
50.50200023675357
50.42388764371063
50.268526801887354
50.265828387877704
50.21551626976578
49.947035408547684
49.77052044577922
38.1613619770978
15.862554691802062
16.267982758212703
16.352366032791586
16.37275513595843
16.57023833014153
16.835883320290513
17.163819323145198
17.633469031626106
17.66124810475957
17.672440626236973
17.716857715059007
17.723721787743415
17.712144990068715
17.717343776865896
17.729041457632476
12.55516612612204
415.33646632822933
413.4987151952525
412.3509031598328
414.3843182668055
419.4141312048982
428.47274750510707
439.02066299322814
463.24084557599934
490.9465600326949
460.3070724109517
416.33147980253733
359.7710636439671
348.6552486158414
294.6905653850016
184.67419403290148
103.93534307111105
77.07234314915574
57.4130983185919
43.011375119730374
40.47209195156897
40.18378171931048
39.88437417958685
39.79401481100413
39.58859898953816
39.4669441484147
38.95745458300084
31.872745948530547
9.252349346484099
17.054241755617717
17.517207948899397
18.01164749603369
18.580052852980526
19.53410387154461
19.732928889226603
20.41959226952365
21.34056069277483
21.87083221508767
22.96575111406528
24.117149796193956
25.656352704151562
25.721115894806164
25.814189572723937
24.821728176597844
13.085898005442687
415.3222597001093
414.3140371568951
418.56680186339804
424.49962188162885
433.0483861103846
445.4647655885485
465.3281892667436
493.6018406611538
454.9451104913957
421.82009847791187
384.45363837495506
365.11582609939336
361.1797892881919
303.2145357165075
212.29862641680202
93.55366935378058
63.92810047634048
46.836344230927224
36.143960766706776
35.18365324589075
35.11386761324441
34.88678152935474
34.63739543032078
34.548032264489144
34.35041774057629
34.353786970136014
29.438160444114473
4.6484036290137105
13.76318335503744
14.157200361657319
14.982245857687898
16.07165120233681
16.283520860785497
16.57273513191887
16.987614964677455
17.19174680271975
17.285220271379576
17.51773166040723
17.575002213170034
17.986284871964536
17.956293114760886
17.90221659901226
13.319257074348249
414.81395317594365
415.2471188312556
415.2055865503076
416.1505710476982
419.60623100333913
427.12410436325877
438.00745447051725
447.67075254062013
468.8087513441548
500.86884359293947
482.71974178815907
433.76930960318015
391.11641151667914
376.35177487878735
364.24162630029576
307.2468018899892
219.84331555333742
119.6271583211809
92.24494494513142
64.08806092937988
47.08799069212708
44.67030532452547
44.49138778231905
44.42941299982893
44.35005058071634
44.07023571953726
44.05304018540478
42.643582614943696
25.694166666177356
8.322520658542407
14.379967577043496
16.7545205625733
17.702362233930693
18.421976463551896
19.305650164470375
19.906929576267505
20.632749049913308
21.15259179702752
22.51861430443507
23.455280256902345
23.98055257709342
24.037724741293406
24.05718749033589
23.443002769249365
17.924605815333287
413.9890957726422
413.4376799322859
414.02176463769194
418.11183040970434
426.66954929282775
438.18013928265634
450.0420718441113
475.4012661159739
514.7577655935995
500.36275712626923
462.38928394550766
427.23091805961917
389.4309374012592
366.9564677214363
301.8769539759119
166.05692899074796
102.16941679596991
72.87822365914221
44.09921498115972
40.841549945819025
40.85855722455198
40.82631505714133
40.80358897185731
40.79703792297826
40.79503072952116
40.7501713722517
40.37836372088878
32.63614658187196
13.614489872834552
12.008629558816303
12.17107491678687
12.392354512677493
12.596017773790308
12.6235022790639
13.057069995499964
13.754135999078382
14.190542707104738
15.133211527831511
15.801348215846032
17.258358215869926
17.229759910245942
17.172620716166094
16.656791547832572
10.778034949230067
414.592979358871
412.9656436748393
415.007305424959
415.75056167343297
420.5763759622496
428.74651289532665
439.2295714846804
459.05857215672694
476.5811445514672
443.9294910463404
407.7308164009738
360.99038793076505
345.69765485160184
335.1646017181937
280.25908376631065
207.0691994779488
94.69242274926323
69.29006146921222
44.45969826339487
37.51256582463281
37.419485941994914
37.31068867498785
36.98429058245515
36.791559390046956
36.60328988327205
36.4240754120358
36.33985437448294
31.96975808576655
6.91085464841641
16.958991420709697
17.84112812793058
19.654746730803044
19.71079399914145
19.81193647221157
19.984730039656597
20.03586913252694
20.056285173601996
20.0915131164213
20.139553121128365
20.12795926012468
20.157691544332334
20.189529275802606
20.16869999463108
16.49792420454397
414.03003579719547
414.1504829415502
415.67854659830886
422.77997655310935
430.1380799420269
442.51731620075975
462.77583624873046
497.58272379512067
481.0037557253951
438.10245727502706
404.264440141861
366.55435626284117
337.55583548090647
316.89792146650575
230.5914495257635
110.69702605492277
70.66274970427
63.68707215479864
52.49605324329576
44.56330988124009
44.70154497321157
44.70103907275724
44.68910361859255
44.67227578470817
44.8266771741053
44.85078055632787
44.833645126954735
44.81998660251593
15.461431495867844
12.959630458666824
13.269916333073995
13.270538740294702
13.513119954656807
14.141699608595172
14.146191488153898
14.248743139270102
14.448634113411584
14.454623554095281
14.926841242220695
15.077154196417915
15.083254643029264
15.066082583051474
15.065878188071993
15.047027053241603
5.444318722965136
415.2205593076792
416.08041427686527
418.9085541315288
422.6023076213485
431.2306544608585
443.96703525308766
458.31945216372327
481.9896963197675
446.419227294889
404.7037976296869
366.1708216932484
347.633618929688
334.297532208259
364.0100463742608
326.51864792122467
276.6392282756181
202.8073336247291
67.60806294740175
58.218894247995124
46.086553356095436
44.341210425582084
44.35628764482422
44.44154561540499
44.477505335484956
44.47245866835646
44.54347916452227
44.58896323921115
44.57712089691561
43.985357940747114
29.73401983937978
2.5457426759195525
22.136591226999887
22.663811788366562
22.927726420609304
22.953507409372776
22.99612103656276
23.102727351196126
23.151942532680174
23.115061113095493
23.22972976071293
23.449619376620337
23.60619250178731
23.740477273400607
23.77826059524647
23.782512001881692
23.755361189992897
20.11303611147566
416.9124582164868
416.96068264572534
417.86951236580984
419.6784858345191
428.12575103199174
436.24817493522727
443.88790397126854
472.04312357192714
447.2154997036873
413.353089619108
383.20883509842537
350.0319162755437
325.9929889823589
314.5922788573038
243.3111217868078
139.01229891959215
109.49390208447517
94.60537544722779
67.10899448701238
43.531012323286795
43.22379232518649
43.11154630314836
43.04849256277805
42.92375551811143
42.85900444647981
42.86103379411483
42.81090233696111
31.56672390946684
14.239083038903336
20.89744641744981
21.190783825764548
21.297336270411133
21.318309435279957
21.427205002028423
21.731587602966073
21.98579607943748
22.401964708595134
22.510249591766872
22.77778744043208
23.418251919529595
23.433380053129028
23.474421954582137
23.399500156035565
20.123780267006104
414.5249080348959
411.8277367569437
409.7805103711288
411.18767018850684
420.2682805328101
431.3636693238717
446.65790982402524
473.46457028659995
448.0450090699851
406.5453590340658
376.2773737771253
358.7973772096649
346.52210865194996
290.76352292492606
209.8772712009815
104.61949298134563
80.90074162997756
51.683672998504726
39.59970681143709
37.35249105102395
37.32912566088409
36.97861780497381
36.86928434719592
36.61771620759315
36.577175343989275
36.54055071428597
35.867969279444985
27.10822540922159
15.034438259473545
22.585132749253756
22.897066266529322
23.515513485554955
23.635857312493034
23.699257938267742
23.838864942814038
23.84055081754444
23.974720457905306
24.033073875624712
23.98168268479558
23.990813304229352
23.979734023294764
23.974828263384182
23.98557177618299
19.197673250986703
414.8564824603668
413.62616734221643
415.0174706908728
421.79128946433366
432.62760230895424
438.4660974354925
451.1345577127804
483.57105082528125
448.33236476839716
403.5526853265195
376.37562111719075
360.40631257467896
340.05126778595803
294.69423165292295
209.4649652385566
101.9661956613646
65.99544259056962
47.79100326707745
39.72702336324539
39.67647223124751
39.63736576034592
39.57528621359855
39.46606507974863
39.435086246782646
39.48457489830013
39.44831538932135
23.674129062631273
15.682854760054951
25.644925640789374
25.67903613674318
25.69331977761605
25.713975405078525
25.76289998668519
25.795765104406115
25.777010771157695
25.776224005493518
25.788953966564517
25.883352176870588
26.072528280977455
26.848561864281866
26.94061953884759
27.045373602658675
27.001407157668265
21.991211651277514
414.44350872617855
414.8021405049086
417.4928022853429
420.647097939256
426.32486922137554
434.4950309364284
441.4339791230139
472.73662954942046
446.49721592329485
413.2037599259213
373.21418887815895
352.17893540391583
356.2347317783973
324.0837427761326
254.0332708261116
121.96840747238966
74.82077567978175
57.78817124985584
45.39611929597708
42.44294324910583
42.422774462525844
42.43511739903066
42.37246340331738
42.26141239754235
42.25059286472672
42.28563473345735
42.26064666233096
24.907146935815213
15.187053373337852
14.76165385758641
14.743099012358204
14.885845629761025
14.895352244134255
14.895524334845325
14.869856483195974
14.897231921789746
14.891191145456816
14.874562940525152
14.864169192901786
14.872919409584686
14.871477983934204
14.898935641983352
14.911024382559052
14.414833760513284
415.5646758488324
414.3405623286147
417.24567531308287
421.37306521641705
434.9729944110856
443.4790510428655
457.35572988792387
487.9845744011338
451.21361727392394
423.16495605947716
384.71684933764305
372.24209520136105
376.4661918102697
342.34421988194714
232.06171186383588
55.876412949896306
48.73540174968732
40.94069079291456
40.488100144382095
40.476894910521295
40.481716962383516
40.49023285920153
40.48225533096096
40.4791775393108
40.48467042079018
40.47212057639526
22.569740511037626
2.5537226868419203
10.403405786649122
11.463749364067988
11.44459412489234
11.851030726853528
11.84081552104376
11.818962927240516
11.82284965129067
11.863099445565181
11.864660214459372
11.912701061352147
11.885253722757419
11.931788293888319
11.942218127473584
11.978428911376463
11.97889585631754
11.952651309957503
416.4165795022202
415.3982377037342
417.4036567483292
421.9732721698754
433.04637345372976
443.51974907262746
456.7489294963656
473.17736788071824
439.307416331866
413.9888485556026
359.3327303919247
348.82596903406835
318.77869368448194
225.03741630980733
163.00431293220694
87.96561063964705
67.84305754444645
46.60360048166698
38.976839622690335
38.35331003129731
38.08923913481513
37.77208478480816
37.47609445254396
37.34676629703177
37.134132754298975
36.27121587102362
26.206950681654583
16.591960326462203
23.517181359087132
24.199458646479115
24.849928255910804
25.55930701606755
25.8406268414383
26.29980330129999
26.999957945203192
27.445489039041462
27.79998241655078
28.50302855694381
29.35825501184344
29.39376071685731
29.237863318950577
27.01274542786101
19.223045226428138
415.2821064344567
416.90378028739065
419.7945305287314
424.13085073519755
431.05934106990344
443.4396848336575
457.74314923514004
488.7283240283017
452.0865586510986
412.61833197098247
384.10184961966473
374.5082901312422
355.3539858808132
358.42656105182357
296.9994331942956
212.98270767419254
55.87632574524082
51.46595151609657
48.47226336107844
44.58174645447432
44.57602908912374
44.590029090504025
44.58464413566368
44.54644305427956
44.52108547819332
44.51042264962986
44.35501479686334
32.71869559154884
7.397279930531834
18.49771908837933
18.934651653369563
19.389435852326844
19.426926526562596
19.480138043168793
19.919580719014196
20.3989687773312
20.50615238631167
20.848895014986052
21.204748147933792
21.323768939353663
22.54662807489535
22.570878972937034
22.577233715329623
22.563629357444377
17.378480214127503
414.38968609023556
413.4833566193274
418.40529832077203
426.0582082282713
436.4342969224608
452.1094324568309
476.0506564655375
442.05387264028064
403.2996436011174
352.4675145849245
328.91746238099455
310.2120676239295
253.2937805150073
108.79142670812986
79.64111342736778
47.721004802512184
42.34457066126062
42.26634777986152
42.26415514893589
41.974505999592076
41.9576969716796
41.91603092169836
41.8421965871541
41.301564866436244
30.759055763149107
14.252641782381279
25.581291351192665
25.89557624271442
26.33961824453408
26.52882915228094
26.583459463586763
27.21832095283417
27.8962445655176
28.00868582656656
28.2569920857708
28.729444258912757
29.108488612572497
29.205713492860962
29.261437427686225
29.290595050862628
28.909019445882397
23.737193984957614
414.6711769811969
412.92757766143455
414.8157303965889
416.79799884374216
422.386719237012
429.10857421541124
438.88449060884784
456.15946936301606
480.2826613510573
444.5365437586435
415.63246017212236
362.91057011722796
340.70434863181634
353.9323457541742
314.54350080920324
212.26790382109357
76.85845729727302
60.57326134796891
38.24581980144039
34.97527838684014
34.986667649071855
34.98830906696646
34.890957952013615
34.91524105025037
34.91994043824566
34.78160939498535
34.785818526875936
24.047713993145283
6.485818883212172
22.6256559964938
22.611241338907803
22.61863888068874
22.709876318363474
22.708324595447912
22.71781866144392
23.32094150614338
23.70644928362501
23.83061905744727
23.839288587743233
23.842843169364368
23.833138146463995
23.848541645816056
23.825256226884115
23.793439981461052
11.440314371635411
413.1028803643277
413.346651841294
414.8130510791959
418.0853084616601
429.3446475807907
441.67297806492525
465.27621477968967
499.4062102646987
454.01052765286386
422.0172671390048
379.2020748361154
368.9884507076272
351.81792939859224
286.82541147474296
131.67257511094252
77.0161242709345
59.31709961516337
46.50716645660986
41.98250116326202
41.92811282660787
41.87161926208791
41.77060251761633
41.67165228658266
41.634325794040414
41.64736977610708
41.445495638961084
37.90481451624968
17.857480007522852
2.4499762576866586
19.21834193093738
20.605516883499426
21.35527672728169
23.145519014030896
24.704400524719222
25.242341422167407
25.271583642632006
25.611655037310722
26.20203262702237
26.3622650484771
26.72820713673704
26.873933030639623
26.892035055549112
26.76652989890238
26.016820449706387
16.979684933378437
415.1117683196592
416.49469448546535
418.9956670617071
426.71446958922286
441.6224992264312
463.33352745809333
495.71186655590867
456.29507782328
405.0364539192311
368.87351762047314
350.00144357816436
337.7492473376159
263.78247669307297
142.74601014714884
87.23061258237959
61.802694102176936
44.75890586823446
41.88473512555971
41.58965197791632
41.47257667529333
41.401228288485825
41.42433090195889
41.33153131153477
41.32203380512001
36.36508268476361
22.03325660372906
15.119971010436815
31.560310661045246
32.656515487757176
33.293090260591754
33.643549607215085
35.50645713614732
36.833796221181665
36.89759404020004
37.01994891733455
37.11365427131587
37.49838792966691
37.56869306887542
37.540290618511925
37.51450229792853
37.47968726080282
35.63707575168186
27.92863939776998
416.25284923530285
417.1858044330928
418.6209120588542
424.7632082623332
428.7167675031855
442.3965524926799
459.21018543597245
492.8578204644759
469.87647596464245
427.6148291557661
376.2048966635321
353.3725370979205
349.1528684184413
306.1590594925781
206.81057273610492
130.63070935467542
89.09415226151567
72.14966782207622
52.998976235869996
43.45691122286336
42.392926301480166
42.35075354944297
42.32610310903707
42.40666233873859
42.400072481040056
42.463750115208214
42.30283406886848
36.3582030773239
12.72448770177442
5.846051366998645
24.7707277094234
25.418016314319217
27.290193867293432
28.176011301619315
28.479174151174295
28.51399783737533
28.655015388628783
28.78783384294197
29.092176159857623
29.231365204123858
29.686508141155613
29.869483777506524
29.796598504700803
29.089531842246387
21.095814650664703
415.1399519394149
413.8646049312355
414.9094897731689
421.9187621307898
432.2577487791558
444.8139793155959
463.7160555499213
490.27759617145347
448.5056162634306
408.74630032090386
365.88503455490536
342.03751850263706
260.2790583018233
154.91073073819626
82.45215605805085
49.67570986006461
31.053432553249056
31.01565375719788
31.0106442569547
31.00490548944364
30.993628945449736
30.97754768465776
30.96433878885905
30.941426048043606
17.314526619014185
14.420366695109276
24.169735207077068
24.676390623839602
24.665089389633767
24.680475258750104
24.823811682570383
24.873009472398333
25.117719344223577
25.150217402566298
25.21964342131029
25.232686249877286
25.32330336452357
25.800084345730863
26.09157096624973
26.98744053491899
25.944771170959317
415.52522440665297
414.3539438325162
416.078619563391
417.59150533217985
423.64980835489183
436.5148010788178
452.9086633933882
476.39542733236976
507.143114693222
492.0393932603661
453.280403444993
405.7217148707889
401.59408869744055
400.72447519962606
365.1605088788357
274.2139865839933
162.27897706033386
85.25592165221441
66.26131523289148
53.05617578544064
50.223430371176015
50.286264859224545
50.308201816030376
50.32188431067869
50.32194246871604
50.306237304055585
50.319645103060786
49.2283854779137
38.542465826976255
16.441786664644404
10.225028292621552
11.036250098166132
11.972855854951888
13.09949656474329
13.544042954391912
14.57777800968083
15.658762175709024
16.620890759934987
18.18442142246401
19.50085672509493
20.074631152256682
20.84131508038771
20.795056280774702
20.853313925143084
20.737765159282727
13.47175495373966
414.507919897798
413.4408872576885
413.87872962260445
417.99928971641884
429.6871812877704
437.7680596205959
465.44607409319605
431.2104911564027
400.34733069781413
350.0582442402799
326.74687067904864
314.53695654354624
241.68048370387837
140.19401562819695
87.02083768369444
70.06765498350383
42.03574236118135
36.26094188624542
36.1804020051528
36.14152842871096
36.01608326615131
35.71999451804943
35.53234231956458
35.35707087572922
29.557150964236648
15.248061240474332
28.979906718998837
29.19397731912114
29.49764952257245
29.89096531721057
30.158682413101374
30.52514503720284
30.890944092140607
31.528970144338427
31.83557208334365
32.27205917325952
32.56575559086626
33.229016360403854
33.24796809612777
33.292001073127466
31.691070795109823
24.12301506593379
415.53920941184157
413.60933320565266
416.87786935630885
421.6360263505162
429.38241997163686
438.3903594721482
452.4240527808256
488.4236974646251
449.2110047729323
414.0682746650611
382.39792525428714
367.50574971445906
358.27319517903305
273.7878291195501
128.45538908383062
85.2447049933053
53.21651680151588
43.49285492108112
43.48515832641036
43.52639146024709
43.550418513077574
43.55264510419056
43.54487138050583
43.57052565441616
43.50812074996816
27.546366044509625
15.364862496230604
16.257288872742933
16.577200439533062
16.574876143231783
16.559505756827676
16.57087854250456
16.564909252561225
16.552468086100244
16.67041728935546
16.721317162968873
16.842966558362743
16.872677437993335
17.101113409124164
17.11507883871662
17.12044323009504
17.119669039307176
15.368334898052415
415.5053957333658
416.6328119904086
417.4138919500039
420.30067918740116
427.6578916469298
436.20769918492323
456.787383379776
492.3953663121807
472.98021989136384
445.5153388405474
392.6654642885793
378.2060098987332
307.96014042642156
244.49931602855096
139.08608181105726
110.16375112940823
73.48830371402956
44.69458066775847
44.35363556830203
44.03865309998742
43.28287957846997
42.773166086187985
42.56943061969365
42.412824243438
42.106917100342706
41.46837084621245
29.657396823008185
15.221143532638076
17.32540043737193
17.379816643847267
17.677777618665488
17.76786113876047
17.949415511476882
18.191043180902444
18.302075230158554
18.313369799319574
18.40107936428962
18.37495690162377
18.692735907683417
18.778913375347162
18.922628200886365
18.0635464491086
414.3384990371658
412.14279181239743
412.8764838850487
417.07817956451555
426.41025771041956
438.07041307426533
459.42047750177073
494.0090161735989
462.22584073788187
426.292963378424
399.1647978805038
392.0666439600285
346.82720621055364
284.0188304806609
183.40308271714693
120.11456673912933
77.05814743008943
46.61399972461207
45.91538807344698
45.70061161251204
45.61674300956471
45.27414451695144
45.256227456086044
45.13020640436964
45.05173009351907
44.468465574937476
25.207760101612557
11.640645005232196
26.487221742860186
26.907383577585286
27.417698843014463
27.488121187177203
27.669731139982527
27.874363114558268
28.353599799535647
28.96312856662825
29.73719557651436
30.29693043017102
30.83996167482108
31.832931796292062
31.927503607273255
32.161159279263934
31.90043550534175
24.415935724991403
415.89146876802994
414.8307419170221
416.20622376880385
420.56385118027555
432.8358984638589
444.6697730450775
459.1771670424352
497.7855667154843
466.18393355183673
424.72710560705394
388.0571547543605
370.8758697159388
311.19353093070805
210.38925898323632
115.33283707467277
95.98779172259121
70.08478499399219
51.07187281074476
41.21256726418675
40.81611961461038
40.80577546162002
40.67457583505654
40.61118350311812
40.51421954641152
40.47507577563962
39.49164447480939
28.323751080302245
9.807668197420526
7.038072387896076
27.826465998931923
28.842599141392434
29.64124498408178
30.502664027437064
30.907301781941698
31.35919481249492
31.884485037168446
32.02660783230071
32.136530545048245
32.18720951676265
32.31894394663936
32.38396725591739
32.40122929198093
31.36538110320646
23.412180700494357
413.96466264894013
413.8282694903544
413.9071036617407
417.65692659428703
425.1021998291925
435.3712094629635
448.06419251453576
476.24557072197723
428.8172477989277
395.65627173783
359.34698259821164
347.03073963537815
338.64272244225606
268.58409662619033
180.18908945392525
85.95129207008624
69.62507013164912
37.9723668761416
30.458707652527497
30.241749595961927
30.349087991848354
30.29310607979758
30.227951615305273
30.047674604272334
29.738518927189254
17.82547052352847
6.543567524037021
24.60672821679225
25.169346927933635
26.87336327806404
26.979789859525493
27.149327700634075
27.384602440067823
27.625384856928573
27.76926461056022
27.88055178744749
28.451241088725634
29.34748819400992
30.27553572460535
30.344897743488573
30.409743865793377
30.42606104583819
27.25211581332208
9.307768012569245
415.9994413824833
416.4150928107157
416.52810331177307
418.89058835573513
421.4511770390033
437.78493558129674
447.8428228270309
468.9273739656961
498.2393830000309
479.1884914642781
437.6646726141353
400.0828732083313
372.27366675725943
306.55198146305065
179.52629749858127
100.79303544706727
74.39647218143159
57.17666426526905
52.22882261415704
51.97251019351084
51.91099189565833
51.70701980480041
51.61359596371563
51.364005104885024
51.254224925000386
50.692050389452326
29.582539354816078
7.014360040590648
14.916587505374563
15.523018322290794
16.05740495918111
16.64993137371468
17.325268399136924
18.008212115701383
18.806083143496995
18.973287227551417
18.99851909698233
19.073994378456142
19.106086831352332
20.848487752141445
21.017532437282465
21.273708390038095
21.44332269504136
20.571208608844366
415.2616633677895
414.4273986884664
414.22107099954763
413.86435119470656
418.8898560889388
428.57085773814566
436.13100929243166
455.95865541288725
490.12111780603766
473.1822685871618
433.62005878658346
397.5101137731638
393.2308472378429
326.8645667628945
246.04666140394417
157.75832969900645
98.5690900244501
81.80227226132683
47.32011760531202
42.205865893209534
42.192585844097124
42.08492554021155
42.04013017314207
41.93152426972659
41.72588317180653
41.7066041520482
30.971449986855834
11.391159511215083
27.06418202655974
27.509866887272807
27.634082844969534
27.817372498247217
28.32836523079745
28.40926981784597
28.82219968284401
28.94165246862134
29.2047084889576
29.235717087612805
29.279763925642108
29.300499400346762
29.255638695538053
29.240414641102788
26.325861405967576
415.3195798784852
414.1389069457072
413.14535549929633
413.2498663322874
419.0095306092941
432.86923309324334
449.9423601507009
478.22990050171694
445.81558713116306
400.7266051628344
360.0854462766768
346.93192644252946
329.76136175425535
279.154400549484
167.5106722387893
91.6628425713284
71.75103875901212
50.83047280590434
36.74417646008989
36.46732614452321
36.17799012504213
35.93898508186791
35.78868008164006
35.81011258722545
35.65426065735322
32.77188829281807
16.95755999177869
5.849022379036079
21.342651299078653
23.861608154054228
25.45347822883428
27.760369487197607
28.71884402807955
29.053086939458048
29.963549987813472
31.033517018557323
31.488791129968202
32.97920710897303
34.068064865318064
34.71909501418261
35.04206296279363
35.03717360620266
35.016961160363024
34.79150607795255
30.625113238905072
17.768014169752497
416.3268923676278
417.2969021361244
424.32816359885777
432.8724980269067
442.36928234716174
454.01988107395596
475.09732948754345
508.39116287005777
475.8787836823298
436.2697785229601
391.74057422101794
376.48873340455947
371.62609881870446
290.7200618448758
173.01271885863352
85.35721651294394
60.677104662570606
45.59100422611726
37.8242091902847
36.98002566100046
36.92671768769175
36.846893494174005
36.79316714633429
36.72997703115242
36.64120237137125
36.60871665022519
35.746030301138674
23.992344081399246
4.900545424355925
18.552343305518022
19.350050889166283
19.761926289552097
20.23111199748147
20.37289372476775
20.466004779026044
20.586634565172485
20.77394804831598
20.93585365716409
21.033188724269156
21.167470419449558
21.41484507795848
21.424222964400958
21.28857348872882
19.012221978558067
3.790626180824203
414.5885047269954
414.26075588583365
416.31882842114175
417.5180881829185
419.54396006512866
432.3706931743597
440.8335215266145
476.34892672943766
452.59710227434095
432.3761425344593
400.486940671233
362.5870902132574
351.85377421304594
334.46824064895696
268.0427184002544
145.72734148034135
90.4049090223083
70.10170081945347
44.31390250101349
36.80901464634091
36.52912974094375
36.43650311636719
36.36522138554711
36.25605093405808
36.14141670025521
36.03242618304136
34.82089366496043
29.262119429194406
17.586660359313992
30.897542753373454
31.80836125334138
32.34620720782428
33.07371657136444
34.419509037381964
35.00177447155403
35.31455461559725
36.01229651285354
36.295416422797196
36.53473102906374
36.826749108691494
36.934937705194606
37.0675372118628
36.48044789295187
29.905239236020417
