417.1188246429921
414.35868050776725
414.2155390417299
417.28051617886246
420.08207251611833
428.2831406056011
448.27972287181325
466.3706714334733
511.0046056759236
474.88025033400504
433.8132131662119
387.8289893212188
371.0991792651292
326.5176377355925
265.2921712193563
109.23178595601817
80.97489782853876
63.4272270346789
40.62456638880832
39.556499668449135
39.530800475688636
39.26074873462004
39.19882905332807
39.01310221325775
38.99652089633934
38.87131283522914
37.64341285359055
16.323791005971863
3.393555193969128
24.10008653566673
24.98254536914701
25.73126198058671
26.570260053063794
26.715807124955447
27.697397082485086
27.733534606099678
27.778901614887207
27.826839687289404
28.005122656214837
28.34435409425096
28.39088325344657
28.33728855651173
28.32901579355866
27.12008316099632
20.29998896222834
415.9101959215
415.5308583488869
417.7393604369239
421.1490696324226
428.1518951153035
444.3102727308839
460.82514732405957
484.9615353702876
470.0181356777272
439.53397495820064
403.91580683421233
363.27795632894004
349.6528303674043
326.93039528666515
280.72063935305044
163.09967689827195
100.39313553602372
72.1259970792954
44.437891280423706
39.12168121973167
38.98202694706706
38.93036865210026
38.91060011239363
38.97094505658677
38.95899343358112
38.99147670559818
37.53447684788114
22.022753700912563
22.363156884876677
23.59033747943497
24.05163909231123
24.06035987367916
24.120431588471725
24.264272521041175
24.3516671940699
24.50744486769275
24.590162839613882
25.018865680321852
25.481066857258906
25.49693175655893
25.4588519731913
23.66853057439209
416.71449417984496
416.2889619198487
417.3310345658235
420.01787822825213
428.0295046250112
443.691100415135
461.7400955542868
495.57437423035174
458.35415697481
427.46427204909435
379.63023769463877
363.83772074079207
281.2337739703172
227.39688206862454
125.39477665755797
97.50552119195031
64.68829229842002
45.337343230558645
44.6034751443266
44.486686542384
44.15870929801656
44.08752279322765
43.955361456942306
43.805804356562845
43.84469359359114
42.18011077563083
25.327038174327143
7.93171992147876
12.72266497804933
13.402501245238543
13.854825529227115
14.348753697644208
14.887592153477879
15.28044247528165
15.566265172196985
15.716279455854542
16.003374492899788
16.16890225246355
16.20314389764434
16.49188760268757
16.508748114222378
16.460940859464625
14.72209620082078
413.13451490248866
411.82674304465166
412.88376108320307
416.64045278804053
419.46927439927214
430.6496830451434
444.7251459694759
481.08617027239325
456.5936479488131
424.0224306038629
372.0927501102263
349.80212507947357
344.8077986983695
283.7927586356072
176.80163289397092
75.83522293226838
62.566322591938885
39.362846123581775
38.585420517100914
38.30772293781662
38.29053191968462
38.292682682627664
38.11580964466331
38.132801090805245
38.15076590556737
38.154592228391486
38.15958431364878
18.054831092924644
24.944487483326654
24.912608833745615
24.922436984294126
24.91843167628506
24.908871688253345
24.913034867506855
24.918189867546403
24.930158009297376
24.925775729761728
24.937917246667194
24.93206738063064
24.943138921767947
24.940685701955672
24.9383906647842
24.94052358152179
14.086694730634385
414.5984799933448
416.273424832298
417.851135309607
421.48175564434973
436.59857836830986
447.07626239452014
458.80693819324745
472.34869560483503
511.15969654644897
487.37882009693584
458.80500914622746
408.2303482734067
406.59673629652434
367.29703345632464
282.6893539997103
135.31120170775122
107.50468203901266
70.03658800354759
53.95421150518353
53.92427290770763
53.91062266838605
53.89210613959047
53.88094026247598
53.85607176020265
53.843553546305785
49.32055484795924
11.155155001527039
13.433774940881776
13.577822725262637
14.663279356135272
14.66724427776268
14.64126207726517
14.67697707937691
14.745639518051
14.76062494841972
14.847684337419192
14.855937889084176
14.867587777131224
14.863029555212753
14.873814232829156
14.862413716049447
9.692435689365777
415.02619999829017
414.15092088469856
417.2533984380071
422.953180224549
431.19682942086206
442.57623685847136
458.1634108933439
487.97308103455566
442.749905648037
410.0618466574867
379.2887296357163
368.18109809697603
382.4800575519429
313.65783370156515
151.246460543012
71.92078287988673
58.38591602153337
42.802411891343226
41.67761796214792
41.73405341950462
41.51424722148807
41.44547986322981
41.33219599010185
41.313305638601065
41.32244583750687
38.291030808962965
11.63960594157577
9.73846802739231
11.084878231920742
12.171410969277407
12.379157184092806
12.600123992050706
13.271372911708566
13.500488182917787
13.49750389060301
13.572704697502711
13.580678772997173
13.555879097324796
13.574387434902972
13.565712037221607
13.555588512787386
7.159524991352256
414.43942392036644
414.2856945643266
414.58970140937146
417.40112794211115
422.968144504348
435.2245962534441
443.31238143926197
462.4377668726369
502.09821340630714
475.8396832297006
440.4306218080444
400.93440099623234
384.3330030920315
369.59663447724347
318.2530544540007
240.58964118209684
98.61538614868594
68.04234055654615
46.948034000330026
41.7776588178392
41.75828044110006
41.64895885920856
41.56342310034929
41.431330145017334
41.20197733008103
41.06615458940746
41.08336700059503
39.92071140393698
27.12290066855642
8.898302107989645
14.212921644064041
14.910243947266387
15.275331404254633
15.536771281714739
15.796725221922557
15.911527157087564
16.104617224850212
16.81316624634948
17.41358463362871
17.656855291950524
17.90528901761927
18.17976943012503
18.793054342491214
18.958750810558723
19.131730077645273
17.64104913649989
10.893229627856362
