447.2677390742851
435.66319092171574
426.0117851121966
419.2270039334773
412.2012137804913
409.7112295859232
404.3355201891759
392.4485810333711
359.44415101419065
328.51023775757835
318.0725020464608
303.80693083294216
294.21770036137127
280.3646711593855
271.0763975408034
259.5382773145935
240.91938793849863
205.20602391423645
12.796032912432722
4.322846233710767
4.2871227327981645
2.0652679604857433
0.6681712157993089
0.6633247114606184
0.5700892271384571
0.32986047125311796
0.32733608625995836
0.3380097575409469
0.35500977467640543
8.36432378348333
