446.4371325868129
435.8914089710358
430.2256660339569
423.2831460004047
417.968241449724
415.3011816742928
411.41487586065006
383.33527387005586
348.842452115846
326.0399244470688
308.65091138301125
293.19313288147043
283.6709015380503
260.69952253028384
235.84062661455144
217.33529243444738
156.8367872857226
35.4989886400496
30.062918117291403
21.353314856037695
12.04670702044261
12.0435779019649
12.042209361934486
12.030382215975779
11.968798769024174
11.963844778094181
11.948930863535711
11.937519768801934
11.944141485197243
8.755892177126858
