445.827959240651
437.33202866042274
430.4133948405726
425.7012194958438
419.7607223924697
416.586255099282
414.1477390285786
385.8559125468801
350.19572869950287
324.3195013675006
308.3895784171641
295.4376245696617
276.4729082485136
259.55576957837116
241.71367068676602
225.76707701016642
200.88383358656446
164.57268833279812
153.39767875656088
106.37672423721683
57.24274529861118
54.01097482538928
54.82829222524771
55.53217955992693
57.16111030075425
54.357481833176806
23.932296404223624
16.513449551500564
15.403350616397734
11.558843691795182
16.93302520573802
450.4301444132421
440.1576564268177
433.431053506616
428.23722326389156
423.4754174016088
421.9914316049423
416.9891007245056
399.41003072500655
377.3871968435875
344.5131990718041
319.8184702682676
303.4411563731423
291.3940671930706
272.3550795556135
248.6486123134923
229.01299880629608
216.6211485485024
180.9734456898162
162.4189248461175
129.02276613953669
57.27547474359817
27.527129422814
25.981157584432484
25.337773786248913
25.229979964438254
24.92904216773749
24.634011565276538
24.6101007903964
24.502753889909794
23.852296459780586
22.062270748942368
446.77547623062526
432.1088241625227
423.9608486457356
415.3530204788609
411.4766467385542
406.58556006558337
404.7976395844983
385.6764203185737
373.1837498489638
339.7288710071637
316.23447835229894
301.0382310979461
285.34883866532334
276.7556282445314
258.27640193724244
223.10531427190918
165.10887933203304
140.313778828753
97.80123894514261
19.330719037375356
12.540558191844031
12.436738662664606
12.190871665329055
11.76826432715427
11.691516389953405
11.438324656711846
11.419032844370395
11.413918351365535
13.215119141699708
446.4398902971508
436.9450871463892
433.16744219221846
424.50036372098765
417.8440749481931
415.8129091387286
410.7940322290837
387.55135898368314
361.6933470839661
337.22671995239654
326.6707986000027
313.3514809510605
302.91225336116815
286.54635081133733
280.08484002793955
275.9829999803609
268.72323802327463
239.7244389870555
190.76026029508944
155.14777118550492
125.29519239328839
18.27219689333444
18.247249266354597
18.136723041734708
18.129809283671246
18.042738845823038
17.851261768170797
17.589600277935233
17.587479435277217
16.39419043145528
445.9059813138938
434.1916646634134
429.0067686071014
418.6880725241596
414.1464722034771
409.8841650370259
405.47856607279925
382.810313466461
351.073909902711
332.2633780374345
313.20993174728585
302.93901203301755
297.2538480995992
287.1703635619214
267.66517662516674
264.1798637179675
259.91066870743566
231.81915612530838
174.23556680438435
170.9874240684424
155.2695626132331
95.99016090871405
18.320430076738347
12.120621137391812
12.03010829752136
11.863846582764054
11.826781622736947
11.762555359115995
11.681917442362996
11.58130206326509
11.441374614675473
12.461709882196331
444.8713813436748
434.1574755218963
430.07849895242776
419.93909175498936
414.90159161863005
413.934121623103
407.6326435924143
382.99513700230625
348.3722614110215
327.0585888180114
312.6110639887686
299.6786903678783
289.9116083378619
275.5005250033334
264.238788265268
255.09377022357742
237.7304694475504
202.37943943280143
119.38111914101081
105.71757283741928
63.21498310809315
10.326693895187072
6.639163728654291
6.457389278156918
6.1817065583307125
6.0224722288113774
5.83504192222624
5.622074268171018
5.5026211266750416
5.431830770492718
8.117482873697211
446.47620354056147
434.0798353547255
429.88469693055623
422.73108916127194
416.7490848896817
415.63683897560014
408.8672354775616
374.7811052739679
349.48272070177603
330.1558517816586
319.9359648855647
303.7411655915251
292.6683715078583
282.57696323275576
258.9029393470704
244.16523107461686
208.56268567751496
169.89904082129982
169.53298708441335
149.82399119670822
109.12152283489235
32.2926576125674
26.600363193849464
26.541383760888323
26.464168988506014
26.439578329874234
26.435195218391947
26.421078908900625
25.9730930296862
25.523725148255682
448.15798819412277
437.59116542403063
429.93481357274413
423.8926958263435
419.564793789396
419.20925230927173
415.38592977468466
387.9141029507635
357.54895844868213
335.5315116618123
320.8818229926027
299.11544185147903
286.5515432848593
270.318779482918
257.9121812223474
245.60179516793355
232.18161707954422
216.3461535835084
185.7520271656754
134.359953325401
75.62071423834833
24.311632116755405
22.738911951080865
21.524788810249397
21.031312109532248
18.92888868811263
18.43628976459321
17.713414302078803
19.350534729780996
444.80146997038497
432.71732317969634
423.0608700128299
416.02259667207005
410.1802867980834
407.51044775644294
404.3576102378605
385.15714593357677
354.2025730416981
334.13782390767807
317.5675444190225
306.8837132239581
295.8574563359328
287.4487778375847
277.9130791732968
276.45753496266326
268.4455945868481
205.58565778258682
202.89534107822166
180.2082844517936
112.56800283280258
16.515026466218952
16.164613395577305
15.155101676789842
15.109625183829097
14.920599510670833
14.740478462006195
14.723697286124983
14.728400787194706
14.61383700517977
440.52715600684945
432.2495289637257
425.7943938786395
418.0826170778297
413.74560474670903
409.97036242850425
406.3435371257523
386.1681248527088
360.1736182421448
336.13215622670174
321.2800400447317
306.17407178765217
286.81953009734764
272.38098050586154
260.32857919536735
233.4222915484678
221.0696429865832
189.91804492162038
97.52428037455324
92.237721371362
80.55583515637936
54.566821159177884
20.446254670824608
4.186932346360661
4.504641869840095
5.120510206239612
5.375457588017127
5.631152600435169
5.885025581377313
6.203807244701545
5.826210135983732
18.379746469168325
449.8434386832853
439.5762655446991
432.5009891348991
423.9099789413202
419.43909105553473
416.98822113618104
412.1487724691376
393.31442974110263
365.5062002846947
334.03634780752094
317.5265073033004
304.5217920090805
289.79752743065654
272.92418151364416
257.72774504229557
243.8263426003297
230.24706843901293
201.79958373058582
118.08640381699352
111.50328128844356
83.32880583540425
42.15818826943381
30.659241621215436
31.26260744294212
31.926158711469146
31.73406023585751
17.085488744571766
13.542298627348412
13.325505486263358
12.671360964733017
9.521528864403983
13.098676494107242
451.8356922782363
441.05666382782374
432.10850248422304
426.2936961414171
421.9725790826568
419.19206610186984
415.34509320317875
385.5061237076348
362.8060984305557
339.8495967860092
328.39321914204845
314.7049045582664
300.1066400359499
288.8155666274659
274.80783770177874
255.12609727135174
228.0337806285707
191.63630280035622
144.05510964867213
110.54218599190962
66.95355933462059
30.95109736683754
30.2557300290011
30.259173473213448
30.243189055285367
29.97307768295541
26.979880416991154
24.335390038081236
24.29883072261511
22.638838465836514
27.208453325693473
450.1039932179702
439.65448607502776
434.05391726036237
426.89168105067705
424.5003636306674
417.90766997696875
412.0867838175266
409.00882573899594
404.4086315398013
388.99431534972797
362.91065835009937
334.0636691725431
317.0205074451956
302.65370242982044
293.5018163002392
281.49320845286013
268.827189884175
258.1688684916155
224.6072093315736
159.39495383714288
149.33597631045708
100.26957589166793
20.590374829291484
10.178781858347904
11.390991983163756
11.24911446986773
11.032617917319481
10.944934145286474
10.797012912580769
10.813296712022279
10.945988468516292
16.460125889415366
442.89796257328027
433.31453746711463
428.2019434853048
419.5663915602432
416.67669816717944
414.33248789517205
408.0458548476829
384.77110544477546
351.9569536414821
327.11167494308853
308.1618694485732
298.3362892573177
284.6777156525314
274.83706261127855
275.58101664217514
246.41319700919735
185.62949220022077
174.4230120833575
131.37930322806682
38.54229182509792
17.81547320207017
16.61398936141968
16.036249049963814
15.205076510984542
14.733969571019447
14.598806065468006
14.08910720319827
13.914325515446796
18.962388005890737
445.92790153576334
437.46436097687865
429.7607381562547
420.7659013418224
418.2998271463794
416.3814549918164
414.2193868658559
390.81342090371413
359.3661469906339
320.89226569205056
306.9790279339613
294.2493769993642
281.0370982845559
265.42440210554525
253.3524238783707
226.0746569788858
194.35475428493405
157.85949240908383
132.09899693574826
76.36407033685417
30.920636546079763
29.754940746582296
29.38641568113443
28.314544932677027
27.718294422894523
27.036869416369996
26.565751781007073
26.30610573266517
26.109442239936115
22.56688325247647
441.69928907082704
433.09628859598365
429.2784707377397
422.11579702674186
418.5245862722873
412.4528283251233
410.3971394732692
382.7720964093941
351.4023673441481
321.0689818149382
307.5178397009636
295.179956008885
284.5319488554006
267.11442985102
241.03925480635712
229.02212441501734
170.8319790356456
98.67875345254458
85.86689062341833
50.16297156714705
17.47941832110259
10.255205767136147
9.845326384633342
9.773781536506075
9.391595718312793
8.666845996439072
8.573180363342319
8.480658711179455
8.392579901175688
6.4057373939110205
