414.6750228264246
414.65584336403896
419.7468012409893
425.7975904968652
436.09545844993556
443.29830390159555
453.98461496161855
480.08519254334414
447.55473943593694
411.6033014686865
365.345703513089
347.055959753901
327.9905897808885
269.8691214998057
130.66564857404293
86.60033298010359
64.32659920352123
41.83570960929307
38.655522225335886
38.62319894565154
38.576732500621944
38.508379709886896
38.47697644661213
38.45259680864134
38.393194507399194
38.26908325007626
37.40829530141508
28.821962704230362
11.540108483513736
20.42706692723875
20.894223535090394
21.32441133471301
21.483867239947838
21.619047840997574
21.86933300747657
22.681126958820087
23.179621080040636
23.195786660455106
23.395608687688853
23.77492355969639
24.68139876597396
24.720703543439054
24.76392536547809
24.50206922420958
18.410107020561423
414.68003941110885
414.52643679179675
420.77414276927357
429.9003295059998
442.34559832735744
465.45520056851166
484.8373134908612
510.7954797122783
485.16595864542967
451.67905402102207
414.3101201798781
400.632832103294
400.889925169083
335.0776433902965
241.41929690225336
93.03775971126683
69.36334288314055
57.2861931491839
47.6520482359602
47.6818909614063
47.677209422464585
47.61489936016595
47.60622418174579
47.60458608757949
47.606396530011516
47.606509919387264
26.074429915581966
9.891360157441266
16.345267914748675
16.82533871544693
16.945973302806927
17.42157928645324
17.422938127228925
19.156139950286214
19.300093015361785
19.823201938075876
20.963840592882054
20.96049234774326
20.965385033147786
20.977061053239698
20.967351222386842
20.96276734787536
20.970151197714493
20.97923114416495
19.173164971518712
415.30181546926275
414.1677115100725
414.98965218846905
418.49329117447155
433.1361237485553
441.02049667723196
458.56728909256043
478.0613451464276
443.43137743116915
408.4572471046971
377.7880410092988
363.77072749592065
373.22396196235763
323.6832539839046
244.8919988638948
84.61682154537202
68.22599850943836
51.788713854889544
35.62680923155408
35.627545698124564
35.36846679449409
35.38473593966529
35.371912254130244
35.37835279965334
35.39626654234965
35.33032925835728
35.18849164469334
18.044426689195856
13.553269246921232
22.23150386831373
22.209092540463864
22.213332925137262
22.20966814447176
22.201615088609987
22.193350900621947
22.19307533714948
22.287304193306017
22.293400808536838
22.2972510890933
22.30436483782083
22.324107428670406
22.319265375731888
22.321951877162228
22.318687067004614
22.300894818840494
