414.9474332770388
415.1719603034231
416.81092926433905
417.58847771274884
427.4141334100276
438.21315356780343
450.31896795435824
478.7979803025444
509.03681772261785
481.31699203947403
443.34016151478596
399.35130870864936
384.8267744530762
384.9310000382308
316.73485154801125
187.63810282488717
62.998361137420815
45.71803363523846
40.62370458667476
39.600685541352235
39.683355365997215
39.94006537002123
40.10117686372864
40.24404396199918
40.513024695214966
40.69014231511841
40.384619908808716
32.54024591349396
15.84930167071881
20.78267393652853
21.38075660775056
21.87306713721588
22.289952349571806
22.639409554149047
22.994350274849445
23.28555163952322
23.62257125699796
23.895090309155687
24.107357442776063
24.31401788753244
24.41594672537063
22.630140758827068
20.70537803127028
21.03810302516906
21.21574233500815
18.88518875322614
9.853551577933784
416.25520517673067
415.8543612447538
416.4950702754013
418.83442601054844
426.9333373656993
438.5908954187602
451.8845058720077
486.13680773610093
510.73026545065613
479.4642211320171
439.67105882165123
400.6302326069682
392.90325449117444
397.769443349644
338.35231887207505
214.63891637281571
50.059604642841705
46.93165595880145
45.52799126554208
44.3290240447942
44.32135703464899
44.43465788205897
44.493112957459694
44.57367134894389
44.69702588702598
44.80338987035115
44.784271512899494
37.76836803298423
16.989855643473955
14.127934603218499
14.581434943390851
14.930536511884352
15.247505348620763
15.483017809218753
15.738988936608115
15.93470672348155
16.065006821490343
16.27055583389257
16.489255479322228
16.58702966723722
16.82889748136462
16.08944343917806
12.567304287530488
12.822164973107903
12.933756294143073
11.945903292304617
5.600546192652684
414.8319529445182
413.97866291627014
416.8078251034356
419.7465819512648
427.0935059723475
437.64913071830733
448.7560426446949
480.00812773004736
508.36941932012667
473.21456967001967
435.8762336556193
393.1573862097551
385.434291992469
386.8084142680933
321.8360417729103
224.5111198889325
36.653458606634345
35.37042175447831
35.24840222419587
35.20043835852328
35.13960841730426
35.13737808128449
35.139318618189584
35.10689575540339
35.04421295146101
35.012332531619236
34.96772429041662
31.221522229377
5.643744276526075
21.474743087435648
21.620085619363305
21.711719082741883
21.824715516360936
21.89265738352689
21.999616654859594
22.049351725513375
22.075576217182665
22.150954141021533
22.17861378453748
22.241082937716314
22.28251826655566
22.337270103590352
19.973086116589176
19.931504213110088
19.94906609091781
19.906019586481385
4.970459053293697
415.71613299125687
415.3141894051187
418.43286927726155
422.40541718059103
431.9595932095732
443.1807105198798
460.90101915502214
485.75668845086136
514.7045345944397
480.3543529188311
446.97014902519464
406.2245990103612
402.75072888108446
410.14296896826164
347.29200585182974
235.60741107969554
34.365223244653436
33.05684473785788
31.880015161019976
30.84201002309261
30.842318286452162
30.827234466057085
30.81921639647022
30.806699596690553
30.75723353504786
30.745051644599062
30.698891264750596
26.050782586842043
4.74931205952607
12.38161713470284
12.628167900701463
12.806717453767149
13.011643398363553
13.153386052044569
13.238058110228975
13.312024562301866
13.457186603836444
13.578274830442732
13.700217076812454
13.84296083089536
13.916974620125599
14.047454122358896
14.088973203088882
14.13942806253138
14.2243265323089
14.123078258610246
4.434795754541561
414.90159078409584
413.7454164333164
414.4396681705597
416.1381693525459
423.9455949295673
435.3999120106602
449.7232928642821
479.17088329679024
507.45019113832853
472.28059623905165
433.96591754215086
392.50380099358875
385.6425209063659
386.7532161968292
323.38468898558756
218.14831314359057
39.70749183919859
39.658178869897114
39.624980014008216
39.5941966956737
39.55756950576673
39.57182744134916
39.59999649812589
39.6351016950098
39.59895977337561
39.55714128632172
39.51787630199121
37.04784455288117
6.5308671810481265
12.681260259961936
12.83894145949769
12.940039718382081
13.013145040791809
13.086950924861622
13.173055765389474
13.225448983260753
13.2627940994269
13.301078521470282
13.359129045911569
13.401412000533705
13.43454207943081
13.472919813735407
12.77644982066028
12.750800664647029
12.72540076722296
12.718076456018279
4.587900341680681
414.951712063155
414.19623060577317
416.6208791953067
420.0324878866687
428.72062225271173
438.77006584356275
457.1344435148354
488.4224026597202
521.7690015220578
489.0831195966871
453.9442014217252
408.6895654719897
399.03019106092813
410.05584370073643
345.1008991373801
205.7237786726887
41.320465943885445
36.757318193114045
33.886116548853884
32.82097981892764
32.97406549839641
33.043788582771406
33.07608181369802
33.13881090347095
33.125053139052675
33.01988446021974
32.95056225128307
27.737935024297688
10.797816835364081
14.409483415133948
14.75748752189551
15.14690469856978
15.40889049384589
15.63807240596931
15.881802831670369
16.15189881337823
16.383816812171098
16.57699342706126
16.81417913396463
16.95916340481019
17.143152039336535
17.238342395593808
16.08650431744545
16.254287297978287
16.283482465052497
15.664247918492144
6.018604596108002
415.5580959710982
415.8627178875591
418.18398074353047
419.9098378492631
432.0243669656786
442.6765977213973
457.55260549722544
484.442946150977
513.8330952655608
482.6260540038783
443.4178650748894
400.45506195361503
396.6348051997637
415.69017321291324
354.4835062249227
223.60472373031044
61.90171727413197
47.459220543805756
37.77862562601931
34.29288627974553
34.42182431936156
34.40575904750537
34.385596437871556
34.36788442079852
34.517625208669045
34.75427148088866
34.68141269756906
27.81818066033828
14.463042004265578
17.010985603077355
17.456380409345247
17.875656410278776
18.169567047220188
18.59724769633229
18.853107458178105
19.140613800739708
19.439494129655316
19.718966878363446
19.978041085296727
20.231991023430673
20.457539802790077
19.34585299108292
17.422508530681526
17.847186706000564
17.98513550498778
16.38632202726201
7.54505940033711
415.23032295363
415.5122673834532
416.906549303332
419.8979432236209
425.90570502504784
437.8161597953184
451.47161569068203
481.3851994280828
510.99210249691043
483.11889099022176
447.81087689545524
406.7500607864198
402.04293679445607
412.6341336382846
346.1039587177453
208.22255723855068
57.08077952833245
44.45027790204817
36.75671327390525
36.41031557200418
36.6338313164157
36.6983805792201
36.87706821560869
36.990095887859376
37.07452815522029
37.13561414258831
37.13633824087531
30.872112222067475
14.802176767222317
16.394579172694463
17.02014676001649
17.489634101725052
17.900068828456916
18.274214521922133
18.691250520767113
19.04487527995758
19.328664478998103
19.515254881461626
19.75266877187632
19.985648187844717
20.17972042731441
19.32593597488862
18.219839949123767
18.695192683300995
18.902445063242382
16.482828134277856
7.705816479504703
414.3216296557189
413.4102417957806
415.0993867518119
420.34972826166864
429.67552108898445
440.0170681441894
453.61889798549976
481.41207478413827
505.2317879924869
477.27981198218873
438.9206519386357
400.72576576757893
395.42142721980537
402.14182667483675
337.54003010867905
202.8300327634953
57.96394659677311
44.525892492927404
39.877598834385836
37.386448918659426
37.117456173600594
37.12282980226165
37.21652669601361
37.28653793280311
37.46795625057827
37.4950519526949
37.219854167695935
28.949880466236124
14.161395091762635
18.0661369261548
18.646494548968224
18.94143816146077
19.36550238960014
19.62217139739135
19.88097197000734
20.160386815185607
20.48636151333241
20.740623023246606
20.96754504384469
21.224342100918566
21.41127899202857
20.334655328146134
18.30602414939307
18.677882302230213
18.92018269539209
16.68115816577684
8.341832509472727
415.283006413731
414.940072200189
417.8194303555297
421.4609177021255
430.4860119305591
441.4821545243118
454.2830857716523
485.60538956396726
517.3395061075101
488.2251284732001
453.7785996622721
408.40452351121206
394.5083030543497
399.9069915699499
339.64440125600447
216.85140041853953
64.81220154988831
51.00269940111264
45.454337377901226
42.68647126082713
42.46744154490732
42.68958654715326
42.766242371936116
42.954244935927626
43.050411440843774
43.23421975911029
43.11967884077303
34.66579111208061
16.16665909940475
20.23521509117687
20.850592565827238
21.326082127166366
21.78973978435859
22.129558010253184
22.475825791252266
22.783075788555927
23.13208386217601
23.331848273910172
23.61184716955807
23.77276863329003
23.95046377052366
22.706212566803906
21.164805710126405
21.504067318119848
21.646279853137205
19.303870990643507
8.81768892143672
413.48162628043525
412.3220381003043
414.06297185709167
419.8194190480403
427.3968591597612
437.67252341955094
455.35817077457915
481.9477986110682
500.85676935386726
463.36748730109053
428.4778209265183
389.06867933416765
375.3242777030469
382.6381602021744
321.0400136706435
215.616644113895
33.92943833834502
33.399353703545806
33.45355788241974
33.50839029126431
33.583527239047335
33.59679475583558
33.68317726356464
33.770800516945016
33.778313467425704
33.85002644041903
33.858136704490796
30.065511059553994
7.71349274257344
10.384463980751999
10.514867528564348
10.57119550908485
10.69897084652052
10.804163248889013
10.910578911255213
10.983444906710968
11.054263447293204
11.098209917573021
11.14457683933908
11.180395837422244
11.222587031362288
11.309384045822691
12.347510752975518
12.40181560359841
12.383421933220415
12.425618451193483
3.987038856552461
414.9234987367768
414.71462062043645
417.16212067038185
419.92617266897645
425.9407321725829
435.14624217618
448.9202309739333
481.27615822725755
508.3055320495823
472.447174357979
433.8802204922661
389.2567477124776
380.29042031569946
389.81238388225404
329.4731660220534
215.85605073411597
45.88270392831242
37.12241538412454
35.106832644461264
34.64052969770816
34.58707291979419
34.645621649840734
34.85219370335782
34.89520632271149
34.88773752825142
34.9721488072058
35.0246698331348
28.876481340033305
9.90685273050768
14.46081082874955
14.977960397782478
15.318409946443282
15.640592828850258
16.014067869186412
16.307754166199942
16.52940024674783
16.767977180703323
16.99364411675042
17.193277656852928
17.343399493613777
17.49890393547277
17.548665420016846
16.612697784388885
16.744084056058483
16.906493151668727
15.996947085475384
5.611973205806261
414.80089970231285
413.2354864001836
414.9448634997939
418.23834164879383
424.7098699303891
436.3577268426875
450.9336967320737
479.99710385257157
511.50234821750297
479.48161987619136
443.5835787501922
395.07334579921144
386.9928852434153
407.04774593920024
349.8000560042752
229.10387716762344
51.02621992563479
44.78222820661671
41.18494840681768
40.83037414827889
40.80734549899222
40.77030479139922
40.70398881700044
40.64972851278896
40.61379820867852
40.58366382153762
40.51438788157265
33.5965295168032
12.169802426622342
14.553980719504395
14.944181680200266
15.273585817309055
15.506719475744175
15.796415252522657
16.100944994671586
16.264829483053248
16.45462612757831
16.633006436281732
16.756381404379074
16.965116679599287
17.107616995299754
17.00002625892308
16.09190277620991
16.17971495915877
16.305711161920854
15.573062559221258
6.4492859095943675
416.00452077951184
416.6613429371533
417.9662895690415
421.75202898065737
427.98463264384594
437.89708460622535
451.244896146632
481.5704506074128
514.1332471507892
485.9272659654593
450.5517713344728
411.30548573691027
402.64975419166655
404.0958457810313
337.8815109750335
203.39746089471382
60.01270386153204
46.646385193970154
38.88845384080963
35.27487460284525
35.305641820625
35.41269715065484
35.3553403853327
35.47354135472857
35.48779252030817
35.690120730408054
35.58898573450235
30.457029298842148
16.096141069872523
16.629912296977658
17.117432149175684
17.547336950698035
17.88609918956258
18.26027744026561
18.485462177338288
18.77000130660319
18.996006552681926
19.27993108795942
19.547717109007404
19.739403681168447
19.805998881127515
18.337151578075186
15.479048067948128
15.819234125480833
16.143652966478196
14.977430942119831
8.241248744764306
415.3759878418117
415.51411550817994
416.6884505078756
419.04921374720703
426.5784268924184
438.2508684420111
454.34290311754665
480.59423081427434
502.42384180619257
460.50823995525695
422.4703242831341
380.00197475048935
367.7186674310529
385.29156201265965
324.6152228632987
211.15741284597019
35.64094512000651
34.96216399375992
35.00008494872273
35.056861240966285
35.098621833483705
35.12620039657913
35.18892702033451
35.33624667091816
35.346881658611274
35.392018253281634
35.42768718951308
31.668455176548058
8.891937630560221
11.129755545847809
11.364320611090086
11.477879909281818
11.602872199943299
11.714864044275059
11.814747066894222
11.896650903827318
12.007258515406495
12.069817381892822
12.11438659798937
12.216162243795395
12.272785110160033
12.317624700871857
12.655418275464159
12.751369940135596
12.830316526434462
12.828078117801576
3.5155251274213106
415.59866098024185
415.15022771214564
418.06146274927704
421.64190773931364
430.2967135878468
440.0253961191455
454.8066805039104
481.5574080281356
506.39313409070525
464.09073577003164
421.9295791292539
380.60745163683043
375.3721146437031
375.75017985608986
300.41503279495606
189.65691667139842
40.4209633140911
40.368169791422865
40.37862930971307
40.315667905361536
40.36866696136309
40.394736360402675
40.4100868258721
40.39225777935941
40.37508029754415
40.450340557848534
40.436385833237566
38.450702797485576
12.691829113368485
7.429921953724002
7.543400650481489
7.629423999767423
7.7297922141187145
7.804824332448982
7.87795528634325
7.969311459896082
8.039459735709691
8.106465041340789
8.174911256764235
8.224669182031056
8.246090949900225
8.312926216383026
6.040764336374331
6.168417166624911
6.25824966138844
6.335712371012316
3.6278018080071166
416.35573454299475
416.09535718936206
418.47928935834545
424.47182220123267
432.99298755181707
444.53107143656274
458.99430283009497
483.6582635452174
514.4633825355461
483.0044316984474
446.3318332993339
408.8813199069206
407.22072956250884
413.5592669302991
343.90930968700764
214.80936902204718
45.37228921117064
41.82475033464766
36.939987781540445
36.18672594013379
36.046831159867885
36.03872505009773
36.07994731622312
36.08005487762301
36.13429934596995
36.086027865603725
36.05306650557498
29.31499234139928
7.704165494526066
15.690893875760866
16.007117586955182
16.262762869305963
16.45684086559408
16.56107082395823
16.7531748111758
16.875809709712385
17.016417547378687
17.139508495908487
17.29775593387031
17.419228007281074
17.55684705885737
17.56450559814469
16.57853061681039
16.622356901192756
16.710438544012153
16.34041316674956
5.351650791759344
416.1472153081926
416.968325186392
416.2118315509822
421.0567764320083
427.240403236688
436.30899811909956
448.5113727682642
476.5842634620051
510.6493615980665
475.3306350145784
442.2357217628054
401.8523352612651
390.1115095375183
390.4394780455046
322.3321600268677
209.56708324852704
50.91464893574161
45.869346663016245
43.024610930817815
40.79858599268374
40.929724422574374
41.08008300027735
41.15082096823603
41.25207544027865
41.468821624874664
41.55960417051913
41.48268494251789
32.14172201783459
9.662988006307868
16.875880393188957
17.530469535365818
17.86641286702223
18.2619588681793
18.606296068876
18.886261192107423
19.163257228724145
19.341590408442386
19.501295146343633
19.78339021148212
20.063012410450053
20.31851064484197
20.247014327653595
18.889891503912576
19.08222830325305
19.145827766317222
18.10043001795711
6.101020923471057
414.8258987781363
414.0556361210362
415.00258140532964
417.7145024146018
424.19661713520236
436.0934136769554
452.15201515949
479.35185364760196
510.5386289314792
476.2089002037679
444.53063953002857
407.56261572035606
402.2257170637895
411.7215287456064
360.1139974874925
244.9877121278648
68.0234337744537
53.95699850437823
49.65217045567136
47.7324398043855
47.71337432051338
47.9290741465831
48.0732311806859
48.237391195266035
48.253519284477505
48.44479863578283
48.412739217604475
39.974757820447614
17.222611441264654
13.948390650602184
14.468443401159758
14.800981004738889
15.145812786027363
15.457978779573065
15.737263404647749
16.041895121744677
16.38212189793854
16.619939309226982
16.821031372475378
17.13086030193508
17.257842837155962
16.654171121827314
15.518252430533439
15.676484108861148
15.84931321048819
14.940037635638214
7.207614037939938
415.542650045294
416.1267769488503
416.99648034064063
422.54791708171615
428.1305209193057
437.9899341925169
455.71569021477836
483.81144447392893
516.4717154065271
481.50235727545464
443.57045613723614
402.7097488510659
396.8575473956806
401.19872628029844
333.15799009966224
223.42656586111255
44.82754846586564
43.97046748841022
43.63354325502246
42.606813578781484
42.60495533534266
42.50585325644427
42.45737551391249
42.42830934282921
42.33974763513719
42.34278731234168
42.21753458111111
36.74186703482145
12.289849535481311
11.660749136943338
12.052619290021974
12.342208056458075
12.549248344041223
12.782889614856284
12.957019982600357
13.153452460405392
13.312958644431326
13.534204027037948
13.70541162165951
13.876396168707183
14.018703021491149
14.103038029701603
12.537707485464491
12.537069793704596
12.536793942438464
12.038125605029688
4.404138024367467
416.54402520294536
416.06377449187335
420.04990669351776
424.0774505174004
435.5235091710814
447.8844790613052
462.7321096408449
491.5841743600969
525.8843836420042
494.8600182449544
459.9694700237021
415.32801678379553
406.3962866392338
413.4084064732676
356.2522477312251
228.45902339621892
54.96844732584267
47.64517240552205
43.684087529115516
42.671682913088794
42.633954328121256
42.66216190211923
42.70626032239922
42.790915782448906
42.70016559699149
42.72022264727505
42.513751610080995
35.10475479505698
14.049229244072201
14.898444617457526
15.274350157718812
15.711171739192833
16.028511285612836
16.45449760985397
16.71360293925706
16.95250502405022
17.19250334362129
17.404628852269912
17.594331182696294
17.798370243380024
18.013958655940836
17.81557968358087
16.603131160162775
16.806717419264817
16.87733003130482
15.715049919428216
6.361964583008519
415.9459689917392
415.0899521776637
416.94865243486555
421.41836772506775
427.96471136227103
437.9471828966004
452.0019782482619
479.2915230959155
502.60593005538755
466.306775134126
424.04723758524597
381.1698756958209
378.57483451242575
380.4530603597733
319.9335325704383
198.8642575921276
39.982079054098335
38.77735631875971
38.62965895197858
38.46595162716056
38.55940953098842
38.57453970314219
38.659515951549295
38.66315890570883
38.684163385136166
38.7310262966038
38.66680997740332
33.71628754618487
11.506878117299852
12.155432283957648
12.531502462609296
12.840368849900923
13.141936075629864
13.3342710217032
13.520140876797193
13.659299122284034
13.800426796943862
13.990177053213612
14.081583173795831
14.260912278631046
14.427803960548502
14.395782574222514
12.226292299785793
12.362335362873452
12.461441921877606
12.184346755354648
4.564452567822832
415.6778787213371
414.8893902736461
416.9922956139635
420.29230018171063
427.6733250092365
437.67329004010855
452.617767042929
482.0957106856
508.3596728917473
476.4733217057501
434.32555887488877
393.7649023414601
387.4038919218302
397.3725483678594
330.97944782528947
213.85114343648604
46.8717654959999
40.48092424144649
39.22158782288529
38.808351864618345
38.81492484648247
38.812882948726596
38.867632966226516
38.9385908216975
38.9506015703032
38.94945248695904
39.033036256567705
33.51062339176821
11.67481317243682
13.092392432302532
13.644247889639017
14.057417575141788
14.37737215049334
14.729802248219716
14.970335783399841
15.197744275993852
15.391389994809817
15.681735784269447
15.84845317514395
16.053957776243767
16.249750941617084
16.088587542106254
14.746950625572062
14.93285204935885
14.97875243708373
13.894449999073501
4.797345467509432
416.2403060158013
415.64046792494645
417.97433450557975
422.85446205205557
432.5079050106453
441.14689754005616
456.94569294976793
487.5225107666855
519.9896741988447
485.1172814962317
448.3938540856091
409.4779885712402
402.1565654814859
416.5284299584743
354.9029799432242
241.81153901700168
51.73727768679954
45.4231031520745
42.31335726203592
40.4418050165187
40.49404068452958
40.593081888555304
40.54792950468142
40.604273603047986
40.68345372125838
40.75476661293543
40.87931426796456
35.007221599147854
13.083883483401832
14.164533064319453
14.666369646508713
15.038376461687562
15.336528223657341
15.590573869706784
15.808091069558067
16.017647837626665
16.24736474136984
16.499377274998007
16.718340445428957
16.839069751971422
16.99569579237952
16.982789085022898
16.9207785141802
17.22852123436646
17.302477947991036
16.71618327435616
6.611179424590293
416.3259303884187
415.81346940595245
417.3836532900895
421.7962001241288
430.3231205612443
442.72670928684266
454.53593101560705
479.56825700106276
510.2086075741124
476.34614342000725
443.80280039987895
399.0943281129945
388.72058446313446
390.84974166896825
332.78439798557184
209.91915175060888
50.365091096666085
44.19064310359173
42.84641481655055
41.23031280741786
41.211254245977486
41.19659971521965
41.319876977673154
41.504243917670046
41.611907387145635
41.74913209661682
41.76130545234273
35.04283543409769
14.406881510443048
12.32021771204443
12.781572302273482
13.118755697518035
13.480051933950858
13.722858151505452
13.986094531766081
14.252746445580879
14.444966099712746
14.638091155972617
14.890447453624732
15.067742937470554
15.234012479301725
15.104392638421656
13.64843827786029
13.797836806488823
13.973476775953072
13.127755026748083
4.915939444106016
416.3388423733958
416.01989566266934
417.8363505470865
421.944521565582
429.9371005272604
442.58091311185683
455.6754056347731
480.5675059990444
512.3681950441458
477.3476032450047
441.27719317391006
394.53709157845867
376.8507785498198
382.0446151365452
320.099632408236
194.67356966638584
53.32164356188342
41.83070366548132
38.74055542876548
36.686410675409945
36.54790564511433
36.701459638140605
36.814256141210905
36.84182682624392
36.91259569696616
36.899189983748236
36.87366769719709
30.440759908081166
11.888471340408056
18.74291153430897
19.317181895804314
19.746978935259428
20.09361229790701
20.464844700322963
20.73949532017871
21.161920707250836
21.462064034386085
21.725991839442653
21.96038248038158
22.20627169482196
22.432295822199205
21.972782329306906
20.537578766433494
20.782074966643666
20.9276674603771
19.221598846549114
8.310155688282977
415.14923707530755
414.12576684042284
416.703278165925
419.11342423108005
428.81103686048465
438.93620907752586
452.91364874425784
482.5438830485922
514.6116765615119
486.8710212271447
452.42109366328094
408.52138572084596
401.5564205549702
404.56026906904856
346.16615458866556
224.414219666685
70.66151946515922
50.50738262657568
41.86464252675759
41.04326390948893
41.060638060534984
41.067618671475806
40.898453258366224
40.84259740443863
41.006584707094675
41.139177379313544
40.899639966272545
33.60153287642466
17.288359042929265
18.761592849000692
19.378773873832756
19.769535304976316
19.994765033608022
20.362256979613996
20.65163687975926
20.88996498884323
21.207120810444007
21.48498965546886
21.757290581640873
21.998378940689058
22.196118976342632
20.422724471265145
18.436904473695467
18.87972907799823
19.234678302817635
17.155700486499015
9.322417199171959
415.3916942621435
415.8728934802999
417.1795573368793
420.16306913003535
429.3598782329814
438.2890158229744
452.8094487702441
484.0214657096573
504.7625012710846
471.0326316024392
435.41633353385356
394.85782021284655
387.1993720815662
405.8288184813279
335.7958123197757
216.1056976383279
43.291471151506364
43.36338320179645
43.38898114189618
43.41535660291486
43.45833530034132
43.44581094365346
43.478888967141856
43.531984849007195
43.54338203325282
43.6068814973659
43.62776208548752
41.519400734403675
11.751218302654937
9.729442408621926
9.841760240379298
9.90349600329657
9.96294553845198
10.03583248653756
10.112192873035564
10.171649434334414
10.21868926037708
10.286568440840679
10.365876442583549
10.446007592177919
10.466803942574336
10.507170223996422
10.10845295931449
10.118735339324504
10.147726607169888
10.192576845721051
3.1064688898154085
415.16118070456776
413.7270595369586
414.4292508076663
418.38053093347094
429.1932208421642
439.7795532622028
455.36832688993417
484.6453007964251
515.8364004910833
486.5322128364861
448.5597789913168
403.8512451569099
395.30477609873657
401.233856620115
339.45720928706163
214.23541818907987
52.95016709450473
47.41649701119342
43.754416999924295
43.06260326716801
42.99686633353851
42.87942661343322
42.84878224345004
42.72596155938983
42.7246706601982
42.793978722233554
42.7911766812168
36.288654134635216
13.779552247639012
14.800910659319232
15.342907371163374
15.752079793854467
16.082911995061927
16.364624018338922
16.636955612010773
16.827008508857716
17.088688605758907
17.351189155102922
17.58345007180593
17.809113069767278
17.993145961448466
18.01560913347882
17.242286159760468
17.57774293953375
17.824539648138867
16.77298091778501
4.84102108982018
415.45554339621134
413.9877100828132
415.6366786608526
419.5592942773614
427.7351426760358
438.394430883602
449.47431761142417
477.6335532731815
501.5632028802496
471.19985977249934
432.8241664804202
387.111217196796
378.8791453101905
384.86392144822463
315.4759832324638
196.13281025016033
46.49153508941069
39.15737201996149
37.45597461721179
37.463692071208115
37.48113215915978
37.501961709251916
37.62157854993197
37.8083913351685
37.80307820841927
37.75387523565802
37.80250606666111
30.96221822651347
13.624362572114965
15.462521907624541
16.081965770797378
16.503250492983973
16.894628054301503
17.20652037422243
17.509045344479325
17.674919821841385
17.935587332763536
18.189210387952862
18.363289280098968
18.560423948463068
18.749756170855516
18.368486912772653
16.57132935034446
16.797306058232042
16.939306022190422
15.871202285944188
6.128899803021032
