448.62084111826937
436.6695282115651
429.67048693549845
424.06837205456293
416.31215821623294
414.6776185579445
411.4814280807025
395.5126010225896
375.9466641080717
355.6677032028862
329.67424809689805
308.6644203291872
292.4566333128226
278.5761661548227
261.12267369872296
236.05459652413992
217.75542905613966
196.21642966722834
157.96162301132065
135.53187319190886
101.84524835816558
43.800331705248674
25.61138601595258
25.461334005629645
25.364525752636617
25.16392208402868
24.663631680382977
21.654462276592515
20.84226775456917
20.0138601299117
17.425611378300538
444.30612666688876
433.9956321287069
429.40528617916317
420.59702560612436
417.3947180049675
414.2271715987135
409.3400758944948
382.2101901841764
357.5397414235932
329.9332230426573
314.1836923779366
304.7938088744851
283.9593488774324
270.7456215407778
246.23627514248935
207.29793962525187
189.4944259755373
58.592858556272844
52.963611525769934
46.61511040534617
20.198949248184547
6.896993506144938
5.936875012234987
6.058084951891512
6.410385048439917
7.157513961372412
8.07652876121031
9.18192263910593
10.346023952175234
12.673492518464615
446.7142205425032
436.744008267474
427.40151354315867
421.70421392795623
417.10596511044923
414.31494689347886
408.8011111872853
395.1788421912169
371.4469645003069
342.18010081020594
326.54320152474924
306.15404817178154
294.4611797270943
280.06614825700865
258.5678215511225
245.7019580747654
233.78999728890707
199.38948746754343
149.0962280178042
146.4937100058623
104.24732480808726
43.26345195619753
13.186104264615325
12.704973443328248
12.352560386059613
11.500104103298847
10.937820895614012
9.531093876497387
9.163233949522464
8.853107517657278
12.332325436431407
446.25468670913097
436.8246585860504
430.98731874957093
424.6734489371178
421.1688898968176
419.61829880855333
416.63706036376215
415.2321174828146
385.62183148282986
355.7898916213504
324.0125524042738
305.9676912665113
287.8849730780725
270.9297611594088
257.30808344086364
236.84459031930686
220.61515599122106
178.61210473980873
142.99994499221083
94.9473051013365
68.54494736598139
36.91001524560864
36.9183023613422
36.929988655672794
36.948585049627944
36.94820543046406
17.37406664798968
17.21613918642387
17.211164042591996
14.292596867654842
448.4744706464308
436.642089008805
429.6351965997726
422.7685459575815
418.5298913900317
412.01431007235533
408.7022262706709
385.3716092216035
348.3839326060046
326.11162030437896
313.57246610501204
298.3898639381579
287.68645767091385
272.39625564985096
252.9658498792217
240.54407545259843
198.86858188543573
188.5405535878025
137.0511017181934
64.37659577946499
22.2957665097049
21.457811361601703
21.12156847022507
20.634044201793554
20.38645998648947
20.100176925641417
19.64038031476082
19.19444860804194
18.42829117007904
27.23100417264567
444.35450414891085
434.78377528954786
431.7760515301113
424.2070869877595
420.29549916631277
418.165210934173
415.86140302169906
396.31646785732414
372.965660157357
342.7056486567163
326.7405438020326
311.4948000415318
300.53363035052325
284.89374982096706
270.9612071363279
258.30798659472055
257.86699104923696
205.02032329154923
172.92840921006257
114.78901568888865
32.940179792982924
30.663473232188878
30.116257892266738
29.803975759724217
29.696141979912685
29.49231063320678
29.016007377419726
28.904835990172153
28.687845018654198
28.327813441419913
448.4825505018735
439.328266489467
428.5785264221634
425.12275613603975
420.75918063330636
412.35878485329795
410.6241632689814
406.3138744839797
375.3024466808884
344.6215801565294
331.1583859111192
322.89179792137026
306.6582452935733
296.1054961133779
284.2937482679026
274.1074508669203
258.88121644401434
248.56672800261416
196.40621573483898
191.02614127855483
133.43394598566653
76.72923798857859
28.333810342226126
26.869095714876526
26.157332057465258
25.936465618001552
25.252909457463485
24.801726728273838
24.775491228967685
24.678488343873266
24.647411227036038
28.017250027059106
442.1214267118049
430.93562060080205
426.0221671370352
418.9473420743202
416.1179564954637
412.7778201670025
384.94048373805424
357.17114664632044
327.6219691700967
309.67130612511716
295.5189043632123
277.98885815383414
259.2274535917914
230.48039271452262
207.2238731742365
187.57455978492996
137.86532891651714
112.84884532566377
69.9463230540001
28.804565044037233
27.439710923507498
27.390379354339395
27.321254427288775
26.744476248975708
22.784808113821768
20.896425236484482
20.724764410572217
18.15223092224572
18.127587043601118
446.6754755542679
434.0534901761519
429.9376731488036
424.28189657530424
416.26937309788855
413.281476825464
405.9639896595974
382.3018391176528
348.3718084134848
325.4721852651162
312.98170999563587
298.37676302580144
284.80033250596756
267.1815840119809
256.9418134972221
234.40573152285572
208.7979584412273
159.1836783381028
148.3229841846933
103.28854844346053
59.68319125264786
14.016811838330957
13.25749974454527
13.115333060481513
12.57349326489305
12.316172624585468
12.189150297137626
11.996600356748983
11.940756552607462
11.915310327261887
16.61857617962191
446.38326698627725
436.494438972615
430.4855586815094
424.8549411846305
423.05460929797874
420.0019426764585
418.39237673403676
414.42808474927136
394.02487548180994
371.8372830876999
335.8630991659876
317.5270083780096
305.2240320427493
290.26775523256646
274.9218905384725
253.71823203239765
233.56910985000013
216.12889730201624
184.89608205823035
159.5485375493377
98.39839110691776
75.51578052382247
32.3143549939053
14.008447730513977
13.862616417570312
14.031623122304445
14.735242105091249
14.80372043884785
3.224366246812797
2.556500242059559
2.5405427633146207
1.1209250433264042
9.232715160383135
442.6046490445939
433.35573160284673
429.7311137281978
421.4023598243816
413.98901373831063
409.64037785056865
406.37275950555164
384.6125202336863
345.13607255119547
325.9991626511309
308.6985643270856
295.267773973991
280.61791862308934
268.8885550564845
254.86688626551467
235.64826349258217
208.9965594925815
133.0019810508585
122.65948099717616
83.77449714249146
38.48922293283259
5.027286958939425
3.8038447544974288
3.184365457979415
2.565042743536318
2.2214632464988076
1.504618496839761
0.9314510476677657
0.35630654104432674
6.132070386417463
443.93808556854015
436.5031650545657
431.3576106402215
423.45033456763645
417.8304831326346
412.96092359728596
408.2124206017676
375.20365711947875
335.060490521951
319.68824056916776
300.38318735058965
287.1625217077789
274.1601902464512
257.46790533634993
245.17604001167513
194.6270284670001
190.68029485392813
164.56664039480452
137.85438072854262
38.29668097217169
22.601550436891532
22.152066141645008
21.97221528234358
21.72409728531834
21.580998132616063
21.49857865935095
21.083459141458036
21.028757469935698
21.930842526343962
446.1943720970656
438.5812511022445
429.885477247611
425.1680746535668
416.62999445732464
413.850204672911
405.7178217209302
379.25532673531296
340.9542867720774
323.43590439785834
309.35735809242345
296.4942027822508
286.7407123527692
269.82170296324074
257.59403976217845
241.24234343464667
229.72543161602482
180.0525443144753
126.86087652272944
100.7266944134307
64.6976243836344
40.65976389140722
43.072190879695654
44.159249697102986
44.82192294312787
43.96108015173238
11.080716578959914
9.317169817156202
9.00778485417956
10.191771048853838
448.2254607227372
436.23179568153085
429.19725942883457
424.382030066724
418.22598845567535
416.50047627753565
412.2154354170928
411.7756188941412
394.12207149638397
362.174843695344
325.8847531831841
307.8346477556481
289.90390382572986
278.6742236840239
266.96971047047373
243.57471097654704
234.6609254379103
183.30872073591627
116.37208787956976
102.49542849792351
76.5270619908859
14.283493435201345
6.865581486011705
6.671461838760897
5.851145061857686
5.630335890907519
5.690944771669499
5.719375324076643
5.42875241999526
5.608381840328702
16.724194891877175
444.6905757910733
436.24553431428797
430.01422159367326
419.96911359693445
416.62826249159093
414.57726246789406
413.7067390831927
383.5778246865311
352.33504805548137
332.1100180847735
313.22522979919427
299.93593367063175
285.00117459589757
268.50174480210705
257.1413148057537
242.0020631390081
206.68506439500322
171.20105011513138
134.0305304431223
77.97133747144453
20.79756682584997
20.22138291932422
20.148523976392536
19.9055515168363
19.62475838245712
17.611149997581453
16.87583596459422
16.654735186250416
16.430547178117294
14.205711152394455
