446.1248063993655
438.4119343825743
430.2757498046256
425.0544731848812
419.10392313869187
417.3731922903673
412.6010966736334
385.63967870142613
350.7518624728942
322.22630528057414
308.01766398701295
295.0073695329652
276.19650047049146
254.3142084642898
221.46572927428113
194.33081700041723
155.9255321719612
59.3653250148973
54.01641178104757
40.29108364696159
20.910889676899522
12.235117088220848
12.69836584733202
13.898890413089013
14.427398006361694
14.644716347592786
14.902041576198208
15.739990872249221
16.601677213224786
17.80229938252964
445.43095658171524
435.2553662093616
428.23563342040535
417.74757471309306
412.58468197496376
407.65674741562145
402.8247377635538
381.39626554887406
354.8775760960156
322.04820964266713
307.6002729990148
297.6184353523543
287.0819262979795
271.7095686175863
261.12868932806856
242.40876572195646
209.50114711180845
149.13779285559824
16.564857749374728
15.035152147432733
13.446675574707552
12.522600562058102
12.357198284254117
12.422630629290413
12.908869707995157
13.42893114479659
13.524059898132522
13.551392346396353
13.658738580532695
13.771349850981668
11.534743785536302
