450.13766756699965
436.2151845426182
429.84583893905756
422.29607793896605
418.031387674185
418.65217915703175
414.3178456936305
412.4608958377531
381.002349153979
352.6833629022175
324.1948063477447
310.3640093868454
293.01073801171344
276.62447555297797
267.75636819207386
260.0204437347932
249.20439815894267
192.6302983506126
167.5086050948756
163.00447916528861
115.886379135548
24.27062541679138
24.28941948787668
24.31549287310878
24.139131380501695
24.14937200544492
24.12887896421349
24.0375197236026
24.0517330188401
24.053577385942543
23.850352801978463
444.4502209569693
434.55757180806705
431.10225533484527
425.19321556814504
420.60697687833715
417.9463630399394
415.15693592821594
397.9724357507113
371.2432575603174
345.4164281584473
323.40548977669516
305.89876646897386
292.896736613551
279.04362944683265
262.2075094407964
247.74521330938055
225.43634672030527
199.17961043278984
140.18513500707658
117.37725642834404
87.16469117092068
41.20682972705608
25.78123307583115
25.597360064443833
25.405433046444237
25.276799094237976
19.0919837272909
16.112961802802705
15.86200477160255
14.539560260675524
14.834824033199197
445.35412596917405
437.99901118521046
430.00285993060436
420.3330814114456
417.79624854751546
415.82549150393135
416.1002986131492
390.8405240367242
371.6097696759935
337.842936034354
317.2031849323474
302.8063277028292
287.0815305328688
274.9989495819567
260.21020647214783
242.3251858648824
223.8502391994024
167.3682012019215
50.29276097221399
42.21888713749282
24.116542308509203
17.838344525212605
17.854163207592148
17.882148092066945
17.878017943345224
17.840694682297972
14.792041688711524
14.589619831576615
14.610707034628586
8.502927220983501
440.82297827566344
430.33218376880654
421.27391632232667
413.8943389868422
410.8679421908573
403.5661620670383
373.84225372097524
356.21048914639124
330.8262122548457
316.18080919339934
301.9239422805606
284.3597752835242
267.19190353605603
244.90792300969082
246.37009149768764
236.3587949304711
229.51282052289727
184.92760207877654
98.1199524844505
30.43556730341609
29.324922970692167
28.92719151929972
28.340906613467276
28.134762180903802
27.908927734872304
27.678800328094788
27.312657276767094
27.21388970985744
29.09838039853281
446.387137894341
433.98706662275913
427.465616937028
415.2908468550922
410.594982387965
406.7093566743852
399.1476873701026
369.2505232157104
341.13692410793914
321.68490714672447
305.58929568202217
288.89337865894015
276.8311740235463
263.8893293852208
257.669664406379
209.2457921900015
206.93307029186346
193.63853260380444
140.65790817342855
50.31702293212014
23.60255181979494
22.70613984646473
22.593186976859222
22.22021834509563
21.860906233911372
21.348867005848483
20.775702755954487
19.6866901158951
23.581273183227875
447.0393839249125
437.6191296716876
426.11728260305796
419.7610901403565
415.896985482708
415.22196949553677
410.85007104706125
409.2626941566646
382.5692234014519
348.00699083984983
328.16451695312827
314.65457834448074
307.269193706251
296.7936273700111
279.8739738414429
267.5421091205422
253.9529267272297
248.90818579164113
223.77004335044685
199.6309843278357
194.16879254543144
150.41418894431405
74.39130061081468
18.48466628292555
18.457353633326278
18.453352922513787
18.473933971904934
18.48657488376257
18.500214158993415
18.51361582126389
18.544249194731943
18.5378846684275
18.62312832535709
442.45382638012364
429.2211673960335
423.19047510418994
414.72177991361815
409.1808989698974
402.1319225447447
383.7104311354977
348.012894184974
327.6979571632406
314.14968897280033
300.6595347245926
289.6547145077126
279.56460687884083
265.98084587789043
265.1029182871918
244.69386490488787
185.53504226669133
168.39045017869068
146.1987638030999
58.328393691851915
14.275098943108317
13.517268528139983
13.007402651453246
12.218061531095916
11.001683770560057
10.270908659928203
10.138458097190773
9.428113238054475
8.960757298304118
445.62194656337135
436.7106451178539
430.1224266696168
423.7808858494319
419.99657405743295
417.787914899655
412.0511020104137
382.07889103486787
352.4726098050752
330.5116544457092
317.4154602394249
308.3618895546619
295.70306580135366
282.1111119607968
270.50747279064376
259.47055961273946
258.619715779406
218.98928507484268
201.93448264182862
182.7542425645817
133.53637514207253
38.12231668403597
26.742639678284466
25.9988020960655
25.774455629937524
25.373686223941224
23.862751942942364
23.39945790945911
23.401842540433044
22.84111332008144
25.21660503050771
446.34218280206375
433.03926415864254
427.925410458012
418.0806213819676
413.6532936349804
409.06026178669373
404.9247469922779
382.29787960151026
349.31862241939274
323.8652627780528
305.03099528657754
291.78947736052993
278.1921184987714
268.90889081407823
253.024770751007
244.86930585148332
216.74177219248497
168.47744831309652
32.81022271558351
28.721384549889592
25.50256385492404
22.503018954406542
23.196276565547112
24.14975817887053
24.675292555347013
25.690327799710946
19.497506572938416
15.694868390222595
16.042478703244072
16.122320231183927
17.908703948272873
444.3827770954103
437.039263375119
431.1099781743808
423.7744559702218
418.40902520704253
416.3990441125147
410.0054726919766
390.56017512457004
356.72762864567795
330.18292211920436
316.50319940533603
301.73455730247
286.0260155762356
268.31193979791556
257.1132148604225
251.48901699902225
205.2872005475765
142.33320739807505
120.99806988460058
85.8508257909485
43.871518286406015
15.765749212852594
15.723737096963339
15.712538536779716
15.663125177286016
15.671072416633978
15.649383349865884
15.694500315646186
15.66974690078739
15.62323823868963
14.740505161897868
443.3540544165995
432.8917348351398
425.94617228135843
415.62354136334585
410.660626644305
405.62163775354264
403.44913021902596
379.29466704433963
339.11223594855545
319.5554416426829
303.94134009483514
290.9038879671102
271.5439279211854
255.0379168369753
240.48084193714124
232.7105306397241
154.5120567870015
143.666573567369
97.03863346918419
45.50007765870933
13.444796987559657
12.1822098744505
11.598859215583412
11.368110049886123
11.11888487217692
11.09013260660098
10.956218378125484
10.358781549528782
19.279716058400915
446.6531121426075
438.1789751550177
429.7077064032635
422.726672514189
417.7261568225907
416.55805949147134
412.2498116054449
409.87872749206554
390.73429095782564
358.1449130513049
323.9575796947874
311.01459195262123
296.79286556486505
287.6060075820713
277.29170851215696
263.2571752080966
270.08156812665715
232.3262243115762
180.22333128138837
142.5415801440831
81.58713795499317
11.729077495183411
11.752504546587634
11.416309495798847
11.378692051625553
11.097578129259057
10.952495419751768
10.77013041179315
10.739101970371609
10.691989397394746
10.510611173174576
442.91192422404623
433.42626947429125
425.3674137581359
416.4805259491622
410.83862990689346
407.8232061755794
401.83723469668985
377.3422831910611
340.3996307585788
330.0415600262053
315.90249427836596
303.2594622656435
292.276290073398
279.41747019369654
274.15537012400324
282.86396829258604
243.03643417079414
239.02685606199657
222.16295510242074
154.5808836255755
28.581391266819814
23.91181810219622
23.5846342107281
23.333071244701802
23.15680951090408
22.618228456364836
22.074313771589356
21.782860931195895
21.83322751923309
447.85371619135657
432.9836861453256
430.7536372721599
424.7388027659345
418.01100871580627
417.01818312903174
411.056423444301
394.21868602996983
367.03128677789834
338.2026083898508
326.4381257884957
310.0974103533436
296.36880355588715
285.5767408563628
275.65273930483414
265.13655355285755
260.1637295757582
236.00060416921897
198.0466014462937
5.41832707553798
5.419471973561891
5.420707224521399
5.419256895571065
5.430131030605936
5.434039394882084
5.4338522271043
5.425228807102603
5.411339150011116
5.4087987550895384
5.4098320365895995
5.412633174029382
5.407652748887323
6.212603548917974
443.94378524216626
431.99361062586024
426.5011381427424
417.1393517344015
407.6988927792687
408.17008015574925
403.4463586192934
395.7532717890358
371.85558407501674
342.7619710989652
326.5588016162471
312.99829184522287
296.19697147210724
281.7437374593613
266.342096367659
275.9424348647198
239.1345640038409
148.55016180666343
132.3313595588588
114.04526964730591
68.78540290022787
16.49717999878471
16.494341475366756
16.426196966227007
15.5326222714598
15.529787999731967
15.5253184552094
15.429297779917711
14.273381063829758
11.660585810272904
13.262035674468974
447.518311955899
435.29787391236385
427.7781247471232
422.92661209691954
418.33263675270325
412.8467669117131
411.7009993313248
387.759090393204
366.1703775909396
331.4959878428577
319.4142457105303
302.1598879338996
295.12982320058353
278.64321329882165
255.29308209277173
232.25050360566493
201.43413256695973
101.74629043121723
90.9314516410089
64.6681896546799
39.51932193894803
11.00827718112048
8.917455788307203
8.937659693560674
8.939876419172347
8.804968366469796
8.786216867563871
8.628400946392366
8.58937175413133
8.318162785631344
7.847187324869799
7.649532029657267
445.3385312113905
432.5415211735345
424.8387587243038
418.5264905656673
413.57071226075533
410.96934589992253
403.500619645203
375.6262241093628
352.7616920988218
327.76830169827633
314.60651652907245
299.19973713175665
289.7869179127398
280.242451412175
266.8584371181378
255.04501200002363
238.02576166994763
209.06343636441855
40.014536239314516
20.591807628380728
11.218677763241653
1.8572060293665136
2.583945440435961
2.5944958768077497
2.575899567199209
2.5011065317715655
2.457425812323076
2.4197382669541843
2.408183298607113
5.977912664103171
442.8763416304233
433.1511180065514
430.3616707710182
425.9141795198445
416.873116063136
413.2888970039162
409.8518142532163
387.10822335765914
354.30570652902014
326.8501733302117
311.72741538024894
297.34570756439945
279.21704874180756
259.05829360834696
246.451585292921
228.671810736488
203.5687116522338
169.3029481830884
134.75487183685152
24.838207132205984
22.9034169421049
22.501379013863414
22.467896246101855
22.11069289291031
22.035434402139046
21.933873197265417
21.907318701676985
22.06009322607207
444.0669785080487
432.83272953663675
425.24390823993156
416.6500540374348
414.51479259108487
411.8390556081779
410.48670722551316
383.99219856340187
358.07975997685196
334.3245276656736
315.61829765092006
306.0945858977507
296.89449338627355
287.91309349511994
301.47060199335806
262.2921894812722
178.35317214877742
177.80811470194124
139.6233841538165
22.313738538631185
12.381756304907821
12.046546807566164
11.93005510653792
11.931437225098563
11.82349497610026
11.815539936579023
11.376479929589511
10.28638010414251
10.114442980774177
441.1821613365146
431.9721644711863
425.8787583207682
419.037637273345
414.03774274328003
409.9681222216724
404.22291900141903
378.2149882059465
349.96592172104874
335.5288425654306
319.4531291395043
303.7731279084407
295.86387713603403
279.8717266560717
268.18551948417803
263.225196535703
244.57136391920324
193.66541588585793
178.08117400759
144.9792343510017
36.233049412158316
19.3168946751246
19.163086472620947
18.839504536157115
18.588395539683088
17.904870044489492
17.236377677031793
16.416964497076
16.042933080025556
19.479093999875623
445.5358332902372
434.74597116965083
428.32996597663566
419.2343754645448
414.9168570204343
408.7720502636837
387.46759940822255
358.92395070593506
333.5434792427983
319.6810835545415
307.63362261067994
297.6901976766349
280.44836882924795
261.39976807412256
271.43177094307123
242.31983747182454
193.83921705202226
193.7126659423613
175.64658626900876
151.4963951675182
44.757184278691916
18.52572426148729
18.525679164181017
18.310187942438287
17.17231255071619
17.06853294023219
16.913744854506394
16.766280248332496
16.22616923387788
16.39235213509341
439.95982574407867
430.5580568101105
427.4366741000631
420.2379802684444
414.23303004544385
411.93858270213275
405.8652884197287
381.4556059473349
350.3611354402278
329.88822561886406
315.47779228197703
305.0055005280213
294.6519205797095
273.2798096779952
256.6331603829967
240.34052511886773
208.68008007331963
179.56593314044062
39.754686277944465
36.78389646177897
25.039314556995198
11.190517743656617
6.571912198316892
6.543580301279028
6.591028034135014
6.5679147017628505
6.896821528160071
6.961921933069345
7.114436506566907
7.049585214041634
14.272900757027417
443.51601838396766
430.7539401184421
424.0609238634685
416.06171115712914
410.15636260604225
402.7177471666691
401.2573117430375
367.9578867582653
335.78828271436345
319.52464903921793
308.80325341352085
296.2946784194154
285.4532247151933
269.78579441306607
262.8222739727726
261.5205047680161
244.74987568930004
209.93670523430737
205.6928719652806
176.4089346497906
106.51601607812232
17.762413239754334
11.289109460393774
11.244600783139303
11.098272221360606
10.942649936359073
10.768458210951383
10.72317561866541
10.651051311403293
11.942803664586672
443.36072513375365
434.0631468444168
425.08032105000825
418.70728776216794
411.28451811553674
405.7179616002058
400.87772390638776
379.7410892431284
340.91178416328427
327.4975580008368
309.1493789025448
296.17304667219145
279.7616956012333
273.0591353131278
280.7610047454191
264.1102810398742
233.55148032451615
231.80429571455386
218.52451734943634
165.65220264802676
40.25450428162688
16.324382211946496
14.51622801145331
13.634900172320007
12.602081952744303
12.302593821059865
11.839389150416595
11.255954607028087
12.361068388083503
445.9094502464099
433.9499771889933
429.75204933722205
422.51236199323176
418.90956678122274
417.5287445014109
414.1144317667271
390.44722979912075
365.49273728409906
333.38876524345534
315.8265419318821
301.9343143012255
288.4710115562218
273.3854635640996
256.03479897260644
233.1256816779675
192.5814615030277
150.1271419398235
124.75368716556896
104.78128842306248
70.31968981782948
28.610358485993952
28.586890403554833
28.487634322503222
28.442037885543648
28.378607690477942
21.93932484069868
21.225608036592316
21.206647164736236
16.961496747068857
16.33575563779396
448.82787672811776
440.92562139823343
433.0160741500489
424.8243251135196
418.1821886379746
411.3953535751954
408.52510529841464
403.68322069973897
392.47405861663594
362.6640473531057
346.07503779113983
335.5046812688645
323.3410226607634
312.5776976017109
303.71996157387446
290.70103015320103
283.4716002129707
283.4157126966822
254.49569928714362
193.95081669544754
189.21886562550316
147.75945706854498
68.89571888280956
13.898606769826323
13.169006554420394
13.111749174396596
13.12742665699783
13.046442646856848
12.88039609903618
12.467485563862702
12.307906600789526
18.286369181184117
446.2485223924176
433.9898739705007
428.0344854255387
420.41547622400077
419.0351446356844
416.64297094820756
413.9627236257858
395.02659618045584
370.2204242922729
341.41728323072914
323.14554748161896
309.8174889266496
296.21806311462285
289.8752988355202
276.8729332620143
263.42415800375306
257.01015063548255
251.59930058030736
162.89972871925238
155.75756459676256
110.97193775899453
77.24127448201357
14.50610473645941
14.019050917491766
13.90524527605109
13.636018033740248
13.34518259169681
13.33419426813335
13.336725742999526
13.085279654224871
11.908735895437966
444.6657813795383
437.39018574077403
433.8959604961176
428.06236590570853
421.798618396129
417.34728937169507
415.8592339543921
399.50048943915976
372.5077309989264
340.5460635536829
318.4252571120473
303.82269438926255
287.6036432461261
266.1138018739786
248.92235962967348
228.55234997048274
197.09510508195154
156.80371391056562
148.0638511151834
114.45207366597911
57.34386893149939
21.479474630269312
20.199117157163727
19.66155586095722
19.531325655124554
19.363502240483616
18.917680662462253
17.52613900166326
15.665228907947359
22.336274099203596
444.49287151868214
431.10977627786235
423.7067189305497
418.4596625825645
411.10174448174087
407.3207156294799
400.9960690019298
383.3315211523106
353.7081722861922
334.1631743336981
322.3452172838766
306.7366326049779
292.91381933610563
279.16700648457874
273.06367280655905
269.8818917671731
272.774582249564
270.8708676192757
250.47422795588776
245.24779141347864
174.2615010378633
51.75498507847132
32.50337440104833
31.859259363735514
30.941449634787187
30.131591644564036
29.72749300833349
28.783446805248545
28.214293268565537
30.65587779265726
445.46728070240755
437.4339041050511
431.59822013605054
424.96535012864973
420.3248744391703
417.96497582748833
414.72078160478213
388.6022860442341
354.04301107642885
327.4481699028763
314.0070940490394
299.2198887466166
281.7255848366827
266.86220915145117
249.09963219468284
226.98955405737576
206.01572641858792
181.40044302013646
133.5499619434698
104.45956329562637
61.4800293830052
26.632551639593757
20.994139939093003
20.76687140905256
20.522642253626863
20.190691011676375
18.742672767639945
17.90941108798612
17.5946800243362
16.498585436396006
21.198833942464862
445.4389157805264
432.09714226710173
424.4479778542751
417.7758096459125
412.4047867878131
406.1290482865855
400.90594608052504
378.34079281063913
347.0087193090914
325.0977837593057
313.13330696488146
304.89300678563313
290.22808304260946
276.78796309164625
261.3184211236571
244.7734079541395
241.95385776458187
222.68017082627037
193.23730081717028
174.90317788927214
141.72005814088973
86.32664024153839
18.11356329484281
13.962119457248846
13.186195085380835
12.852075052503166
12.501770895794156
12.294345596709807
11.736833576424743
10.894218566814292
14.154777580855365
