414.70405827619766
415.76884256503416
414.7674499347861
417.5486491830384
425.49324397806873
433.7621537029899
453.2134197311809
487.5919926051892
452.30836465864667
405.075985399902
362.97664206275385
353.08802193945286
348.34502905822234
260.8001678358048
52.31240429092552
49.71373183314756
39.86787450375553
39.34111848043182
39.1426942857855
39.166703854623634
38.92071478321794
38.872863579326435
38.82489800711931
38.78418774700999
31.158189403409878
4.503685383148894
9.622413903978533
27.99067267538664
28.334132111868396
29.082997856092422
29.083280793239542
29.095478166388673
29.12785261714857
29.20977826037852
29.220402214684256
29.292373722864898
29.315656104744924
29.322543235182664
29.289620092269566
29.293850354788248
29.357511324923532
29.36879968311668
29.35501602025215
29.374433658058223
28.290063445132347
414.5192798373853
414.9270051521498
416.5251586557954
420.15368975252574
429.1903548793085
439.7623722161995
450.9842257903609
475.58495740519993
440.3340369757149
400.3915523429714
372.35144312616546
360.7166058610155
340.0004620923235
279.0367623305598
212.92768449645035
107.98239560633277
80.5612011588821
50.809451813611425
47.12516092612428
46.98979742423841
46.9271406560811
46.95702347601269
46.885216594668044
46.7353002223186
46.66001432956804
42.712574705680034
24.635225639795447
25.898876034767365
26.84953727962085
27.67352748290623
28.210879804881642
28.43662999111893
29.09443444692053
29.471011198323477
29.533333741802128
29.604601488046093
29.694008058955482
30.175676518230066
32.755286009617215
32.89579203636357
33.01665870650484
33.15594367571378
32.00659267823886
416.5714803661245
416.5991503557622
419.8647446554173
420.0994445459684
424.2644083533563
435.71897783439704
446.8601239785237
476.5211201835532
440.97606072848373
415.13520005368184
383.6014722832384
369.0193661408682
360.6834271266414
310.098612360658
222.15230298334185
102.17564686200842
81.72195493112672
53.88815038943131
47.11902588315752
46.69126014137916
46.645981728976004
46.6318556024135
46.61112071863757
46.616640824351755
46.55217816974727
46.46330412547794
40.30238870946701
29.68939388616522
15.96094846880645
10.247424961990124
22.027055739014852
23.163869255165505
24.134149609932283
24.418365854764296
24.71878624391548
25.157934908577406
25.503518357479187
26.12788131034324
26.50089510313391
26.935011363840797
26.9923895186285
27.478058285574182
29.52329109835094
29.754324542343927
30.108352336864527
30.40587079296494
25.917841289058476
