252.4262707244619 166.98571458025356 181.38702751739106 99.79826942927112 49.300608602855846 61.47743954194912 33.747558026662254 25.039623550836588 35.24375049204028 15.733030828308065 5.077493245782753 9.162669068342783 4.515769070021972 2.1505653897240498 4.485883206536743 3.9617004902535013 13.581060937957318
218.16719332062266 174.60503427449217 100.42356756812194 91.26542770649786 93.5152886584762 40.47181849736607 27.475973540537517 20.24585612463038 17.35160444755559 17.7995252290305 4.17412612484192 5.268042295834519 7.124625747868646
147.82697728267854 140.23555308329338 68.67026595746167 53.31585148545577 33.2821423987157 39.56910476386635 36.24834678922967 25.704345782366122 35.66324901829505 27.05683271643343 28.125241647161154 24.62657785420458 27.966305891120776 30.8614744796522 42.930970717831954 40.94406591119001 31.436806792178587 35.056684575990076 29.02322451823862 25.48534230712234 30.591739828051654 24.242277723844968 21.829697396280793 22.443920092627987
372.01364234746626 347.0869498711292 321.40638573471523 124.0677938356265 21.849971931459347 35.20951158901962 12.381391105109993 26.412002108752585 21.129033580522968 16.538557726523567 23.421050898106333 22.31629725670394 29.145652058491255 33.29351933812057 8.301126865412126 10.53051555743031 10.720418340722066 10.84116104069136 10.871391689206956 10.893528464962463 9.23131129603296 8.89896744446636 8.88867553020876 8.95242461171638 9.065576437100404 9.099235515911461 9.034290371155285 8.19409703617044 8.296112241069961 8.36580584962029 5.1130698093562215 6.431036511600198
124.97005379899285 122.32302200840132 115.2190431676816 126.49392370988674 92.16678513979802 98.77795500004542 52.35881403317676 26.457821311973124 15.48315479444845 14.058660458127548 15.309456004089595 10.89174507967255 9.302615956158032 8.613076312242413 9.405570652140035 8.913128211461807
149.1775972599024 132.60939489234218 131.28791213792144 50.723162538708145 54.476803486087945 20.889987827006518 18.99811973325494 16.04137024825907 3.073030219960853 23.207480251862243 20.929514657932323 20.25981674187622 20.312979864437995 21.62658012971657 21.46352101702226 20.78252216235785 24.72104588680111 24.5946259610409 21.827530938754034 20.226140724344116 19.325866689702277
396.47239798354485 364.8825616409822 326.9862111884447 277.6325102949948 149.71724465037866 101.62281145695545 89.75578493956178 63.69003076134007 55.15189075455644 58.579056799861426
134.0791915552388 121.97153510380818 109.44091260426973 92.71443815455099 77.95093494822342 34.69098313473609 19.592392516448484 19.480210780241297 18.572066056405838 18.360597411608797 17.50997164005832 6.798183401458112 8.225040052811302
289.0573538862639 284.68935430860506 246.43970899535094 102.22652005155193 57.70769661797037 51.484244240500836 32.68975691140402 29.64626031952291 21.684527702579313 17.140245582741255 12.318287689283451 11.452234314544274 9.846324785530825 7.783816699430923 7.748139636085038 6.334679295448024 4.482499102010794
170.85442214915025 196.51803391099145 169.50316908729488 209.0295083778254 226.59866354561976 208.2561167606423 106.66167866083828 147.28094576677157 82.22879455298543 87.0264917682684 82.47032044726251 57.13638291988448 49.720307147641044 46.44299519341586 43.507430631264455 45.14261606526102 42.608669847040346 41.17316183177766
389.2944935559835 363.23644288219117 339.3230277513264 317.34448809593283 286.08414880650145 123.88294093562077 52.81343669752747 40.67181048251048 20.952639636432934 12.445076338527027 11.49821418729247
