369.28124907017474 331.2010490627502 209.12556087005692 184.51751485958565 143.59092027700652 135.0803559142392 112.60445847828439 120.59630463891821 82.41418968433176 89.0862926313801 47.730332871428836 53.11997999329696 21.638333324415104 10.310708253076402 13.404541605418881 5.198587338562308 8.168362206401518
114.85136649198567 95.76616684183777 59.454580454752524 59.64233778361645 94.60129636844192 100.10613633711519 133.42157067235567 137.83271377106817 137.70763482940438 155.28205304373773 221.75736677719274 225.01613156436724 262.7866308975248 266.7567584174014 271.1644139547351 271.071269237409 269.23027253201576 255.13520804603783
339.410454632626 310.77978892468155 310.4200794002091 168.49514089328042 142.82342508720583 77.82028967038246 49.423031918005165 47.96349186331362 36.1549819353258 16.8104749868163 17.878564169744234
363.75772584670375 344.07145767031375 326.2247160098772 326.89251745319103 319.97277813684343 301.8612666563705 118.45323741611747 139.87574141350038 37.33599892404925 49.344573014458916 54.57924485789209 58.16810674130442 62.90709614995852 134.90617182019045 213.9092710897396 213.87287697682376 226.89686139064548 229.43495291802006 224.1634244093484 224.59973648974835 245.24336670039202 247.1649136158366 249.0607784888672 251.87741482024464 285.32106035691294 289.8534779679817 409.6704405548103 411.0769756707834 442.5542080486066 200.265357764767 214.3137885875515 244.19451726127446 244.2102936455924 76.89897155971254 100.13670792276444 27.414476430256858 48.34460202204277
235.46005706398006 213.61781319241175 269.56837050935843 158.77951829496533 167.78462492685497 180.9617066396389 124.81642755199424 184.76829013424836 197.14963863885444 195.48822233867423 182.7174142395497 179.65749244572726 179.37101779762418 175.9676833775276 184.95820046930265 145.15343096230916 130.35711594882738 85.20514509252068 77.98189003035161 38.92534559411435
150.26907902091745 123.60967304705876 115.61902659305527 202.26885623867454 207.2990981006786 270.658982860634 139.1794333814333 139.67621694658578 219.00473506651673 98.60025190880054 102.51138641795428 167.9829026066799 69.38974158158986 62.12231824809723 34.022347444183296 19.702023002909346 13.704104861327306
298.8401466084876 285.58721874690553 254.76448879450942 263.59828472569876 250.6272329668318 249.41857692944362 131.64089676283393 48.44155469960043 57.37456052263346 15.2960485869896 15.417859778643637 15.387589450749573
454.7426540284883 408.81668328974695 370.3239564465207 332.946266189149 310.9103861669504 272.3642873312389 207.34880203566078 207.48316202742788 100.13281849252932 101.72100216359888 43.65162226910562 86.67082710681497 22.939340602557486 31.873825397995812 6.427887897303239 10.817068422022443
295.1591434424556 290.13075484243797 143.85469408072723 127.35620484132315 43.519740437882 34.02279450119968 22.626754143996227 16.255396812510668 27.079640755394703 23.782539841725075 19.220937503108285 18.71267352705725 5.603034290820265 7.476365990209315 4.692890238083557 5.296743574213133
201.38875039203114 156.78398336731436 134.45783908142863 109.10749460982412 101.77989434798836 90.557741214894 93.91450932350908 23.540993338880682 24.052705111504125 14.326146716882887 15.922807870610933 15.400634440104488 15.847815557335837 14.970455830090213 14.625384658130391 5.950112856124714 3.3430328766108084
142.60262103119155 39.30374561553668 56.65813608746859 214.4454699783194 212.05609957485711 318.89567325140007 118.34484809283074 126.86410342959074 220.80587789545493 226.75166973845865 290.4540061685807 163.6267849501941 159.72138152620673 150.69703134761684 56.193680968924376 66.73909165506817
356.1625040144949 343.2452632330254 307.2173300825142 299.33166738062346 315.6230489326898 263.3730886322116 263.3457362715465 142.55835295032048 54.88529909989357 63.49850590987779
395.1987031905513 321.8687907262433 300.1267747194848 241.4303192276142 236.01654441668674 168.0522902502321 130.32464939546725 138.61669787634986 106.4306841886817 55.28887393340952 62.21835805245028 33.79382309634703 13.969977538364496 17.115151934729166
171.69345986237792 137.578690466771 126.80684072034454 93.68054078169473 73.54902274168417 71.91501008706089 26.796000604595243 24.502731457165993 24.998105085798443 11.107058722056763 14.253052316641583 13.530341676538148
206.8151245256449 208.83974095108735 138.89570124881945 137.77089382086095 141.03630576097376 144.06740550877757 123.7644899046927 41.11438928918869 63.196045522909785
278.5945012804851 262.25234222595185 150.34093913325012 173.02926730343512 88.02671716275822 188.91403348647637 192.78851348237512 84.76800719548719 91.00911427441713 20.395396795623654 25.907572640362382 4.855469686723271 23.106562079039207 5.312165473765671 6.906798956538681 7.976551718209338 8.215552328111285 7.899250557608797 2.4325099975296767
108.46984953172293 130.53913263638856 152.43986503689487 186.67640949479042 217.46219446747102 220.79365978137787 222.88357011944413 225.8446211184641 210.2068822609769 180.22106655767388 131.32064325547591 48.56709419659816 55.401716696445334 18.595706244902658 23.24924352090108 10.057751257382138 10.886436948669004 8.958576472634897 8.439842028996173 12.03332943016347 10.00827207037659 12.165172979427002 4.946114301522988 3.7703436736957454
136.11115462677478 146.1645206042441 141.23657060208456 139.7533776678531 132.3147654895288 136.36939613125134 55.22497641703339 38.87891774357326 41.53842884264405 20.882595632941133 13.450548949440012 16.347105923896525 16.664153166648173 19.14296799808444 16.731748795231486 17.92490043392864 18.276288564809573 13.735280637033298
299.9110972756573 280.88432637270296 259.0043076145558 224.49546758749602 187.24333555324682 186.13568467415627 159.52226580804253 180.79234438716398 161.06623281216315 239.82832374913403 109.84225978108091 254.30598063613607 124.47773043816377 140.77728836291223
222.64914075045115 182.64687862067635 135.93404219529845 124.76155245827015 69.22004731004648 66.99046412773883 34.14619317050864 20.67948390271509 19.99849660198008 15.431997893631873 13.387366595164712 17.603048708766693
262.57995827160875 190.90528933870772 169.65999178526008 95.71927344442032 92.13964245096506 55.391343936786335 48.577835251120945 22.971163268738074 20.76899584182297 9.177644213202335 8.327746057873382 10.567024272435782 9.64828126830312 10.840641660162955 10.621757318594096 9.069917559981473 10.801811610299822 11.790970106909446 12.36612418805289 12.608621500470491 13.014571627893181 13.439426638645136 13.649916346003382 11.323257537361695
434.87817641297255 313.46009949619355 300.5345120132172 170.1900819818781 186.17914526398013 105.02026764028778 152.05839323506922 81.70266088291415 97.68285511256737 101.26300713564748 64.4652530291422 65.03967339783111 57.0324751895357 46.4480779830999 44.81969866367866 25.610711346920016 30.559412135109863 10.403379718446544 11.36830399565405 11.564281712190352 11.43390652934052 10.997853652038678 10.428644299966448 8.939741357733876 9.608334114034667 11.711723651293669 11.486397886646692 11.36741840133432 9.86686700728398 6.1249159037393754
131.6162131304211 66.42795443503545 78.6398962451797 87.88872202681905 97.27515423441992 135.34465889767088 131.0694497255787 155.2604991543534 158.481984706252 203.64031319627063 187.71624973865082 225.96899326770279 136.09482072157243 195.01606118871956 23.873370450422684 63.66068348811461 25.63077258724694 24.274035164190472 24.27926307319586
315.3713537494748 286.29328419517014 135.57508754408462 141.0148722010049 143.6578006120812 163.08204614917213 221.06165519665134 221.7438736670354 222.90067798674417 223.9316285545758 222.54840630906037 210.68752634616544 195.48198570056255 194.66281093495988 178.83279220965986 150.32282178376556 125.07662509612025 92.97963345518312 73.40141736973936 59.80678388105878 39.78470766493901 32.86085415335472 32.81752163057581 32.60279709455023 39.99408768444084 40.04758918618393 39.66925858225424 39.94744206992667 39.96746328935146 40.05594436843214 38.725614809608444 38.99435978601767 39.04022569208952 39.02077431191048 39.259434624567284 39.1491454594036 39.166634690157835 39.16202530375459 38.15984070864451 35.45822874526327 36.65369766524797 28.001476633451887 32.99840272199867 31.802505990040377 30.182695328386696 29.632780539157984 29.24395367950878 29.010659154652053 4.921738944932806 5.622458603506315 6.403935119798678 7.079210051016423 7.6232482809837485 17.88164085103577 40.22896802405937 40.4079169822423 40.569457923465556 40.52033050547352 40.33980478568332 40.394153235821236 40.174839446288296 14.22387825764194 13.827480143825312
397.70695366523535 343.96463721811176 243.29809494884603 222.74891584023536 149.99618546612118 150.70265181880856 128.60422885000537 134.52998168460815 158.02688510053275 162.765316192133 147.1219461052867 59.59513816375278 58.82538519045392 19.375955017758077 18.167786946042362 15.069436546327111 18.916933504989267 21.994011065628992 20.8500879181914 19.98796408562844
234.16611532237155 200.69244485058127 167.20276923311926 122.69793639011888 54.978520131186755 62.46127958315279 30.27495430096344 12.286299158709108 14.868294266767773 16.0799318331834 16.524676271633016 16.66439571375797 16.466908786658546 24.148392646614386 24.241349993895685 24.317835391575446 24.25997322748813 10.2816214331052 12.439904363849022 5.979319655018236 7.1559720453860605 6.579508816394994 6.577437752852604
352.2595273569261 331.5461857734212 187.9308119042582 183.27707012710428 78.88788900597902 77.59601117966604 33.314699491579766 31.618121154003905 10.361035919954942 8.761989222872044 14.878207121512752 10.304550244833854 10.574908435949764 14.847516983813826 16.89503328468554 16.359312164580963 8.90304457306744 10.984332976816656 6.320370692155921 8.697903235438794
375.10656680040853 350.13191715391673 313.1766687576479 301.8417389465632 271.728831767688 251.30031046372162 189.11205144751008 92.81584535904406 91.42858114459135 54.79852117806536 53.98711451811174 26.463612039112704 25.77956268347121 34.05182034492081 33.60262737115262 28.225286148810806 15.057912841024578 14.457691331189807
392.54998401307944 367.61286934795345 341.2638342805515 317.5394997691739 287.15793663622514 220.91900516766074 77.49251045868994 87.6137017587895 26.016555485597586 33.70338187628737 36.39371129428357 34.25055991726571 29.867508470407873 28.325942020157523 36.56876453515177 23.8475511750228
215.62974545388047 161.39648444540123 190.27006157847407 142.45726342688917 146.1911328972105 64.48441435622115 34.13260558360715 40.50658666387795 27.10020551459515 17.546081908467244 20.111520297243636 11.645261573143268 14.271662449942575 9.016732663941504 9.581648837204193
407.024051924183 275.51990551762054 285.2177483847651 230.05394417224937 281.0864751294742 170.40984895896565 180.0615550617558 61.58469189131576 78.39684711110785 15.46247677214404 39.99944316444983 16.03926755588675 20.447476139607648 14.193053040244314 15.229256283378175 13.750582329249248 13.321290121716425 13.222311020764705 2.710722010585332
220.4528978545704 186.16047983887458 159.3765701987996 125.63748392530995 46.43404592144847 57.249209208290196 61.051986741084995 20.20296371671943 28.09941917750973 9.22312660757056 26.097682200487913 16.001438312426625 19.605751644669166 15.118438893982995 15.791101924448473 11.940592662428521 10.992839014372738 11.207345656989503 6.1318590949208565 6.5247161723338305 0.2754386882175953 0.281379690677585 1.2048258291883467 1.210156028199573 2.2484341886952093 2.2370708962096906 3.0815487012918417 3.2269442765083665 5.396225512880336 7.139819795375916 6.6316968396493445 6.548770022057742
300.7348456683263 269.7409911448213 253.06198084533548 252.2156782345921 95.24500439368157 105.64581755518762 80.6441254696249 78.0259584861263 131.22427261402368 94.31501686466686 114.87741889956318 143.25335533849622 14.945053428217768 4.4841440748407395 14.39541230103296 15.570858645921767 9.876244065847153 24.446613557744477 7.260620131287836
341.65583817247483 315.62101905991074 298.88717633852144 244.01938690131578 274.69985203978314 285.7462895038857 317.4283703820123 189.66262804572122 83.33185231305649 115.45825902782398 56.61511503786052 35.70146750976423 49.963250263654025 32.76504050670198 29.603894909029478 30.27401897793255 27.303615850759083 24.647613127717882 24.681762466803736
367.77617176786947 285.8394031177558 269.1844344007689 266.2403345004225 255.95670072186368 247.7125083868606 252.25453319204072 109.603779670054 47.297855614012555 56.10491213353302 17.84499236963877 15.127616588066656 6.952970525997618 3.724281398991801 2.8969212870461054 12.03294115488797 8.890828618536661 10.374978471337936
311.28712325512095 277.37395316762877 230.88370749289513 199.17877314288918 160.3931338550638 83.04912489121564 82.23248113149063 39.98042500725924 36.979926798889615 15.90568672396703 20.0204953641536 10.195937950548254 10.51242050101585 18.141847955179507 14.27732260841225 30.86418477076612 42.041193624650184 43.980145050866376 48.79035546044885 38.35274063043484 39.85012389540295 42.44433083534814 41.78403648997673
326.9862630475573 297.74515235512945 298.53763834301293 269.72529313907523 212.00339891605512 222.85506357866015 154.69854225346887 157.3159027220391 112.6012937226051 122.72851901999292 78.84518628653501 81.62825666691016 67.8177696177486 65.14729612196231 38.566563722016284 43.58498271484911 26.091074915774684 30.501976719712644 33.90872290233006 34.20358532422362
268.56140800685483 254.3041708802894 152.842295895564 152.53504933030226 112.34069748482882 56.485352855821816 58.422311383301746 30.63383126988548 21.25763074849326 24.29399401861735 18.325622719171 8.306597110157913 10.077333802757513
93.6277610768554 95.65233271200012 86.0990339689819 83.25406813442994 50.93745810811301 58.5203517465654 30.966682651051972 32.580209805162944 18.48132798837636 19.338310954678107
328.07978347241374 325.4029953798574 303.2065051796633 270.605004188751 285.3443672400655 273.49576288763336 266.9020664760439 271.09583669405356 315.1864505317651 311.64550668777645 301.0953572546754 308.0408689144144 154.22285950673538 170.9195347242572 58.30282950545706 28.868297610628733 36.099514974710125
368.48771580863905 330.443588815004 277.7336717504451 222.01024286092647 170.73732882405605 157.69708202395117 95.75755785619103 97.2058948872135 40.31583544779819 23.84082785532876 24.692862979807224
234.89572758423057 200.5015345582977 173.39238734239802 183.09506767693944 198.72085890051116 201.93505724640823 201.9137332614419 202.2808212531519 200.7805284963772 86.41483429063798 87.20446525886372 27.008384031823066 31.08342942957119 20.687404916777876 19.55161969661581 20.349482346300668 19.34045354358924 17.259417610127446 11.934324109738961 8.062117192655565 9.276557454975812 10.929999439759625 11.867576241391324 12.237887217517967 11.127588025128025 17.077349931988852 18.08310636641403
191.43272467532967 153.3847290278043 149.2999046387021 76.02208666756836 92.96643173167725 93.63661898092428 68.95541617252121 41.16323905047261 36.8290241687766 18.049675105205626 22.687578446289784 4.340238345604719 2.1767406721367752 0.1844453680791983
310.8606102501952 281.82761687862325 302.19091791877344 252.88643749534882 267.7280315314696 211.31486893687475 184.97022817940615 184.20919110099115 130.67177422392228 127.79373014977999 160.90615681217628 114.24952357892707 105.14152829960396 141.5376129372153 77.03348924958651 46.50831126322196 51.07053612626942 24.378444153062066 27.850946854495053
172.8024362715091 84.54219905753452 70.6780330869149 45.27987086214833 44.90129458768658 56.14821965994692 75.15114980293413 74.69837817284922 81.3562400341336 71.9538856276973 74.8079662557529 63.64801875757753 63.05929172290565 57.24660596858665 53.88017393255763 63.55071839486009 60.33245402663231
155.0854860748853 124.91376243568821 115.4241162277745 115.36206299300531 94.0178891965738 44.11868806688804 45.74111188622506 45.61748181214268 40.81621795987615 43.521677695574674 46.86898755388499 33.42288517840106 6.924939439747636
400.70858731864354 365.0729528198823 251.84173743282255 234.20621355999745 173.97219401120577 164.62949723020293 90.05227500753136 86.7997956282817 37.37054804052918 20.118190833896247 18.904897480940466 10.707996551541862 5.005148351085939 5.406812284839035
102.2491329726737 70.04927930425089 74.56389172781265 162.19670045405908 111.60872208470697 162.38361590667188 83.34808182691711 58.13439955345872 25.94070558885581 43.56304285528272 42.808456230911936 23.596891043678188 22.930043064055837 12.266476120065915 6.795992871468314 8.740689337418807
76.1786566505022 63.90238276318326 70.28136709590932 75.32907711560202 59.20273849146654 62.94633716085732 34.208271046940105 34.75702211830804 8.669999519794594 24.798789299434457
185.07709379447235 297.2772498059879 266.3109398723791 322.7992050570517 305.8140165486316 354.53187794924855 192.29151927002312 155.18786930272597 229.00918270211002 120.31327529543069 89.72808874121317 115.96831365299724 71.83318148518282 52.449044858716235 43.69397858281842 43.939919325066164 39.19825273258752 35.377919550312264 37.2925958397296
172.7231951278475 149.42843496512927 143.46071174151035 132.6246358143122 137.32231697625815 145.0800626504469 190.68598394308265 153.037350890158 239.45686381901675 286.30570922020894 176.84602560292433 237.67651926175094 273.2736802834178 20.96209007545453 14.903765203683982 16.446845991494367 17.32736984803726
206.7270309533177 178.89985452853702 148.73202646415896 105.16865340585387 11.406848714652003 17.807592437309356 17.718764820166808 16.189455744518014 15.000857488865979 9.993586542804756 5.292728452030814 16.887965884159033 14.068759864952558 24.914663788279654
150.59843748769973 124.56046761999372 36.8075379588128 34.015381794469135 31.678169049371267 39.147086402724895 49.12104703952223 66.3546484787581 89.86468832810618 88.78854223949472 88.64429029809104 84.09493665416716 19.647756148655937 19.754250419705723 19.999547450595372 20.229947495709865 20.62328464509889 20.999797013873135 21.415142684388638 21.769602521649954 20.230227757315557 15.125226974553101
210.58946644694885 208.3313468236317 186.5369488337705 77.63525746601327 54.208908943793375 45.10314318806526 27.738823901286057 23.810311984650426 14.365047611537669 14.573390312615084 2.2490160528561356 2.86374930178844
149.20888158405504 134.23299864677224 134.6874277165896 130.66980531060346 156.97140619473578 155.31814458166392 140.1958285562921 146.94138500367316 96.87278586298088 102.7861271828499 48.27098096130623 54.792588691484404 28.85659075130681 36.168315732264055 20.361486112682257 25.22142367395536 15.443911926821286 18.176088723774093 11.073616307068455
274.24668850787026 241.028060218735 205.0980510354743 176.71895888294083 134.12272790793173 84.4793705480247 69.39356186183647 45.254639591757304 29.825875603708905 28.45336562280702 13.738816972869182 10.430436751259572 10.86643904606329 6.648873254859478 6.82814604908831
375.23918266611133 371.23541355849426 331.0872094799374 196.34930675436146 160.15170449115496 73.44310601731077 62.98054255107874 37.70915873125323 23.634827755096385 22.812034539706428 23.04685433391109 52.66091078077241 58.35549955195577 60.441664995763226 60.91880402056803 26.039272877608113 26.863506246021878 16.8399273172419 15.15815262747811
180.14895935247435 164.1488811994964 113.19277327934383 112.3971526097372 57.55919825156877 49.34160832012583 47.96931246881024 33.55446743931065 22.305935297309247 22.807741332784953 22.11359831683894 20.4400745440064 21.866642805050535 21.870830734164784 22.398990847717943 8.90295142701533 10.217025617008163
249.92156510428745 212.2419952297824 170.63720180272654 80.38322596208629 77.64525818124314 69.28500112304647 69.71827502285056 76.52847340120427 75.43082354175591 75.027141252355 75.5064322651438 77.23205808283245 74.43316545791734
400.79571365133984 366.26149730993376 321.97509789062565 264.9820894888598 248.0650274628959 260.8532314766592 253.09880719094224 268.40322234311515 263.23532284070984 256.61588692333004 258.7175386853718 130.40475494022996 56.72205974286609 45.574553182487314 19.45131438698223 18.758818247901345
238.32856131430773 217.89496669838303 277.021459739814 255.24677686318356 293.23022438607643 157.74615161648867 196.9098790482963 247.93077059638333 127.21368957830435 199.76778044743966 247.23413043450097 165.0085911626997 139.48057170036267 167.1785924381987 169.97780222938377 161.12232109734444
143.57692785070319 164.65270291140135 178.88172632609 188.74478893934423 119.23597044362216 68.31081952061713 74.28280084423598 34.00286205628975 25.584878768679204 28.112322724409577 11.962490590661082 13.99739786672798 13.489205881933517
237.2465897643528 189.98736696099039 155.40160794757037 102.7426763517281 93.83810033569883 93.25619157329028 72.96459777474044 72.58919550100293 55.146207715410355 45.49412649669291 46.808340199540964
142.1517385504511 116.84834413109944 31.471685688549552 35.227371408971585 6.36942244953927 76.0540703189545 64.78845312834586 98.28557762837828 108.06528728463198 104.58138515313577 106.05174081591572 104.56962599850273 107.29507102427391 53.14814195789385 59.91409043438593 60.7955772322659 40.284296545869054 48.71705053307548 49.1682781192833 36.161437863124995 41.57211399513228 38.91857274210418 26.06191196226166 32.410830078840135 29.527098031793777 18.94666899614935 19.361368326587222
157.94879174422096 132.18143900468525 77.94670194924852 77.04286067437813 35.916199934953774 8.845784420461854 12.246237867588164 10.079690118757048 16.350373551816407 4.98642902950551 7.501593013540431 0.27541208242538384 0.43788432781659836
237.62771632195182 220.69261843878388 209.95812598407252 101.59098345644686 94.35856299185009 55.81454198072741 46.738841690608226 34.63407712626989 25.202134471279336 10.377083816488362 12.699410777753975 6.473461866869608 5.37266872437795
104.51886552634838 91.37492878769008 99.48065983346856 97.04739662463827 107.95044810514048 105.17901611560379 82.50779564750235 45.182546258541656 54.36063529527678 25.93806730739061 31.81016751392823 21.413130438259234 23.032207604456037 7.461707570288463 10.685577427808047 19.05833715655923 19.526986846394234 19.758662489586033 19.765596067762566 19.496357909381366 18.698512345895153 9.54134492072411 7.904028505486421
381.1061370195038 352.7688018770539 305.966731322855 253.55593415215012 130.27352059126068 115.38111077808205 68.71819907877213 52.089228653663824 37.783651273646896 40.83373904602752 26.637930238451734 25.721904044982985 22.418784980410003 20.694354418137273 7.609732108588618 12.998877029728693
93.16422434563945 85.51964112270896 85.1028824708537 76.20099392745249 56.57305527511412 52.77861603083432 66.06977924825122 77.98721412043804 125.9101508008596 134.79406011027305 156.6412468269158 140.16724038851862 151.6074114356698 25.301271589732618 66.59107274948857 31.57034040537769
450.22393372716454 421.7773703503102 399.8918589333125 376.2407237399422 181.60987591170777 168.54676618881584 65.49117385731276 66.12443659670832 28.045800317756978 25.186362977847924
370.49483572594283 344.80006038829964 343.96510556959794 295.0943910963121 131.95458063356202 138.08997743207362 55.994429349829524 61.99652107034047 52.84430349404116 51.400145780633004 59.043076022884186 55.30782162482231 60.98518304177262 33.84365776480656
220.70601989386788 211.33654709003451 81.63362063944554 21.66052405851765 23.64400319761563 8.910405234649032 8.060991121521024 8.890616180820928 5.093705386811951 5.214154896894347
233.01110563677366 255.39405350225667 237.25613888681127 153.69355432149257 153.62008723512696 84.77881178218847 75.51486076598084 36.86297820260394 34.38095586131084 15.275660978122426 16.69818984864572 12.87787544199219 13.01391593041961 12.479937387081398 12.262955328794645 11.352704590257925 8.230797039805722 9.014129566077287 8.077429021327081
374.34911290976464 336.03938144089807 283.5766475994103 228.3158976893607 177.92896072258654 157.3466624600879 147.6053514068136 100.51128734653959 113.8500949698528 53.441660466052674 53.36961083965736 20.172860346526367 22.038319462340418
312.8189494356859 300.59729184751683 224.23050245367955 216.23728548037818 127.17991984029825 115.85190381925067 95.18931476972932 104.48186391819485 121.3067157004925 122.38752498233806 116.76464094874574 95.28301038509943 82.70100438807917 74.03078153694157 72.55038998596181 81.18055170767771 29.07868196797299 34.07689292521947 36.22762854983182 37.2955494154319 37.69290486790968 37.698165175588336 37.56137492436197 46.17920296789952 44.94697408364859 45.723992578257594 46.130557796956104 46.592192177683636 47.30700340616175 47.77496585529828 60.729019506043414
265.1089545157758 151.34216676175697 164.0192186126945 122.36201967915865 108.91274128104475 97.06905743806249 118.95235562844935 118.39576926421935 83.72275695132517 24.481553652830662 33.44773820321801 11.346365021252415 16.279480379329488
394.4724484237451 253.40041329462736 266.93072535883437 289.5008950938789 278.55394578427695 265.9252540056604 257.0501648502387 254.64977511625713 266.279571310998 278.789134285603 279.59108806415054 276.6574046536526 270.5525817048442 243.03262156878415 196.74971571588185 134.49397499922472 167.27816030785635 167.29477127223362 173.53648811778862 173.16620736383084 172.77703835836098 160.118156832233 159.69954457132945 149.57943778982656 148.65935653847947 33.73102936341152 6.515379776923997 9.203635150591666
451.39495528294225 423.5832955333381 401.20196909946475 377.34238592320474 348.50906592183037 161.81206535101995 124.30249800158803 43.29408044807455 14.481314594031211
222.45389745066473 187.0664899411867 89.27042613439646 81.34284360306141 76.55611664415657 108.09722904475642 101.71522260672303 105.23866999561324 44.85310020455207 48.35287391746691 41.492268325040875 29.64608964348212 32.0104933321896 23.133325360227435 28.301424031814935 27.127992637903954 23.732882428184354 22.60766679399384 21.397525713647262 19.16522992232888 18.94830581582008 18.829581256329096 15.85915152051556 8.627104933733927 15.380212612408545
262.34550919878023 250.6480012331709 222.98870562735812 222.54436976422093 135.39069681657224 160.7043098238415 69.37547151237472 66.35625464318622 37.1892570225244 32.39533878406742 34.45262942029815 32.99792819281691 41.9988950049343 28.858177423803166 35.40105281128938 31.487776763949395 18.54527109791141 20.861203101799212
335.86580144634326 314.9840287832379 134.02489819567282 150.10622935720315 53.61315554095895 62.17446400685328 41.079048941536016 36.92990007483693 31.7897277300754 41.45264599673196 14.168069292807292 66.20952496076681 26.38240741836192 33.92290625301383 16.913483151547258 17.73518718537607
451.3899448796396 405.7192555690408 368.4362042702187 333.88345297116757 322.4385723674793 308.5158545295475 245.04714131035078 241.7035570509842 241.43984947611838 97.93770338379247 46.088142174071706 50.39547277599411 29.070241655493717 23.52487705131548 26.09544076960294 22.035364223444013 20.17811647435776 21.488417914616328 20.809436236459764 20.73903063753136
212.0786554425723 196.83856375997638 182.61180836701635 163.4561647552486 71.07630669258957 35.61750681966613 44.50033567435425 3.5862584475254784 18.01240284615359 13.063043543801511 23.633345150986194 27.169877012659427 26.73449979696869 22.846022097656313 25.50948485189791 25.681111782338466 26.869384381786485 28.172195683467432 27.3325944777213
405.9722752559425 385.0022409164568 367.17700772307523 348.87026655007685 345.4487591746726 297.651729041728 137.09249727384915 159.69396431721495 60.08199729980413 72.0561098271371 29.944553324575416 36.74557334077001 17.564337969463892 20.79725678021212 19.361112277295184 10.97309214543845 3.5484673962415267
385.1642778403863 354.94130790259425 245.94509081407605 234.65136276191194 237.70734081220465 237.17397994942382 250.69096097828768 238.32342378453785 221.98977174730896 230.03947128745224 150.93287255569254 155.18654769026023 60.77614196397139 69.70234931014917 28.167478427848685 43.68910959908338 11.180160379895897 18.27771248866341
307.8912590845359 263.5257650753618 319.280307319492 243.85028138265125 232.77161240641263 118.76750369433839 116.42919985826941 86.4585451103075 33.66018046973794 28.930374404120393 15.759637509700836 18.45714692550129 9.249762637109837 5.324388206233599 20.688496678209045 21.477116208963093 29.456175453231896 26.387951321293436
147.2220558706292 135.85037309764186 86.0166592169604 82.31671448596563 52.243205682113555 46.20755201909563 41.9471775175827 27.403422776304428 27.21487612360779 7.778580960660008 5.0995827583153535 16.338135449470222 16.97734964800468 16.678504893091006 14.702840456709652 12.603276145196881 12.51790861526568 12.485239925182546 14.247792431756261 14.505516052889641 14.59924494577983 14.042266497178097 14.082171197635253 13.17070971080303 7.490884754507668
277.1084480404796 260.52189883858756 96.16364228510466 102.44273349496987 10.590812791085026 76.97052287413541 5.889791515271354 83.22104387173829 22.888599296836436 85.89812331154906 37.65312888707564 45.74526661729051 26.232500197925646 30.243104978370017 20.641224020888938 13.612659309803094 15.323398387787915
249.5590137117534 211.96190092699976 171.69861788731666 132.24292153840355 109.68351642826698 78.61376735133543 30.902415650379304 17.44940849124269 7.182364635560437 12.99434145049633 4.046468941362245 5.949880216319928 8.944001609515071 8.556966188877878 6.885113855017099 9.591017622379098 10.54539937996349 11.41981877052546 11.817897552626018 11.956951653686476 7.822280755034331 7.622503167563434 8.855296501863316 7.486313242978394
326.7235834678236 300.4290873029964 287.65968719423864 165.5112954225216 90.40985074474733 96.85420699611096 99.88452190247519 171.95053296097626 174.35165255684572 178.31565553900737 179.47729450689346 147.24783790444107 74.63481008459256 71.10689120786022 38.772509304054594 27.81279938811533 28.604994229478468 22.694337498925606 13.801789328307214 17.08811617111793 14.28716935755047 9.486740229416016 9.50687035937958
125.78199425182834 172.00829602843646 175.19566506153353 85.8905938031607 14.378325392541296 22.832876905669423 18.31176960977446 24.073620313095784 19.586092164231108 21.761468571681274 16.912275540790613 8.499669774322118 36.48378277929697 36.0591925714945 33.03904325660511 27.725839076314188 22.462098167832877 21.476877696169595
259.852819601431 222.97494193539774 185.96727226530592 105.33652470107893 135.36266831375613 126.49921642144484 85.1973728373737 46.31470213570351 47.11506701077355 41.256106290104604 31.969809137029447 33.38364268106408 36.39329137095443 30.135230876597117 31.252351594583722 37.40667582814879 29.25793047650845 29.154066743626146
284.9379553638044 262.7295132659365 173.04809957290126 84.19710999082876 102.33341258547632 47.92994116012126 54.54026310562137 18.72550859907956 22.598456450142343
329.0224339670903 294.51051952019543 253.7657221771889 149.82643224220868 143.2898587239422 91.89938762757001 95.82217044314135 65.94752205148069 58.39621391278257 67.91803265367486 37.66850266777322 36.289522086451946 36.5109722575232 29.382836895303576 5.070580771249168
357.55873704103357 333.7734728156069 305.37583055192727 297.64815078130044 239.0920200883581 227.1461695176892 136.7479623254159 128.32044525983497 72.95730496699615 53.90309142123559 39.73582530233128 35.66451210228771 33.27184308842402 32.05472469261488 18.283068978124554 26.05359813619209 26.29465715766931
211.8400660514402 194.3987634079475 111.47836951092512 110.9259780049088 80.54157478699628 70.10489947016538 75.9732113739195 42.04986972423004 53.69728279927139 48.876206578086205 25.893824926157347 10.688063704597868 4.042828559065785 3.1118994779387874 8.656131586186685 8.3231715928107 13.901432269457478
320.05015941561226 296.73141642724556 332.8155546480952 346.57143728969857 376.92736320400707 352.39208622927714 161.21701146703128 296.2028622204611 5.104379050774158 20.697096741415365 8.489241961073354 3.193341773542768 16.430529899375497 14.37807185172651 10.299678439635569 17.686826132704883 20.45138748108133 15.462623165054367 5.86695498640218 9.604477895507069
363.90046759062585 333.4978060750962 290.25066736442113 175.1379263129016 156.85290304093243 62.55359822364854 69.96182669571157 28.969488871484085 34.496042309359794 19.175701739334567 20.72516658888837 17.523493419675408 16.94852238908092 17.58939794993919 8.714382837945745 3.8952149796428306 7.54208920956304 9.339115005553548 8.42640805172445 8.441088981756572 7.716535081918335 1.9197099739968122 5.068166659497168
417.17365952255494 368.2415074962404 328.7983040803741 205.0329830811259 186.9861028961174 179.51522430160563 198.7993625673147 200.59669460349943 226.27164594496816 219.81256846412847 230.51108247038374 227.88534761916608 199.4033307328091 201.7980342391592 95.9777414062893 28.69807333524708 36.31501696588073
110.73001784535691 100.49587222644556 82.36762232347793 75.72787470446396 96.12205947117735 263.8864077966032 275.9737114448101 275.83365226305295 236.90877446486084 120.50941338118916 106.96548174090987 42.64384825555472 41.34390053945907 16.684463887549782 16.687490005092947
353.0870271057353 306.117175438144 252.7676103512137 230.97880034836388 149.5095380380004 82.34744375255515 84.98266202393083 33.981560460558 35.11802943483654
159.94308515392626 133.88896263139986 164.31908885728112 161.33216162925973 163.48602339625103 141.72507302234968 152.62035489641258 125.8373012044811 125.06101960769433 103.13275312611741 32.31674538299311 28.202513183036384 10.454505891891378 14.617287620571265 10.366721857690207 6.147429523146615 8.484770230754037
105.53584460605931 178.586173149917 156.0536812310134 127.60444189630851 128.07092543301889 124.57023063344805 105.21904777614576 101.0781624486624 106.90539270645797 88.2063888369319 60.153553140036024 63.970054072647024 72.29317369653815 47.279836787270746 51.81402571240973
156.17642222075474 135.255831876734 130.33129731011965 104.93830763192523 98.974168515291 74.44421612564685 71.72441369014027 41.79559774258468 55.85717304893885 60.531162314251766 29.94819798165905 31.38482112231713 21.703796667149852 21.08188696989362 18.83677041011734 10.931270878109771
304.7157806198532 284.733851994899 246.01251612546622 224.68864027534548 170.41772657967763 181.07637526928846 91.48350343981895 175.11008917985117 70.24067653848684 191.46546004466862 82.19395854138365 94.35488584769838
280.7788962148662 243.76988086119897 228.44461807763926 227.34881029382572 223.6535985403103 114.30168761720664 93.18762378663295 113.26923984771035 47.03191834673206 19.19689946099444 32.275015165887005
283.0333851258114 264.37074825688313 232.0748844709065 238.28986857646797 209.23929027550344 160.11927180430257 161.49842254727517 126.61753593650172 83.85532555617513 87.13109036978409 39.804716135782606 27.955455559706397 30.681226833313318 23.307465383420677 24.008242935460807 23.265411459286018 23.024313686644668 23.47100988621001 21.959718007757427 23.000005848402733 3.593300337831191
300.81957407095865 308.49895174985653 303.2315872551553 280.60430038389626 212.4803474942988 219.7185174923681 180.26160524177604 65.44546883595775 80.72304599321194 29.218536081990525 19.56997144666104 21.10986196666995 15.119881172044963 5.954316393671863 6.7239714520299545
207.9776075086763 137.608364399274 123.85222169323795 99.60073083320593 46.457298215474225 53.59694602286975 19.469214368495972 17.723655832652817 10.739102830607472 19.936758464933977 22.21229290127148 11.482225966162177 13.151528665965976 14.980490227711615 5.52214427843755
