159.16815489437536 119.86830753322887 127.03716572402293 133.7609556140484 66.77042435111422 12.002165558985459 47.11635164082009 47.91213384600574 30.80347884860655 26.566363116937435 63.58700370472914 58.18439291002623 42.834617834226535 31.004310802168636 29.191018630345543 27.20497138563686 232.42844458066742
341.90253926910714 317.8035511764225 305.58169751652 270.138688918613 262.02569061695647 256.50078135167695 292.57243598025565 325.10249012587497 316.07827328281104 382.32356007790713 416.42322123754735 227.3405916934142 313.2659519320518 345.351490423677 142.99345526328128 67.7513808419944 36.117158522204214
264.650567662681 295.60206250345044 285.6947438717619 306.6017858197187 282.7778621022144 335.4957762921664 187.14563695792117 127.70464799301455 69.54460645000901 45.10156250525496 88.80867445455355 34.231839334475325 34.75436708939126 10.460435320216176
311.2531876682833 301.64603804033385 301.5505445206847 249.56806328003606 206.2208551160315 298.092304592494 195.850118315864 153.83397362464726
214.48681895664436 148.34995888251174 181.38900885353993 58.619611566292384 55.89007469398593 61.756492671116305 35.478064545269426 30.219446718445983 24.105149560923735 76.12498572770896 247.57473313429853 250.99986822010882 113.31420447508721 29.386632658907278 8.041774360363963 12.050842045197333
414.37692849157935 390.856237941034 349.2312130310171 326.5089800271603 299.30336466261923 256.9447246503889 119.06977310008902 45.98572816279612 230.51642203556273 215.19661793115273 78.78059355050083 43.561376966400466 23.637403248589102 19.318320812152777
190.12784015881974 188.1413802770849 155.9552518620061 81.17543393160248 92.18717496950597 51.787944261220375 40.381054505780575 51.21719884735648 30.871865453214827 19.63497764766928 18.209642905512528 14.180546321374162 15.224696160643623 19.838726653622864 19.027922420388425 23.8167574910437 20.226129688061665 16.04118069040056 12.05627917077289
171.41486696423334 155.49006265762108 149.7501630611482 150.01218159237152 191.52589223835793 32.36838989941852 22.931276386705022 18.491440847844505 54.07907601246244 84.915399829749 168.20604416819472
279.2255456905227 250.1226339011933 202.44616407199445 59.49616650146681 9.520034214013315 113.87736813825435 100.54611840253727 7.607006520502021 35.478205369980856
264.5377713692715 236.6971209934765 200.84937303666328 131.36358090285057 64.43962006569862 64.40054895472485 40.94549730776586 36.382737120125505 33.76846959117483 23.585034040897476 26.167787263113233 24.037186466383467 29.93201288762275 27.758137685352306 24.89528403018304
305.3237331144604 286.39842759140555 261.0420921321513 232.50330739723884 95.30418970919415 213.72196049927393 218.5146033446949 160.0214502175168 44.37475243308681 141.66754544774943 155.5952932995027 55.07123229510108 3.084810250234484
111.35082539136043 139.2995823870315 113.40616806674888 108.38183572682074 116.40501241737674 87.97848322703182 61.81534587429231 23.19080150278609 24.63054859141826
190.5603290878824 201.96195305473813 162.73413128852036 170.99277962401536 152.83063167689767 138.3703102060144 62.33220744147475 54.12871565989935 43.30434814675488 43.11400287132008 44.575749783351014 33.920673947450425 41.61326658226483
200.20196598478532 190.399314127556 184.4984903071653 180.45377439138355 157.91356279311896 179.3372680332416 76.18800461672741 79.7302924246855 45.867166611967704 23.501936268102924 14.84584722237042 13.28265868906035 15.741858918272928 12.844241235352872 12.195358208939941 12.516710334673178
349.93873291938235 321.73290422572137 325.7711192678545 342.45246169660226 259.3904617083931 333.8836984396734 347.19193596624547 445.1845195421891 344.1269051953549 411.35090184015144 404.45551613820834 230.0810622856739 435.1838846634829 487.2526540767917 521.3943557918137 405.22095201043265 491.2894152353603 422.00106467806756 299.5888459725938
204.7758640547547 219.270945826513 148.70664451202617 123.75575191438182 109.08626746059886 43.71420849575094 19.920151804143227 21.93560070027441 12.480264977114496
160.8634406571792 122.7753453520905 93.48978969795768 98.91814854548366 112.20661156079917 51.250975492247086 40.068917346641875 6.496860983440735 7.10256578274896 33.06700024724089 43.94173826593045 72.42301129595445 74.59574198298176 11.704825659332965 33.29180023592936 43.90701211516483 41.9490197154553 37.49192471843546 37.19274306499423 30.484321450662964 29.45102449387009 94.13946324769506
284.62113556498764 242.78524870731238 220.54323014847427 222.5008952112203 180.13555839909856 109.81370464218332 130.9676134944832 70.36712123809417 29.38682236622105 48.442021993881376 19.008187495904455 21.389655342395987 19.804314164695846 24.74321443690157 29.47117049413683 27.629066048820427 34.92099864351388 39.1396341370284 35.723410936778045 39.46011505397207 41.55467170927833
365.4326362885163 251.57551634444332 132.15369143813467 321.68404877643985 305.7317695997364 326.77509045116983 208.7026109364536 78.97752918401893 34.31201467706405 71.815434574258 251.98344596316957 250.96706373964892 188.12227957788295 86.24450386677552 47.93815605671779
108.8860510389966 92.17821116252506 218.9838878694618 136.2385437060382 31.693995371962608 24.175515116132566 14.964891293511972 12.370514432965972 124.8308352239771 242.12458445831788 186.28497383269735 79.21511901967524 33.18229578075056
274.2183085074825 270.4718037116513 242.96037106630249 245.0205981875305 258.69905303122385 242.1166002700359 274.38469219524217 179.04111824409787 149.38442558475768 92.44112844835396 23.578362286823115 293.350390615963
283.9409516519126 291.41656182240433 269.1337115735745 236.74853173709835 251.07415006279064 246.98797144186312 242.31606790508113 236.68267855916258 245.36318712807685 248.80987548118844 250.06872621140045
150.85047935575267 148.0041364576175 238.5358251888369 211.62086142318412 114.60619337155178 72.87442648721931 52.42648173857366 39.453933160537446 55.35955737567224 54.91750296690465 43.314733323623905 28.97833418827101 33.436155209269415 28.668692006364022 10.51450321583985
338.55965548726044 324.4898273009573 162.89598350063372 71.10073150477339 5.382791570475061 28.47547164582084 142.1343265179494 142.66484668357336 148.34601156800358 67.5096360967352 43.62942423542322 37.99170059542057 37.37428372015741 119.75089092523966 129.23530586147598
245.27805097344128 227.88306805129807 224.98839881613986 239.44724425732957 212.13683988775466 169.7926285730064 170.07627026485187 95.68983954690812 30.212622977102036 23.177166640956465 28.003416103988243 157.77687642236256 206.6555513489773 192.0415545883049 132.69196398545103 55.04564047989875 18.075312491867084
186.25015733946955 237.35523724648453 226.92664082739577 270.91158468190963 294.9967217481467 347.27387850314557 396.88545907837954 337.68827566571593 406.391766085316 363.0129974089775 373.0626587733141 402.8361579400305 422.5751127306646
317.70168145120977 183.86061544250012 129.50657745374227 79.31417714784969 74.1438361153823 52.68351080805234 46.746349077478094 46.20560150354238 38.64853372443917 37.76599038940912 40.9988077403302 34.13308536366747
266.10979584677636 284.2854525193054 263.34696769829986 269.4639168902441 289.02472455261443 233.91500217602496 294.6269742046939 153.35571485359492 287.82419599885753 124.06533086275584 131.56835899316135 240.99930918889456 87.64678180022352 141.54998175807444 59.95642728116239
162.13056112198717 125.70861383290176 108.82461985717481 90.44738554953092 141.35880678436422 179.36073185399377 166.58408014375925 180.88698444472044 109.33978057686316 69.62079916974305 54.97818760466337 150.7593376894547 174.13939374264655
152.78045107596924 76.75921336763528 42.72827634743137 45.25871007966337 29.79989507746989 32.06684032407956 34.15270951580678 34.572434268268594
295.5945928614907 290.5407173382928 317.4601881735723 323.7775833082153 326.7165912783762 327.99501110447835 315.3674500650941 311.48692106449676 149.6108834405321 150.1648068510408 203.91281292723926 258.55146391086276
261.2486653589449 268.5734625791076 244.64090193337626 199.64425007427863 230.5595282270712 96.11735631057016 171.41077129124378 143.6384692694248 65.38545820857117 20.29462326541249 4.794496664846705 28.85171597182466 26.69440029771767 29.962752447528423
447.320478348464 402.77889446066234 270.5246788171707 271.0777314054535 247.17556768658824 173.00832250854805 210.45616627455868 218.33861503871066 147.22733691359022 91.00909563055976 139.59124828928532 148.31704249631213 72.57894821020825 55.54401539069594 46.948914777515434 48.54861411119467
321.59766009792315 313.2304241135566 297.63065289376556 313.5473810989354 381.31369822218596 370.10053804148157 451.8332246415645 470.6897585307918 255.72624391300712 260.8108816608697 319.34236092482524 137.08581493644266 38.036050923337534 12.729742092602322
287.1900379698415 262.9952581369329 256.9709467413604 241.56363970797437 105.30354367014614 239.64710260633024 227.77014315422775 240.09388697378563 139.07523308436828 94.40020899706606 66.48654455032538 37.18430807858058
133.0810856689215 132.22081498327503 173.7385481704595 329.41124275241367 328.5664104860761 218.95167121869449 230.14076662672997 295.73109106534525 319.64974915537545 252.21825407131215 236.11616255144313 232.4389256963551 230.7118313812399 277.5145177201822 164.08797672952966 123.5007779856063 176.1510593123512 224.23036514607338
327.99894082167486 300.2506665701176 298.93099457716625 278.9953689596554 317.1685702210107 323.5591021653059 301.8709179577164 330.0065153203171
237.71300843296007 213.65250757039735 78.93229663278716 11.553319269151089 139.0968769625242 124.68806970333438 62.70205993254125 33.20552993951733 24.043111807578768 18.635579534718346 2.879902233198755
116.77757872437589 126.62274737413969 121.9536840717854 105.9296322113358 130.65942012376786 100.22982562630231 83.00905539247198 85.6402897537152 84.72043064806627 73.85557039969041
118.28856177917712 40.3593162990485 44.66499016470058 45.522430336889535 70.87593581100766 34.636309414286124 17.675277993623354
433.92592211240253 315.20709444835165 161.79865344017867 103.29354986939329 122.11166836013905 71.08941675212237 51.983005164609615 61.754347523184514 97.117102273471 49.96290708050206 41.65577248379655 33.03775044101147 32.923827429712006 141.86969291536101
248.0218596073773 161.66409844882944 76.06028081982198 89.40689607746741 84.34653899624111 73.92603902469475 41.06413250264455 24.142782646649586 17.51897762094505 95.28629604238807 35.090275834576914 35.849376162015226 16.038491480238076 7.033783410190251
318.3126090760104 248.0152600972089 201.36510808377918 152.2060327479041 241.37446030353448 361.1421236030324 357.590958417329 395.5054848851997 240.53952004359067 179.1423844891946 149.9166966613746 118.80787722867613
212.94500990043545 148.02154898621262 221.18943416372562 208.46428120814244 81.0877506274882 17.135837564385827 74.31873378450548 21.262469103270707 9.45827137289497 6.74192378216192
259.9578480572919 194.49976969522547 300.8430891451938 291.2337312996917 243.36057010658317 208.68715642696822 122.84256805583694 57.46716460749625 223.40766385681243 210.39299615335054 210.64751776884924 200.87410383395647 99.26073601613324 25.571025261799623 7.323304429675478 137.57678107645975 189.95467333048683
145.57350799301452 163.6170345268168 132.77598723468958 124.0701360025534 122.70408074469285 48.61694025189382 47.02454392789233 16.631984455222284
204.1023507406949 154.34350147442103 154.98741835935863 120.2877567380185 124.6530032202956 129.13859588682507 100.01078647349547 76.53381691577702 49.007897576016255 61.56332273785217 36.55912401724745 34.0188933870314 34.47356120909976 29.70155703347443 25.47290343474186 25.28144754625615 20.169818896922916 24.18100512662433 22.685416829724467
172.8184280522798 219.81945004103167 210.79075607138242 193.54540787512002 149.98465880724592 127.40157195739692 149.05168032419434 126.64080130758809 153.912382582821 130.3732816136673 95.26817599418226 107.92918119375283 85.04029958084934 119.58689392559349 263.5766635244405 243.40509781564805 264.61541989210025 278.4059807347369 283.6392429467336 144.0028719058354 118.70428449966894 61.12276239063043 173.476687425348 106.82819425204308 27.614453885045844 88.37990536746533 69.34782850690627
216.49659196207577 189.04414972083205 183.70804172739184 183.33571125702443 187.95296654577314 189.27747262663942 182.05398977854864 157.86665619853898 38.30203696919364 44.011857497552356 15.930686522090884
263.8577346153753 265.1437511706325 241.11177953609422 237.69516359819508 240.7086305268168 234.18717899869472 234.08840015220375 235.66332203756892 221.7190444694044 98.11977685332006 160.53052840037358 48.84052647989025 116.96793440181494 20.88713040743948 8.130129261152204
377.84866735428795 371.04917002917057 357.3058311022739 311.66675698061647 291.01229952852606 221.38646474576458 213.07870746816894 227.54533456718787 228.6102097672025 214.87422196245856 243.2926382145811 234.22582855983245 230.74220848918458
199.60118803609697 181.4291942471998 55.85282918980544 52.43730721073761 49.17000578776314 56.743026715121424 53.33184537204819 184.37794360358572 171.99551177075784 76.34797157035852 45.82479916832219 180.95294328398705 184.9268992292925 78.54422033097877 29.937657939732578 185.99719017468766
417.6253346354693 386.7765945071326 344.56708438945736 301.42269703703647 209.51613758394515 91.9541647903923 194.97051542666114 193.70403104614462 73.90007443812813 13.84578823932446 65.97144802634848 63.20054629628151 15.999715483251698 1.084656610679062 10.93782366910027 8.130982629790237 2.3678488711112955
319.5477327003797 287.5987094443188 265.7780133327631 167.63291918887768 91.28065691068802 201.9869111205234 203.58329767012793 125.29516077114633 70.78284894432284 24.091594001773213
77.13503606825788 72.342187179783 65.45310575704363 42.28189885104598 102.0709627161534 48.608197839996514 33.792085069407776 181.54395300590463 62.124056561283716 61.74008507124627 31.204588146628048 27.18388952930441 16.459255655076955 5.9539692854769495
274.70292237856233 118.3112937320338 22.775119490308533 10.861351246756566 44.34455715370631 6.311979495676152 28.43348210320072 33.424380450171206 121.6355868627818 40.257073358104 5.413321860929425 110.30373443822016 208.61878786107587 88.1101205774379 35.905699930741584 146.14449010065078 140.67283857543111 50.04326090021376 31.23217463673112 132.7949276163799 127.44148010274688 124.66230861220306 45.47272962866229 31.104206223548324
361.1538167427864 340.6159183165141 330.75371926075474 295.1744415149798 183.23772303711084 79.06492795564856 39.827123109992954 45.39956947532563 12.79065894335803 3.4606020760834246 8.674562486534974 7.272346290016673 5.6370751346624965 32.36963260985494
358.62757910680807 332.4660216694922 309.1679810132428 282.7905000128247 119.30331168231062 40.61899894196395 50.912744711913646 17.185651167269942 13.723901627809978 122.98786874200732
369.56745217061797 324.48948592116153 268.43950409983375 141.9824854558866 71.51052465129001 166.353133830657 164.9041941479084 79.21955609411786 47.3104999810008 36.25236438841413 38.367534496998466 155.8185005672645 184.89637917215538
203.85732697066862 234.05525162739082 235.50647355485663 263.01308889601245 289.03566080357166 314.81666765567576 134.57080323405452 221.59967598950752 69.02393538518865 130.86986002590996 133.31309834658526 43.6605779079332 74.83746809590069 51.646385433924145 66.56873229791057
243.91321745058661 115.31101763506548 108.29509101560105 129.46561105547468 120.13292511594592 138.20755918981757 144.24400400323876 132.4439701304616 95.99592946393763 100.28174229665568 98.80115873908956 95.35854021867281 114.01548672654916 64.77619209499879 20.514279497711218
306.06861514367034 278.41803154883934 254.13575390208206 96.44685342017556 37.14064364028904 117.43244687935409 94.93123033966161 50.634887476114514 28.475725634699714 30.18009630703504 33.44476679112248 70.93879458103115 123.79446806778203
311.39864796226277 276.81942312728205 267.86394229627075 264.5513500692297 286.6640938228899 276.05662770823824 339.98309817510625 388.66614918720086 378.95692996600695 398.441851747921 401.0071501926926 407.97233297642657 402.477965905729 196.81488305320912 90.2120315039742 39.77723884315284 17.46790423233607 272.17599299579547 306.93855407505595 300.72401164780484 125.23312484069541 45.41098969866898 22.265905418668112
209.87743187816218 168.23831837569 167.90020755928268 104.53420355791971 62.59408397814576 68.40204162075362 38.45021428583101 26.922820724629744 21.785552010555527 11.24299157358817 10.593770709257331 8.998943200888453 10.316510193478887 12.001687965842587 157.421438311279
87.16312077627306 84.86224940987483 80.68959918222434 115.24319578594591 129.9062623840518 126.61035672683526 125.33568060909175 159.45692070629508 148.82014739990979 151.8444156667161 164.90646841152122 99.51710904668545 150.9794877661798 94.56164578030165 127.21603157555514 121.09635519046236 113.39131057014608 10.879788993641451 0.7979823961600245
381.5305897324302 336.99155928237946 284.9303843641875 248.47438779772241 151.51129618648523 89.66980861435808 113.1436677699222
146.89405883770854 155.7183075737761 164.58603498503686 210.73895733619534 253.07860961472218 275.03600087019146 299.8766484327247 208.76863695616828 273.6511505222675 164.02672427707853 169.0625478310684 249.68052515509848 139.2727682129234 208.75724334242338 101.43053201582086 78.76077275615424
97.12083070650223 116.63273543567381 127.44229356738136 156.86794420631495 150.23333394207654 143.17463014447836 118.30199597799712 91.24194229205757 84.27073545350993
264.14840602815303 238.9643084972559 215.59615395187913 200.10055408252026 199.61005780652445 188.54426512181118 47.21369327940317 13.331143282065163 3.445517443767886 6.7024900560063365 43.250139145678105
387.52135730919895 372.3679971506303 356.7709334273531 238.5078619547295 82.36988298167444 94.12090764802963 23.80231842922713 10.714919950319596 11.776479760284007 14.30913058886823 16.921605655347204 16.420914984096537 16.522791477465123 16.1918623804745 16.5856998458533 16.584110767461404 12.78570259883142 12.838674297056803 1.7204980523082907
352.5567028591742 333.58712103431395 320.4892650819177 309.30901297470416 305.26333577734766 155.59312535477878 76.81449129302707 118.36985019959967 123.20561750284895 57.14036204750136 23.92003042407398
287.1999524916872 328.4362264559999 311.7943705328308 358.04359800488993 380.982746074867 392.5139695930668 433.8171415517642 457.6548810815331 452.27422663884767 246.75127259322232 388.0734166973061 158.3309704947089 343.34659804980123
243.8478843680264 218.00750167133978 73.81794117474 76.51571545776287 72.44430545284554 42.1712298414539 23.078665551547815 13.634950328536489 10.625873511785802
159.65042060899768 36.40203127635929 72.61583937557855 70.67025105773686 19.003185082506103 34.3704794230932 16.449907121076315 25.086850539374538 20.445362463389205 21.025819140692832 41.10963400791514 50.136982202098594 22.080679179757738 16.68243653853921 53.5409858996777 46.28105804679233 27.718560263772147 26.805659968995627
81.28075864470509 60.75171911164072 78.14914866291544 47.17743049640381 19.497191136514857 29.217140314226942 38.319898836214946 85.40195149845299 29.617201975964704 50.911415681042826 80.4053044078073 129.2132451578762 119.66732244676324 117.42378708547257 219.77011541084417
281.7144715101504 259.964444670485 251.94083905334912 251.46669916013502 279.1694965506959 270.04850060414117 307.4886258119924 327.6848243139641 341.40416560286764 353.9096449812749 207.79489668894453 265.75136576659025 137.0139316084844 150.6461030843793 234.1326823144283 247.57174002412032 166.36206443701624 65.71817713227996 40.48675600326155
400.06014898060005 384.24462090100275 270.03796393405156 207.70113191771128 198.72217853986882 213.62011656484063 141.59174774155363 71.40785589211737 127.65449881655952 146.3604971694744 64.32390998969561 27.39721652351093 12.090574854964547
217.4380786893302 201.69604719763242 160.33812468374086 61.21769361435015 19.022697154055425 16.513521470673656 15.672671597430012 12.798031682790693 4.185871998901812 7.601422611530017 15.134437925288069 45.348263559795264 60.9250093602402 61.99624653415203 62.89442028488489 59.57211810881402 44.289142143774434 26.94233154657427 18.75430283692398
166.2685160079238 139.75991608420009 100.56262484534204 45.777858982472495 45.362492939656036 37.98791809380726 39.31738870614683 32.661763346057334 27.469789931659278 26.613562565082695 27.85343217053954
187.22224573036382 169.40266242545238 116.04373136204751 116.44884754031504 53.144550714672484 29.25685086099732 36.658929977849816 26.851662766012684 119.06723730501878 174.99313235351232 84.54877675503504 26.03162899912446 6.94335118327616 2.9687504352246292
311.2793431943154 271.301992573149 271.86789176652064 220.16975619153988 180.77067140831093 183.72195029275193 149.9417874474424 137.7867404391102 137.86495813784794 147.39568060814426 122.92379964199516 109.67443872549461 165.51235504199266 124.49478884267785 94.05406572172357 70.70145818690581
272.3470095397306 227.4979525052463 223.13415277064072 203.09298697085825 207.61222299739492 210.53834515469867 196.35380204970804 205.5171045677971 209.27201170405422 226.7523823217605 232.72451806232476 227.5704024673719 240.6974456344566 245.146535458067 173.02877254963548 172.2820088509023 199.46335919800998 204.94218383010792 215.83489333319704 206.92078003789618 193.06179990523142
173.01437873804238 177.88316105360525 82.25542933920768 38.41186017828619 41.430524394133776 15.481808777357651 9.145251027218993 7.584607002889758 16.907300784266983 14.935932680820839 14.324507132645296 13.565862055738917 11.284234859837012 4.908419405694568
128.27265946748162 159.67433494596435 126.76424087995525 46.93226716746058 74.42487690516991 45.05812593065782 51.78389554100363 35.513573720436476 39.213527215001626 33.88538096037529 23.24111958293249 16.9303794153077 12.472641791876168 11.907619470276524
286.44929883344173 253.42975413895317 246.37078790985353 225.55008797759038 225.79304778696473 226.89849789230465 168.62255117312412 146.07245915741973 138.6639292830717 118.86929601295543 110.90497677330944 222.54046453389913 220.81961968041907 120.26373587233577 67.9123119731911 184.6197252977273 192.8450006561169 94.93878982220654 47.84919696806826 177.75347347916102 186.9380843046792 86.15961973215263 40.12844690786866 44.33928033201022 44.60038760335525 36.12705142174812 33.69243008510268 102.7857964672591
177.85560905700962 145.43579828847655 140.07295916684407 103.09117680536545 68.11123524895304 68.21186228211597 47.91182442514494 40.3307190268087 207.13403141208502 281.587218834732 125.24826578255426 46.40831076176393 251.95231669356545 257.0850638375531 107.36238383908793 35.04856243274871
372.96977034425663 347.5298088336323 196.42257651607537 108.83352763073351 109.25642577818533 108.26661399818764 118.3931935407853 105.42531287229392 90.05670350674144 65.8201661292335 37.402288296644066 13.523451877311146 8.955419348463362 169.26659664975625 27.203254491303525 24.482384869005347 22.618970923205357
226.18488235227184 249.87285646223225 195.27667059524947 226.1522293562979 244.82946946433864 197.4969325038608 231.5148560125184 114.00045969379809 121.91997780698858 69.4815361553674 59.10780300309511 51.8653434763828 42.76619170773715 42.71842512598205 38.94889111422022 38.38218579313726
250.78713560607807 224.44046429180744 185.41236434626296 111.63917865364702 30.635880023863933 2.9958259520734987 53.451425881898025 34.381816871022416 33.83270510209131 26.92653328657812 25.48103043173691 25.207997702325724 23.29812846901105 26.25771214134519
231.17465570690683 187.9058715528146 199.17410552535637 179.00380293084675 78.45924301174276 22.498282028665614
264.76767951648503 234.02488262602785 211.02548275026584 179.28209126782048 166.1835584762126 35.783894211146134 28.795820576216254 21.54815427302571 42.18291367206629 47.465679466091636
125.9031841822223 161.93554722668281 159.11546807811413 157.99163242351707 38.42224975525365 12.259856077697409 15.150100272444234 19.81719698125813 131.46360235874533 133.54723106057588 151.59405562334226 41.425538289469536 11.255802432701193 297.8102236513828 274.0848615497621 94.11458390478076 14.671065653025051 272.4765668600104 266.2699696625354 121.92520334356045 42.19190077861977
203.57805537040164 175.79965621295773 144.96636080077027 133.9822336149435 70.26811121777449 45.51992713186825 339.2574864759686 262.82219319190114 128.28834946270763 71.58686634681828
103.91113823373915 25.277460421433247 36.753493974321195 40.61451138683915 33.591747908263464 34.69371737878632 34.434492946491936 37.12274297634493 36.74101104484434 37.749196706009734 44.05288951017859 42.94816510393392 44.307380807049604 43.83718636819261
308.9156675510201 289.33107141459874 271.9113245154346 91.96678605004317 60.301499878022746 40.54005467713931 33.51787085972651 34.89808480096928 21.76387403644028 24.382408209772976 13.813937556753762 19.130101302440615 15.177080622006931 11.454857163750848
368.17499081454577 321.6973221457226 267.3021625202417 195.45531472391121 107.82287529928566 161.43259363454348 153.15806879319058 77.80169814071486 51.14031004659199 67.20351109753528 62.41644349400117 79.01363187126306 29.338371541039262
140.96440439188893 149.70777465903475 136.5827779772129 110.49955201612015 62.102845551005885 61.25452963995499 19.011280296463262 3.713956185822798
346.99101371369903 314.04237525364846 217.98034141625422 200.1334029492869 190.91891835920373 199.91091729889305 223.1437564504563 174.42625364040623 176.88712063237736 162.92840138600025 70.92292011247615 114.42571587069325 63.18597326471718 40.8773588300408 31.91848262298954 102.2976169800815 138.1257416168627 60.69429861126048 15.355068004043831
354.91811400355715 338.53014074841286 314.42676179661623 156.68492644142918 52.74609376440105 28.178470389481042
200.32409401007916 216.3589931423274 202.07190511277912 223.0843868038689 234.63490896686113 191.1113187640655 200.11894401892238 249.2157391319795 278.4123366663038 127.97467252769917 268.2070481906521 106.88320946215224 157.00317713239502 158.92735547772742 82.41185442840771
