124.84959571373902 129.77231727968777 98.91162177449998 101.09369527864277 93.58418049465233 82.53982125542888 83.43478187139615 79.52537928105792 82.89249144619912 78.50623004740743
362.3280742207154 291.36049805372147 297.06701737618687 264.02021684236183 264.5287468417899 179.92033537647956 118.44982351915148 91.36543544400615 76.4204328743912
259.5588919837579 184.17790562379125 106.62665631838551 58.254286135746774 71.15508687198997 90.651937226854 102.91633196041859 106.10171104383923 107.12871905514122 107.45301642512241 107.54789461090368 107.57089048680751 107.57082543425352 107.55402841326703 107.53913502798038 107.5174685375622 107.50041101442196 103.9619621590174
387.6802046295966 314.7049472659652 331.7469732538429 233.40276897715393 214.55019059558225 126.83825046577367 90.85746800256901 65.56005614614129 65.43121567577202 59.558565385695104 59.27057185022595 58.20607593736433 58.1599240488847 52.43084583766627 54.62162537316763 49.902811923302174 52.99896247251018
179.6359486630018 114.27597654586124 123.68460496837193 68.02587502289606 44.38678154218591 39.9395768956558 31.433823754822505 35.5317736718964 31.625670839002513 33.446350992429466 32.48694425830003 37.20722056730635 35.008585994809465 38.98013282355722
257.93090042808325 171.18989904542352 110.75473078976748 73.5075890896741 58.9355240393454 53.61324387923695 48.06211664617456 45.26008264575203 44.80915172384601 47.0536999649823 48.394604955001924 49.18182439138821 49.621986498696195 49.85449205395124 49.974141599513324 50.03135571923342 50.06463869023138 50.081585506501476 50.08271473815029 50.08758179815885 50.083418893099655 50.08887449535467 50.09335986461254 50.09285208640628 50.094276881294725 50.09252551614152 50.08898564588063 50.09395722866842 50.09477169438921 50.09399795932883 50.095077048995606 50.093914473591084 50.095752599386834 50.096397809034954 50.08974606360764 50.08747108599146 50.083435476748235 50.082117838223674 50.07980840867248 50.08022596848036 50.08565557505404 50.090557431281546 48.74853885150487 49.397603020052614 49.740960975860425 49.91930004119754 50.00933250015161 50.05815847749195 46.474034629836616 48.25625222571443 49.16325041234916 49.625439696700596 46.23373904339128 48.138065745722024 51.96008888671848 47.433517843902 47.27129875285625 44.98141323474745 50.19381876402802 49.98618854253287 49.256738010829366 45.93977786117194 46.41955702308076 47.70985005407922 45.18159176126145 43.86029250010736 47.98069018590395 44.39966429292551 45.55190327131653 46.59987659557713 44.59111238213779 45.73914219186093 46.66155962639855 46.834811263316695 47.31264552314883 43.12498184408854 42.780573885074794 47.329992940511964 43.968902087367155 43.62699797383345 52.54608985845772 46.12641454826762 40.805089791200636 47.54945834844308 43.029310233994366 45.19498116375315 43.33943127651752 46.7889223137675 47.24602983156213 41.543393274870496 46.20851508685303 45.026579292768844 44.95747121847935 46.31182561544312 44.16401855537015 41.03908562155276 50.72275636853404 44.900735890703636 42.91820192643112 42.94981599885538
245.94263192924515 223.6267732228542 139.73688152826725 147.6633553848848 121.97560018493249 106.29756773760883 92.52578821753713 85.94084586795928 80.11483428262815 84.79305446227053 89.28157720674945 82.695182446595 85.27775932106307 95.57953933587675 86.54127611266532 80.0789808139294 93.68631687793432 87.23953855405682
198.3806247022177 254.37714652104717 287.47370014511023 305.4620001957242 323.03077409266706 363.79387089226236 392.1867351813965 416.6754282259036 423.6310722880177 431.0325417337197 432.4186953767788 434.8683098934894 436.85331745353943 440.50655683365835 440.4927366636166
281.12027729973164 237.32127288964017 156.38828258796434 37.80995171845153 27.998674045792217 49.77669913705755 60.743895539467495 63.9876941296978 65.41231293751653 66.09018395792228 66.45993911393828 66.70642499811632 66.87475975373894
227.93438016474573 306.615450841575 161.22830901303584 133.96642485323022 144.31786820602733 66.76172420750544 42.68409604467996 40.41511398687802 33.09345043273062 35.41326235048773 35.17832472870826
