113.307955370935 165.6426187730771 84.55291435951409 61.092381408052645 59.433318399135786 33.47417049404938 28.853815273238464 27.583629985480446 28.844817760499062 28.89373606067904 30.487690462674948 31.034994048675454 32.70724366803707 35.90245314592962 30.514290765353266
124.33914924773616 72.51753190338061 99.52786032870493 102.03734390147302 116.18228750383783 152.88250588565282 137.71396291680665 130.88097115663385 149.34842010650422 150.21780510054325 46.5660725838437 15.46311323832655 47.553243974642925
56.196357762521764 68.47861000508597 26.384212370426866 33.49907364315582 30.301015771755182 23.3840787696892 27.144908141434453 25.705552166489493 31.37860961987453 7.195883774203452 13.430329271269017 5.329621949076794 13.778844433945995 12.75506969350432
331.4041117318772 311.6504339794299 299.63848577167 122.87193436840676 27.032633691580354 42.02849217595984 16.734329581836636 18.80194513465323 17.02421649263478 16.556465538090155 16.72969004932276 17.644894966364248 17.58650339755228 3.203961864892563 3.5504328434869454 3.713620101797633 3.107392254406553 10.239750883277459
397.0209658345915 371.5985583553631 366.3935440491785 320.4835959654208 290.66066313771995 318.71627394066763 330.3015436367965 383.05431031929174 431.65229568937343 438.15474946752425 444.3045553459252
330.1017626647336 320.79784458861167 315.52948939422765 333.6246580329583 369.9987047934813 352.34636307578006 392.94780014054885 347.0376715954017 340.93688943970835 199.96953207526263 81.74336498591123 100.59685450928338 37.56064572646223 28.796142234712047 31.63633017899606 29.7388174573409 30.974027563144 30.843611626092923 31.4836544479306 32.00030031550941 32.410209925487074 36.28259036336349 38.66141568583538 35.936246837408916
173.44982400033442 134.42358828754456 94.64076368170811 101.52108150224325 46.42187584900003 8.134608921587722 14.430503956580502 12.864710601749914 22.735903160844206 18.478930471261272 25.505918090956747 28.289032050910556 26.607979552086924 27.728276990845472 29.159329938109774 29.986114128352092 29.3247923303724
354.9116951344123 304.93379808780776 250.1606785345636 136.75978901227307 65.2314792494541 63.852878779765916 35.57876626150979 7.566515028472971 21.033275555361683 8.678342426416794 6.90781451130432 5.672907643958541 5.762259811748589 9.584692697391079 8.812316432534052
98.78801719315396 89.62084726731624 28.38227553594529 16.88644413834692 11.015620341845187 11.301750279775424 13.370406695300634 11.045519163108615 10.665687455645166 12.52354879122163 7.160002278851658 7.126550568854997 7.85005690873506
319.1795739586739 315.4273252295833 271.3748715305595 202.0267519006164 127.45545827221848 121.80903958633746 76.56605999592675 51.17541797876206 54.67351162858093 26.939457109425685 15.134753362399872 20.861316765362155 12.18885818488605 11.115578688216177 13.39465465493411
247.73300965884482 170.0011100784646 195.2759189492273 92.84629475255596 21.985931245831708 80.48992596032076 33.93018551544183 14.806441093819497 22.119762151456065 8.046668235150747 1.7265430789302456 3.9579452733406897 10.742448033519025 14.028542644551235 6.533110428123726 16.713868342216944 20.958938835097467 5.7557602502203205
366.61091934543566 371.81471517035766 359.29860113083816 361.4860287596913 332.4102474835104 341.14346123411633 299.1036735000447 253.69811361594589 122.72690188964282 77.1084509401314 54.45723606397817 53.85482265541941 37.92058499852129 33.38227201117918 34.128764524633944
248.18945517902586 209.5125889609249 169.28469054462852 64.61407987130461 24.17029583220529 14.69571758604987 8.148329797762507 3.2609446484413787 8.634276669422706 9.804425299684185 8.420394739074604 10.135928298604274
96.31355237808583 171.5765808638843 101.59648385880593 110.4238024295109 108.08653621497525 51.167975402924654 52.42650294332005 24.73285162317129 15.897266445997746 20.364695438971555 2.3936368612128587 3.825202500559112 3.668696141282016 0.9075675804482158 2.7104747559484443
86.75687962773932 86.7495036835016 10.310768822324006 13.588687487605652 9.875368893592354 19.110621171210866 23.482161397380203 26.3973270558426 27.704599051260065 28.181214714821916 23.42976433583604 25.004556469307033 22.346717125636644 23.607038454411015 24.014620905671464 21.78642418941832 23.072417871974412 24.311327946511952 22.830326419826466
121.00475658466964 148.0368806770501 82.68273875691797 76.53345630091736 70.92723068082552 28.108403605458832 13.747072617494656 19.91993024699363
76.40629884212649 84.70561650363081 54.35678269802734 47.71604173569577 57.758936495795616 95.23445647590792 106.45448070038033 103.85552305448066 30.998403839778543 53.978745870026984 43.83818300723922 13.65997543168829 30.113829219736576
141.38545911706893 11.539881036147221 42.9868314430059 18.9686411736503 18.55139788384825 14.385282272497832 11.709749100568686 10.365573460999025 8.152146801769751 5.312170806778638 13.996066939181153
318.2584184236523 313.98367763813934 271.3495063320859 221.13556438859894 231.71996706857175 239.13958680441388 295.0949286267853 360.99535807436894 348.1159254538989 412.01702337551853 427.340708462803 363.668522583933 194.92175739662233 332.27235179151734 158.29741043908768 304.03632886653463 54.71965717454164
319.33456262937534 300.6048657595336 168.3641917563631 23.076713712616353 43.28332378555526 28.767519806105224 44.914910319411305 64.01193481136333 11.253487243236151 5.177999313327887 71.3853644990346 25.664246629518114 16.201852180833654 19.786092718163772
312.0664497928258 294.6930297914371 291.2580610619944 290.77710710522126 310.2640835490566 305.9224643320182 310.5941195999337 265.17241639326926 267.94691973841014 150.0124883296916 35.83881525801674 54.805690559935506 17.252189035901296 37.2080695042219 27.343841601227503 40.45974123497884 44.104310500780315 41.56847181270687 43.919127658008314 44.64525486789442 40.66648134578923 40.8606288437147 24.485131673134184
116.30762893938014 107.92576778760268 176.8135755836702 70.4815734955996 50.761763984544295 8.748699470137836 11.394076974622227 16.657180345016815 21.97113389856936 20.655382348580964 19.658048107011474 23.15226088639679 23.561402941136542 21.639913641784474 22.822343356907496
120.00809919689452 94.00147757980547 108.34923290003586 67.98640749775379 46.54121913383532 51.16557881134704 36.66395244503807 37.383126190861105 33.14628839421114 34.58753323766968 34.16081844169049 28.987968370217953 29.28600798213912
420.4693035330823 402.64486742889824 387.4260632412178 184.11337940187704 69.10805740449608 82.36284971325445 36.22180477068234 25.37171680456375 28.69005683798408 23.567643332401374 21.77582534613307 22.326724601273252 21.104548166546415 21.47515784726548 20.873263115994817
417.6434427010469 392.77699913631125 372.057784440746 352.9933737851368 328.7587671422591 152.373461046763 59.15143730909391 71.6703566257583 77.48571085808845 79.37523945558573 80.40449911504729 72.63451975504468 36.31242149208706 28.136955198239328 19.43479500932373
236.05720541758308 189.96701259448747 156.0585392845422 113.11682007405409 88.07901093689509 84.65723613989346 72.99029741110785 64.46386859372818 46.42771956124543 50.32376621177148 42.88917099060101 43.83477292051234
388.32310655838296 373.26173871263615 313.9322374418701 159.57783578716945 163.08448869509348 65.14166053396129 28.155001738066826 33.971057257266864 28.655165280894877 23.760695502252617 19.323391089601905 14.535887075100593
389.5636274039388 289.16634453376594 141.5959062783778 161.9267543762289 83.36889029927995 57.60127438441648 61.25873004420202 44.91460459654688 41.35922081902852 41.27724045480724 36.23947712514854 28.818293725392007 27.12658319161479 26.463681670288434
161.9099376947051 145.10928466775144 146.2914252464749 115.95410409797708 95.41580723089608 98.06569199371802 90.86620426521958 105.90651649386196 113.78309317940516 126.30986151133351 126.71713765481832 123.94871963536137 52.126682761156125 15.53668828372726 22.491556270254115 12.06723177576935 15.5129385605441 14.335642083812695 16.483324019768137 17.054620311004644 17.388977634590297
275.325980277773 255.05571050764016 246.1012166564912 220.63468864459222 220.4232671993684 203.16628653608288 127.68514331229913 82.30488856621764 84.22920356490013 64.27094148908368 55.771637191972424 52.947366251276755 45.14754773786329 40.83858650201389 35.00173624808447 33.11157733875163 31.888900915114363 29.339922031239286
295.80331581027 277.8073979378306 259.80473893547315 108.4836509957437 80.98591848385168 66.1756093454879 84.35119245310077 90.61937293721233 58.01347093682458
364.2113885134853 338.7403714177926 179.94914013652996 76.90791709416985 81.53628362324683 34.170289032437395 13.491345112659683 14.514543450851907 10.739393574058267 16.713359491506978
352.94317172683344 334.9098879411383 137.09126565732944 22.374738949772187 37.54649930003251 13.333812875182433 29.062139060166523 16.070111115896783 30.443774091838936 29.749844312529905 10.58700975193699 14.306983354583695 15.121449657209299 14.166666495374868 13.30422488492949 10.753124952182501 11.071855272565339 22.305507440490246 28.01551251993601 25.156285583415396
361.90507559810777 223.50515378773224 104.36491248281776 118.51000636038944 51.532668723611266 30.255396789220487 37.629832407758705 19.15906733261091 16.923674864184523 16.92505016721116 8.329219962952944 5.903526326015647 7.796511867280039 4.617903580113055 1.6570407752613356 3.074313996786319 1.199039330221161 1.8547471886648148 1.9986131369261273 2.4078747509490315 6.492950258928261 4.667335893782429 3.329726500911662 3.0615492839865217 1.4282792248955891 5.41495705881812 7.947697125551616 11.273218237530443
389.90677841995927 363.22402243859517 339.58566094937225 316.8969444088111 288.54302853586137 126.09864237990514 56.66935195268023 45.7606907382263 29.715923055270938 24.790571086203723 22.342662540489556 9.631336997329278 11.631804656624814
418.2500075981438 394.73388220860477 375.100623353228 176.25915132539438 68.92832162710698 80.7732969636865 51.74861027731845 48.48518303655689 48.94198287247407 43.635784774715994 36.520106811265606
155.88761301908823 159.62105209402225 151.89906622984043 204.2722206103846 243.6479437407103 256.64359586758144 259.4732461161723 256.99229031521963 249.84210794687974 236.49971350641187 232.55686632323483 232.97365679321445
293.99295537099636 267.46096597652286 237.65879372762174 208.50477560706392 196.38914335707915 85.13096796954352 59.77006890232497 58.219449726477905 35.76459882128654 20.548270656660595 17.409276278417938 2.813169971055126 1.6389150877247423 3.114869743310635
299.8452677156918 276.0520233554319 259.239613879658 101.85187430765131 33.55651053253588 60.26157184856286 28.95858192752562 20.306581142857727 23.234498412559567 17.227403631061986 3.9881732666807364 3.439598143066233
117.42935526642447 113.19291808245343 157.11212215942913 171.36763556653165 142.4260561740139 136.88480146586684 71.21253604948227 64.62422012077042 39.86470484545668 43.97932609261259 25.01836086673703 17.36795561422792 18.89426400471638 10.890936062545235 6.758794632176851 10.904569131941473
243.15349658671514 262.3634764759859 206.1612803788791 185.94384233476114 155.11349107678794 138.61538101923145 135.68635320839022 72.1437801257848 103.33050674418185 44.376162443479735 25.383681827625832 27.727040995061472
96.8002214687692 74.50563431636935 63.09647659919342 43.36092847449368 41.14493320843304 40.76833909963287 47.718087709672965 40.88898463855527 39.90843429806176 33.21896926002928 35.06326096926742 37.25006976707497
290.3443030068481 299.2184105531578 280.4724146758335 315.76907548672716 385.6851024770552 377.1801634952544 446.98723944383255 378.40025718186297 311.67140448222096 399.7038321581133 199.05613716128573 72.03199336524392 371.7559022826996
157.83603663639468 159.74976590467162 137.75289316915496 48.629709237091625 63.93297758049479 33.34260622392449 21.697564653873947 19.141633026774155 17.268720011385366 14.998667935831575 20.304257934294743 21.928760422803833 18.46909098424987 34.06583536781967 15.72684514947022 27.416656750989706 17.288649836019292 15.20535204702471 23.771865952091773 18.53171958885232
251.33672876963016 227.16049878283852 189.8371823874447 59.44112990877762 32.45090494195034 35.74320904797523 27.76594565085411 27.81074758184836 27.40080415305243 25.325723042672426 24.956089974501047 25.128064988163228 25.588971825557408
123.73519921317558 146.90293853617248 82.30057284703447 91.57083117268945 91.71469608658028 33.30325996611238 13.504180603887058 21.311237614175287 29.6367718766034 27.466668289222365 29.05467142758153 31.73762178986733 30.622395175307993 31.90040865708745 32.58375590361769
244.331342825912 273.3858849094018 244.35710024836615 272.7567294098703 317.9402143326895 291.6880976399585 341.3384360491183 191.14393032590706 221.18782683895472 136.37166845081993 109.18984103627838 106.01294412271714 95.13425720059954 91.8663368063397 90.78395148223692 92.12695861859166 87.53616087683336 82.80313615003018 81.00746842772371 78.7847504313375 83.23899629626928 77.17556861784144 74.63725201518207 73.2324076016571 71.88930432830568 77.9438684264581 75.3245104040799 68.58033403109617 66.6612279355657 61.05624215623073 63.13915580587447
62.63291712948208 81.82959683794591 83.00569295830249 135.27651403068035 172.2119675168526 144.53036878317482 41.52291681951117 115.04399062116144 149.76075836394384 52.07022146753449 124.74574417676054 155.5553775776765 144.67371321893495 50.18641201075019 121.97611666342854 153.8266328990941 56.98284758863398 127.28112845718739 155.0355047852209 148.57079345895391 56.84592502517047 131.25531348250357 159.2692854334288 62.99871834818951 133.89954382077266 159.84349959752288 151.8743111747856 60.69315341018496 138.71367579101835 163.53220346048036 63.46075998895147 139.3596960099838 163.6652880735838 130.24344454093685 50.575427614822914 123.78926165941267 145.66822466634724 8.613113105509607
157.93264298349735 129.17432348157024 129.6852554127247 144.59533970687437 134.19463387213324 51.36551743300449 20.219112385589092 28.941998392283125 2.6254801252783713 6.472899319992562 8.752752464163757 6.419715589645144 5.798506729061625 9.404611544748832 10.537274847883051 9.936544225555627
184.1541572610655 189.56462886769614 180.80559067048247 200.221711242759 196.60486122589367 202.13306098631102 277.64618410843707 317.15994276739013 341.13731495136295 334.35495491123635 346.7371646603434 350.07380734983764 356.3158946351551 355.1549855440037 353.8668817444298 350.30027664275724 353.5460610777528 352.35195664534865 355.81287159646706 354.167518837907 148.31521870245516 43.11976002818214 237.28358412126983 187.90639978485223 207.7819378650886 301.49076682499265 300.52758182174006 111.17481908485861 38.26112268226848 43.28228408577429 38.86792549693503 36.4654018928656
330.120516957006 301.0721813747124 204.32411497027513 125.98733801666356 129.3492003558191 73.44207585542732 50.435907185368755 50.956477079674286 35.75901236235619 32.220258880824176 32.511180638701525
172.96843328279184 178.7074953478192 71.78743233063818 9.793913237251306 15.050565545204543 25.438365315248312 21.32164724667001 20.440069092053626 24.73647036861382 22.087601864470255 22.0551252629728 21.926786031806515 16.28119222436961 18.131306112912945 17.415754615357848
396.65101074253363 223.87208980463657 112.55229938564412 119.68238177078221 60.74283920720885 41.61522803346178 44.33909968558641 31.820532818608303 27.50001285200994 26.214221486327645 22.381103858720092 22.131637730409192 20.185153742401877 22.769024836674106 20.663783356316536 20.87056777344692
353.9782122365777 243.33670333984523 102.85511904774347 114.21120535437463 47.13054008525807 28.35758062356676 52.1884073776721 36.94369404722265 32.78811833219756 34.276281893672774 31.284878454501765 30.520422400063712 30.890158534898077 25.78781083652992 24.812453564672488
145.88258966691438 102.54755569872624 104.62484722194321 91.37357998103744 55.719172268110114 38.98330584468528 24.669553370430307 21.798331445460974 21.05188674883985 30.30455925109294 44.03069623189545 44.628049888646515 41.92240827166737 36.071911990891934 30.589268057569186 12.663774077205895 2.6501467345269347 4.497641024003024 2.9377108014737523 5.993789722531564
287.01717521811196 264.785679114727 248.41720916044508 226.78572127637148 122.89210165564319 63.898948285641204 46.584618543364265 39.72395900484695 41.03108847585404
259.1051190118351 248.87873799045602 245.8388614607874 237.70283630424265 224.55854308480284 220.17071390770127 149.68665940408454 72.18438135257509 80.59901775951337 51.939497661398946 49.541861891947775 48.85503043903413 47.99109881804851 50.64622331346552 45.80854926738517 35.7598229508568 22.570799217685916 20.490545663384232 19.35299808384713
151.41029161713163 148.9467258127168 116.50475861548243 55.765801757742594 21.463255444156484 21.303784653968496 8.076856140949062 3.654722841550046 2.0135490583644153 2.684602083942943
356.8118672081256 330.63803320737503 318.82289988353574 297.0945193424892 219.54982747850383 209.3187727644981 126.47678858603753 87.30253627490251 81.08953499479053 67.26889685106296 61.98178192198441 55.43936839766429 47.678473089188564 45.30166921347983 49.35167225128768
283.6222110633022 158.23841407208857 49.509567901749634 56.229609980311174 11.921676040401515 35.33962047799375 30.4597161170017 45.44251914066235 49.87130817687955 34.12056715678012 47.53191568640858 42.03508763669584 13.13536764166586
303.4194898269316 274.72170013668983 254.5226025286032 217.41742225768476 105.64744745318588 59.34664774757771 27.02585735556942 16.715501473105466 16.910001779034697 19.17215021522564 18.47237652870396 20.33790164770589 18.976464698749425 19.106103521808652 16.963698887626382 18.159790261090425
396.6127904975842 341.6941536471392 242.88463953730246 238.57395847034735 235.69528883846215 270.48922913569754 269.915015914781 264.9023295405805 264.4759093382531 254.10964866222568 252.74933106454563 222.6355387065459 194.82369702068524 195.89155302444271 206.82859460463698 122.38567767509136 134.69912142947808 51.01133569355945 13.226555625887514 23.95247769028301
211.63363370876834 157.08313508971608 157.80296167256935 147.5101085643286 79.03671044413217 91.66487906207792 36.961416843087946 40.642740201775766
362.9535115774345 380.53754195828697 372.14417721899395 372.7781341853374 359.0994612117751 376.1307868410309 408.71690898461054 248.42277464139744 363.95888164285657 181.9992645009198 192.70437716280418 364.5946001571479 142.87347908800913 366.4561061997507 131.37920412589799 167.7473307138529 402.69140208790975 140.5655385370616 191.5404095135125 62.28735328600461 81.54728964903697 32.58109678084287 24.396592095706854 20.137471250781108 21.392771846370714 21.101997546221693 20.280998721503426 9.857741694321826 11.550929849491565 9.996763989826633 6.901904259044906
161.12006302158738 130.25485875708236 72.50012398342928 24.942070026525762 4.313156237411934 14.72683687383815 4.027668927214984 12.856584659534557
325.1922857940077 318.2398810438828 306.2574970018955 297.3274579778015 133.0765171712261 35.767340475992484 50.31128788105873 16.362077386976605 22.534596943678753 19.661050553980406 25.124657856778622 26.483673861496776 25.614804764500004
206.89374071740045 226.96570458936506 260.3642068414466 268.8230284407737 265.8294012531995 236.72575152341525 125.91022635929215 40.83941824277412 17.062952252563864 21.74561997646998 4.950974284806637 14.21929281618139 7.053924677650232 14.367717432575434 13.113504938814613 3.9510215131804927 5.852691929023108 7.253425074531676 2.1049263180154973 5.180981797286778 3.156332406900662 3.132207614080885
231.39012781739316 191.28251505440275 138.76129071922617 123.31700545523839 121.16040369224521 143.5996114517779 131.26617354933447 162.61814530601106 113.66946590917752 104.67111264882072 95.59148051221695 49.92809919466335 52.61489136588442 19.401493133781962 27.036559125064308 18.50025060622178 18.763798744663276 24.57972755009269 25.167932074575734 25.537904222497215
388.5792702743791 363.6829379188274 341.97516908365617 323.5610499946693 145.93706378355142 61.207986386415264 35.94040920632168 28.939346928552176 30.403134201624823 26.07316602589684 25.96799643091234 25.98631361600209 26.021754317302236 22.78324609151431 4.214565107329253 3.1188200185251906 2.4554692321657567 2.021942637019649 8.695036314200504 8.51820472860542 8.3755179936555 8.220012111244007 8.160781180127803 6.73603047489726 2.9330788053476002 4.253003505909744 4.095110350492878
354.5806512734777 307.957374110404 173.8376914635996 90.38152588573206 77.29230425516255 53.491065218512965 38.63779386607393 36.06434715883385 33.336089826236524 46.22944282052114 45.60646246614628 35.85634573984091 25.6064830829605 23.029939630156804
328.8387398056846 291.648881657296 237.9125658405887 102.24163515831914 31.724390781970808 44.89687057391199 21.105084638723532 16.811125986252136 18.790329123348677 19.13392116740779 20.397083762585936 20.898197241201785 22.33466769331048 25.075619127166924 23.812296365651342
237.35087512068043 218.9790154301243 214.51348229563635 182.91804457283277 176.22899405963105 161.30827098135669 100.45825857398589 79.06869612433857 77.56726966322323 111.73748932477963 178.05893964717856 178.69292225087514 59.556741233255444 12.421825752565743 19.1473251840692 22.371791815371193 23.440395354627555 23.70309212623639 18.199953182030672 6.200211209022109 6.080010653111748 20.98059959021857 19.143324435415003 16.84602028572057 13.35945860870297 16.918262326118803 16.7286243645163 16.25535097537553 16.276924314625536 16.130799135610726 12.702384880248621 12.723385751535337
305.49678500832925 314.29849303747255 292.31730872178105 302.82199725694556 220.68528925674295 190.36771059229392 76.90267666337063 26.831711762710455 118.25221408931999 36.21149016771341 239.0780859752552
165.1747718680457 137.89389419950004 43.23376759638872 37.03064210324153 33.963976052462 31.05249461785893 44.47699131842572 27.78432317697268 25.145618642842763 26.51521249334432 22.337012945728958 18.48099718260263 20.53069344742228 48.0357278729618 49.890420306432866 49.77404586559572 46.501348593984766 24.33539812514241 13.388479072036667 5.306369574134756
331.82806520051895 298.3756768255821 292.6434528404263 248.8873548844993 219.51674709837786 235.76225547714517 237.04583021662603 232.81775433077604 235.6871435226223 240.6656431199713 244.925919011481 237.31913164147795 119.94942454216104 194.0229884174799 69.05739575971498 96.31639641379324 117.87975728939489 117.82923561663202 94.45688539207177 36.092914787260376
252.48022815552565 227.19085537835684 266.76527427077207 264.0248201794725 286.89857330840414 290.36754071891323 305.8623167249896 139.74274407793203 140.53319471994732 244.44233226290217 111.68207615184123 47.68216190598653 13.523504043401074 23.824573919880216
183.2656270039285 187.97065959437043 157.77466982844967 160.43785992211727 144.68123764196048 115.82840988423695 43.40319257346768 49.56095354761656 24.121727715992666 14.828032514613959 12.359764009650872 4.004823053431553 4.156424696183551 7.6718379623827175 5.792735140792065 6.293682702392204
200.05549339689063 201.7665630562382 202.68624608848546 225.99936425074054 257.7002163270505 252.53546013292646 128.88731038358824 206.3911069425316 103.74033883759445 193.4249349212387 214.58143947208222 98.20392581647042 39.47248899645561 18.542822911026235 25.102748658868965
136.96135688785202 41.09581288650033 52.1151427291384 43.07770213805464 33.515772366348166 23.60344340066723 25.309926078715968 24.576258432944314 26.767632288226757 13.292288246113102
195.72914191635795 133.73101629104707 131.3572097100089 106.49822273330928 49.95566904597446 49.58964343681681 34.166978552637715 34.75067872175603 41.96636742697091 30.245418736360392 38.91709647393057 31.47910339373077 32.09354361214665
307.8204291417809 285.93763079485507 142.26195148593072 76.12149927938059 79.21459675952217 81.43220817568978 20.04760784441078 24.879264771121974 8.23720406625708 16.907121651441347 13.92859872904132 5.610712670607491
456.5107394441259 412.432605515559 375.1921215580212 230.0478267443948 112.64094400547792 107.55700727883365 51.09279971622216 33.84994794342871 33.52792711072954 26.658839558211795 26.2092144107878 25.29145206377791 23.254459552571817 23.285720549541473 17.09868948592933
374.972779801722 306.01209025912334 300.7540233322602 270.1104061781102 277.43531135389725 275.5498891819375 296.495990016901 296.49120464796925 306.256653563314 302.8265224368628 302.50366308536
268.57357796874743 212.153328626973 208.68730441312502 135.20443377889077 59.70414986252971 33.91177124752603 24.14337541987549 24.505518428820242 27.104697196763837 24.968947003365834 28.821783535839284 30.565768573369123 28.57233009831374 36.015410314820606 17.153119545640443
256.3624570144134 316.3605055755809 257.8520610838521 262.0929412017709 184.29724665287912 163.8086510229681 236.07982868815708 140.11567560266477 75.99732590756331 58.27907217582323 39.582164829240405 38.54627996229986 43.44866856845737 40.60917838758928 16.256463463033647 37.32234081183942 24.705404815203444 8.039628410817132 9.597748663615151
132.8746637475017 61.525345069126644 95.57262269424147 31.100383402447115 47.93190211313017 48.06570487833766 23.102280858020364 28.611054427416942
345.1127469501773 308.86139629472507 312.7959296773837 240.48309144509395 182.98785243536412 190.27276046552248 165.3568553352205 159.38719077636577 161.5018221928111 164.81151722313763 163.21091223677158 159.4684434860671 159.249778091753 158.82772693472288
275.9409277757165 262.76960662584474 282.56709117399015 323.9931938517466 318.32270293513164 348.7847553954555 381.7375741331409 388.0556278639761 397.8727261813256 392.64890808187295 369.21373438983335 377.28087325051257 368.7084960714383 372.7819200603571 372.1541747761059 350.9311409840398 170.1598297276649 58.16386870182731 52.21549758391831
194.14130672576297 208.35914120903888 158.93713452014535 57.15143175930412 76.85939199386233 43.322578061919806 31.057239668886094 31.975827216738455 22.891438090618504 22.29628998254246 19.601737434812776 18.019947741189203 12.359052313900188 13.666606804317777 14.120567566200993 14.102411383127539
406.00311501076976 310.0969770798259 164.4193759163731 178.2424559108824 83.82885957006937 53.14391606745848 74.33882146656074 47.15215513369548 38.24620249755177 42.35520946876146 34.7707372840781 28.990806414425677 28.180551009090426 26.594545909341313 27.07525726184646
192.34518722362927 76.73137164529095 117.7414760385203 34.70134097622457 11.090816010956722 36.598228691998195 13.96952113633138 9.864267157692803 10.544471891788419 9.283801392880422 9.124701358812132
351.4848631494725 336.55442905104053 321.79833742725225 311.4645751336547 279.6528499677553 278.7022796256318 164.89964432987153 83.84490258863983 72.83312090711793 29.51990929017175 16.26510105300556 26.779723932538925 14.362876197951282 9.68345108928357
130.8260672017076 89.87415359425314 92.01422602770562 56.724922014194476 23.149382711172688 27.769539652438493 5.061325401712395 3.707088466258134 5.399048022546715 5.24535404949279
274.82008217627254 240.90317863465114 225.84759562317504 230.43075158326286 260.2033284707447 251.66714300196153 299.71848242192357 274.80092170355806 257.3078827246897 137.34273575340308 43.42412677379073 47.08013367961212
246.38919992106648 321.8790385486296 291.644290756206 302.38424847592785 331.4768753667099 246.3284683194908 219.86295899471824 172.43483481098642 148.8166330221304 189.1390449013168 147.88022606966317 134.39441994856682 132.10678177734886 193.25221379854287
205.9964380375754 102.812240751246 158.52413213926516 130.86242603561962 121.7984397934305 163.31985884664599 127.45885323009333 161.46779183906602 71.31076441455497 55.037537572669585 22.19806348892751 15.502028579216311 20.31165965450747 15.884103597797145 16.57166654062872 13.788213300839855 12.265536096966427 13.96971111633944
236.07662670275778 189.28460521173443 120.0570537072666 54.56264261177981 16.20284705313572 6.8575236587304955 9.322717501765837
81.1889267174706 132.70778753519247 103.78052161647354 14.825757040836686 52.73494551422337 11.811358283266683 10.911213852223865 9.952760915247238 8.889296421838846
298.1778412631253 332.2967088318771 294.93219413717514 351.2640447943787 392.3228939039416 305.56021482661265 360.2296527034146 157.62579510803752 339.70856988689155 135.55524238960484 140.0290383954638 224.9872326162456 97.1984734088662 19.770676448214285
117.65111055576713 127.4218518137746 73.11052497547345 54.176552811559766 56.02746400801765 20.15291867187395 18.453407795043308 23.562074421479906 30.884890203137218 22.292700455601253 24.56895517859209 32.16800281724654 27.76209304398591 26.46141008674015 25.638052970626603 30.863780711903242 28.320459948908375
232.13630482543664 213.28240484337573 194.15652250391278 151.79269335240159 136.89550499310758 64.41443331895778 33.25654015413742 32.62800626516885 32.93425549953833 36.264015098200474 37.130585514780826 39.41685414350519 37.60898011266758
358.19013508712345 260.85615068244095 247.5659731605933 123.90763297921819 134.64050906959545 162.9204329970146 84.27533743545776 72.61145580689798 22.905087797696062 30.85781296163296 12.237609437526432 8.093362986407628 10.793179169702979 7.633167586099889 7.776415865896759
131.54835067714964 98.65747607779532 127.26171389985376 129.15927450522298 52.74241323492502 24.521000072654203 30.938207655571937 20.04235423970656 12.207033898921578 7.8920776824854615 9.863887079632493
196.6892718596745 190.93516708323693 170.69190505997136 173.50072756244305 180.4388763372196 179.1304840125723 90.88594204798245 45.9456603439543 54.56283226202172 32.82948444639498 25.94602856734939 28.74468804623322
316.65269821772284 294.73865550207444 286.46295258123484 272.92168047258656 254.77432013610638 252.59301912632597 261.39839603108965 276.9006788440904 276.7308729106234 133.59446826503287 91.55169365314221 86.26352692033123 83.46352290168039 49.18710772890712 66.8347116785559 72.1854232694444 18.718621338755515
200.50950287646577 171.88999074018338 155.97663757006703 110.68105361895896 115.40484541138134 104.09214275402026 64.83544991912235 40.12115774613969 24.873686047716575 31.45199131599719 17.540468284470716 4.055918326053292 9.019947755915645
267.08659830449034 294.57974404064146 256.0493375085403 238.85869367101444 273.93187500447345 198.71436886315672 187.73248820449683 136.08019799369 113.63059630230822 140.39203264990996 90.93244883730831 93.38839948523125 76.68558228721055 70.66222583174411 100.78744179386645
187.53638875865036 198.3649563129195 162.35425715261076 85.65710159765914 127.51862661009798 76.73690452636049 88.63801949383208 88.3407787394183 93.32290669115018 67.22243704230279 74.94742659421908 56.03428936946445 52.13864826081695
