347.5806176199031 315.56124643399335 277.5228067008303 228.1937761356458 130.12384369576463 80.29411220450423 71.42156138145687 44.68738691302919 36.485833020644506 35.37896503349172 31.295986403090293 30.377963287475357 30.10158254658746 18.131875618376206 19.433242765021248
268.53359294541883 236.58187455758477 144.3143806137745 187.50296314564335 153.90833303527572 133.16064790592142 129.3990750237088 121.26686493131231 42.23556936365399 84.68830847656658 47.98148997580324 61.254247584163025 21.27088758077585 16.452060794617665 23.10479939544412 4.782882251542088 5.330607665808264 2.796091243282034 8.219269048464449 10.742303951656075 8.38815597862396
302.95079904822137 290.35226263560173 269.7475636095641 126.58917055210028 134.81679189026872 53.136451882360056 56.41457715568451 25.21498486875917 27.313111994873026 16.524165475206573 16.829244457470086 12.227791719535121 12.872376136596227 7.08630817200602 7.995911188418023 9.654442135724207 6.765122639606096 4.3857060378305555
252.57201017832264 180.14176673145718 172.66156848713385 120.30259649812919 103.1473223021219 58.31991561925558 49.24128508082029 19.11224492705553 1.3243088306045874 3.7752348565229714 4.02173880423949 14.67844859652409 14.105305311003692 9.967722418929515 11.764629636584003 12.557253953615252 12.773634740640029 8.403233326401429 9.326156205377705 10.737784792183698 11.232357601924319 11.718879573224672 11.82946609399762
222.85084166622508 202.24839029538074 159.75238457379407 117.56715010882196 116.7267355363638 108.95307520943216 46.820212260431035 17.162091335347373 22.344324409850042
70.17810087735442 144.13037155533678 127.37935006944049 33.1696448946002 107.39681365095419 89.05524091214602 11.644365865145833 20.96466666646899 22.42928768407341 11.003284604028888 16.351174989259977 13.667840736860695 12.44716641042087 11.770005887390012 10.897381339555215 10.901984830159424
179.38893782186733 71.05771387545308 42.000753908771834 110.03734731132135 39.22643081757938 53.29596974381525 49.4673853212643 41.69812484961713 35.960251476791726 38.721206542796196 37.073217035703635 37.36159762791722 39.568757122310316 36.04883157022528 39.260252085574116 27.777739487023155
122.1389152898851 107.17589742890783 81.3411791281473 70.49474532393576 68.83221307713444 41.5185709870683 42.70678017464497 12.776012438510723 15.5672566518441 5.529114864647483 8.418314893624403 10.032347753332646 8.792971191788583 5.481602518878276 8.677282311819733
134.93480882284797 117.40771507597843 102.39172324780968 31.71452666388912 19.243843956361243 22.434789426967352 30.22918234204194 44.931928833123095 49.62285697997146 46.685273259848486 39.64913250304272 26.690031960258576 29.742780202087257 19.576262854277307
222.66343141529532 205.4129172897967 171.4780447906175 166.05540607640313 143.73765552657352 149.7453366901183 86.06212331974295 132.59097091320552 70.49562356266327 33.013408004878634 62.02279494325523
249.78046060432925 236.61532105350946 199.30451739624826 201.50285898353732 164.14122985696568 192.2932251659948 162.58912721636287 59.49149891092787 22.836311607164202 31.536810910529457 9.322926517234501 5.95703925080007 3.7114825862093084 4.272572606046794
151.74944691438938 161.34587760414564 170.43598252588316 195.0211897139745 59.27551037645291 39.99310865514011 6.943441840349134 3.303416673982808 19.708455576240652 24.88208627143724 21.03350613399796 26.917663102167904 27.097171851158325 26.852501570351674 24.84653903772155 28.227884465262445 28.885433688576082 29.39733190886933 29.785889360808664 29.992765635373495 30.58724765319412 30.556830330983065
287.8845596900925 270.5888440548571 258.36329495020914 268.713853475499 176.27538034025017 209.87056540131002 235.73981800613942 103.70527780366037 106.84900456331205 66.33022508570292 31.180882169690918 35.16865883720299 31.345527324577066 31.168983007762655
357.29342794778637 339.14476498570184 316.5300399166878 151.32551739123093 155.4741858845876 154.83037136023378 128.43996764137148 99.5471126598936 65.90506858859892 38.11869846039583 32.66013238793503 27.975474173205033 27.2284667532901 46.735159984768636 46.21167478937125 45.832951480115085 45.536954866601356 43.560620302295234 35.930488197962624 23.77501181791608 23.74234124396012 23.28533656862599 23.279084413050402 23.165566334869897 23.163420015914326 28.78540147497481 28.760517736323678 28.881349156304655 28.914342903617033 28.930322816175316 28.899822343938094 28.807013711909534 27.91792802935297 17.0162517138888 16.056295711494425 16.101413220508093 15.881930862731018 3.767579498979276 4.245883414858884
258.0447020848165 237.42705648350196 234.77713607736325 227.59151320853948 195.9039631727953 193.00140895121137 92.24968068056133 43.857215608773586 36.85599308636735 38.40238569274839 27.47385922275771 33.233434550517885 33.979735545826706
366.3456427820982 336.6452919276705 325.8893502640518 143.89402910158492 149.34142038874998 151.34323208005472 151.92831223918247 204.4565756988126 208.61497948643085 195.66128329947026 188.10122281281136 217.88533159201756 278.69538876775795 279.9640617739579 279.7224861031886 279.18510322862403 286.09875557555387 314.54158519837654 317.0352674642235 313.9957115608246 312.19571039779447 313.3000881883067 322.461127788161 340.80093822167964 89.53304749671545 102.32601663114175 100.99586696962214 100.12409432838832 133.48020390355774 47.539388823869174 57.024764398231085
381.528151912811 356.915110019473 317.279125245642 166.14550786609018 64.45946790018334 57.33393436922635 28.840203948809798 25.72272762630898 19.715384217182837 19.337853664670448 26.625508247594297
138.56867216104618 22.163722458680876 35.27037445464865 54.15001048770737 26.4650568728857 28.515972523025077 31.308469486676632 33.282551827163715 33.64700805755064 42.073247491624166 32.6794089092713 30.158457013505636 35.62436682377674 26.799564565769952 16.894546025806644 18.54032455364938 8.816628807409275 11.648718246991384 6.456649780832145 9.016217967237244 5.302683727059136 4.5530216372866885
200.74960670303506 172.27959638645538 137.54206202225689 54.05325093862413 64.02290537111313 64.85761928969431 15.078319626963397 31.80099473857844 30.305274802325453 30.583213172225285 34.52739103088976
398.04738870261195 366.1435447589976 331.89870736503167 283.60989955844724 141.3816938026171 123.63491524266935 63.07145139384626 52.28298264440872 43.114281047571204 17.364702550046122 18.35985536064852 18.371959068202898
169.13939632896137 200.183031491525 185.70376846710903 173.8721080035674 61.23347700251334 5.926386858411474 6.607496176444417 20.174807069959552 17.40541838185595 19.8723614578692 20.110050624113846 18.101445907346463 18.421192786385838 18.884723161399393 18.638308948399406 14.204066194256617 14.222991799221365 14.302598535159328 14.315165918166281 12.16369725867249 1.5996269757526214 12.271017444519025 12.474289071958792
285.2286153311826 264.80327308658406 115.19088419676837 111.55764334830128 52.027362819985655 46.50770702063621 45.43024592262749 32.73132053967025 38.2933049540148 32.86106380353588 22.994289811704885 25.521710791607557 22.214899409703236 22.43328334183701 17.248215554274175 15.59279013033978 15.864689040174195 7.428748794143133 10.76608107959676 12.494515076899962 12.979296677309243 3.965739847209418
212.5488820458364 238.16234696109674 194.84620265076666 187.60698655507437 189.64699936606158 184.622410460753 223.98190118848288 82.03597499676877 94.29673344271227 75.12929487781729 28.628068645723133 40.677656835203
177.4237737748094 153.362293852276 144.15498302183994 35.72117710732695 41.33869709833708 55.59098258621525 46.349983312313775 11.340872050828866 16.902831738569088 16.5556795872612 9.10028428892402 4.306949272986063 4.089814877809912 7.518348063098213 7.238643893264138 2.875575741451687 7.913862944390848 9.124703838597645 9.958552323182754 10.700903311751233 7.16845409375109 8.696901808279856 6.809236723883418 6.344220400205233 3.5897177679795114 5.598302955783632
198.0412346929811 193.83211295290525 174.99229147933337 106.04751573729847 53.32178121673781 65.26575660187923 40.19418432340993 28.624696566502173 28.01985048954393 21.56339412019027 21.452040839310058 16.852137178724924 12.096821134384207 11.409114674535228
382.7577943478104 354.4553504416635 221.923507923543 207.04661179825328 100.75140848206736 93.76215392082575 39.97397098976702 48.186203602010096 72.13901440160883 69.41157260297365 69.84661518388855 68.66153994193195 66.68714438190098 59.81606330017617 57.19243417002074 50.08451021388707 53.33861341076081 53.71848855317746 51.75837626506937 49.04360790592035 15.585997963433337 19.657451255165086
152.49189036789457 232.9862222763443 237.42051612136177 141.88279945256474 199.5899628156332 224.41194257199217 87.37713036654529 51.52511658613929 50.20394702773187 53.29601455300487 55.93605693103516 27.324884053417072 6.836480198619 18.389631616541138 14.18905626488547 26.434062761254303 23.437125320888022 15.690489058683625 13.738411292464566 18.61666479791483 16.87290288099669 14.818409216335624 21.27419445478901 19.13253485075512 16.585036227231736 21.39068834092814 16.50039547365763 18.660247523223003 17.03089306026653 6.302098894988274 8.721650611494614
303.14644223446226 326.710335328385 312.7414533677493 292.8184477969438 290.88472475962584 338.0607289104332 325.45581916096467 317.64742104934624 125.82960356817742 135.09301270805085 37.96081349862432 54.2788762614916 20.15448643045341 44.08787621931235 10.457501893769093 42.026916152876474
