255.85098863024416 147.28868046348282 162.78465310316693 166.12785469911105 109.16214229899632 70.10671887568662 78.05572426371988 41.89644114180179 11.373292439816797 16.157142076532093 7.164795482755991
115.12503723903056 80.9038683793454 73.96251360286433 40.4682985892291 124.18654082497447 101.35702990884779 176.5873555211749 252.4326561271216 246.76933707336374 44.48496609823478 183.94289621875095 28.84879835032492 126.93962640073613 274.0150911865785
310.16958963254825 277.0479327971839 174.1332346962806 125.53152471856578 86.00767329317554 81.65626452857622 42.95138564360678 27.63782604728596 453.12082013577594 203.0572861869341 164.23688739835907 145.36206271087846 56.739996762986635 23.16510210541102
133.82899110393788 119.33190168222731 185.9962808634278 172.82573733291295 181.86481243183 169.96734822470117 128.55350966513745 128.97395704212275 110.82187777995901 102.88307779676137 94.7410847383034 21.585832086164014 14.794952765060955 15.077993117349896 61.215434034344256 73.90862955403536 82.73435470628857
438.78409096289676 409.86188934957613 372.9016069005804 328.0424432824378 193.02266367834198 81.23126052680706 25.366471370266286 24.106211324187246
250.8776760555095 136.94050115188455 110.24149508726079 104.58504827845734 113.60184431421413 80.03754017413196 67.19635304890508 29.975574511526425 164.6897050145482 168.52665970896518 76.12778073730964 77.25474954226054 18.58387033003518 14.145145363229803 15.273158662423393 23.332983175442866
26.220276133263265 128.55872631297925 76.21224316717415 82.60141396465856 77.78222907571474 83.71902339246195 76.63323377047956 69.34540050081479 73.360018242774 71.76579987502546 68.26784074415784 62.56977527382249 62.62471475561222
179.67772750342866 138.2365300030489 142.77012472742075 128.11806714568917 179.3727576363237 173.88402775400252 126.80182625916495 71.13960920652728 36.80373923339213 22.033936047967746 13.63292913138492
157.61879943653872 112.33846161049755 143.6899420631318 231.24172814096474 223.71541681218122 230.32258261387287 153.56338468880787 103.17315278097387 59.31995882965128 5.588102727313868
456.0012719040085 411.3693459484949 375.1914646861379 333.42609581445225 333.79115515961934 333.79115515961934 333.79115515961934 333.79115515961934 333.79115515961934 333.79115515961934 78.42380968869051 44.25383664014095
396.27397958118667 417.4099205548955 410.99087329269145 347.18918723048586 390.7047619304941 450.8955300575028 399.41692121966935 481.26535115095675 369.41536496969877 379.6352283966796 374.2798779463299 315.3995665137705 340.8762230022799 260.32711499118517 328.2779672750073 452.27976012625976 362.75897188542734
200.4502622381557 230.85627250124696 292.7062167629753 276.794261971736 266.29929049298124 241.74219332431667 267.0071751918265 213.80631261278933 249.8998750450797 272.6409856391299 259.4652161130883 291.4708117890219 250.25121238630035 192.3822647463094 209.46886962960187 202.44475344443094 196.70146672953499 209.15114014187407 152.04989416512342 179.8635791616816 235.83358439460017 165.9201597534655 268.5162837005979 150.53725301667097 131.5848515159788
336.18785084258315 289.39710745752325 184.48690574015566 176.47265613141 145.67950266341262 71.87141168501653 35.14866661448302 17.76578062666647 394.23226603035073 290.32213492118524
77.61334204089604 89.47037296618342 53.33769267911697 51.866133343137385 59.51690431239378 79.6059146257122 7.912902010210204 22.93089560759854 25.937318881665906 35.069448169626305 119.93656125623943 47.356746066861554 54.72917841171011 24.74641008475808 15.074039874535144 19.31812569510241 24.401446852263753 30.574073109177068 28.94406889072985
301.84949698819577 219.6170763776696 191.19394198552752 179.10863666045384 157.47173841771405 75.46557730122024 145.72481948599483 57.192402738683406 80.48186521624683 118.84974476698957 54.22252369918821 107.51554352786404 197.01619573415542 86.83126681546956 43.10063023647851
449.51756327833743 419.4862338790163 380.0848726239203 341.46857372689004 167.57600724540617 59.52551366322639
289.1977892556384 228.07562301714134 250.6013669496954 244.50942996253852 96.47513357619873 301.7557902166794 280.6472698951366 324.952032608629 181.75293516460934 133.78244572204392 213.9329979855537 70.72655915733436 29.862781367359368
332.1188566302747 163.54080954967344 41.11270668635848 24.308842603636446 33.92308253820174 86.01459422537987 284.16240292863034 211.9585733001894 188.57111497488125 181.47929334380157
381.11885440708494 332.49813409278295 329.2061175726068 306.57747545499257 222.82441231876277 222.17230398388006 290.2991308970448 287.29150550683374 280.6072788667475 276.7411100212759 273.60090600864845 273.4584022631319 113.94088882645977 247.83604788569903 269.62981956627743 232.88936602533983 270.51518725855635 276.2761934625842
286.192106506566 262.0048703100745 240.36092137236733 228.19037719047176 244.55360337851346 259.1626740565721 255.77524408963848 277.90971376610815 203.63772927942307 150.21915168417453 75.77542394739231 8.008519563580139 201.9294880579008 169.1100376299775 160.09605224830037 164.4492799163807 159.6455348898043
387.3522573617337 405.9832745495568 396.0605298709884 400.9989404120043 371.020070807515 375.1007612288445 321.64586372116884 192.5621716102572 126.09504427194331 190.3344540719852 73.29194936153017 12.042803195724673 2.549994413790852 132.20897615702947 128.11966931221562
248.4313135339171 190.77000367310418 337.8212669795939 335.69265500488876 253.17092475966223 278.19892132530316 126.35104404438577 118.93543613081584 206.36243409658323 354.2431884861091 417.25069821669723
276.6182998458488 196.88319482212856 176.59909697471963 112.97173522157875 94.31038296841848 93.3710713791322 93.36768353600426 74.5459691248263 82.57374536962068 84.39346066111821 206.27008864038282 224.68393671056518 108.30847790773453 81.82381914051923 70.67246215999123 76.46725533270339 78.99439222271191 70.16910335243287 180.83336613446826 98.89617285872762 92.78682479812896 193.90137207748984
224.0161103385147 166.72295452639702 218.82652618267156 180.9040786508335 179.2130495260976 176.48989618459325 223.41408212702058 194.32800605961316 185.24292736701616 122.88812334311768 99.30410081394875 103.12670792974697 101.02756841302313 101.29601626978604
243.46454399819953 292.3732726987712 292.87047900863666 280.2106444036327 292.00320208723815 329.96747229555854 347.38005573934913 468.77457974217276 391.9809183797055 418.22927232188954 360.9138875291132 246.1470652982416 245.46421849543026 218.47834253573328
210.11394923484914 242.23008947445666 109.08882398999255 109.65082397944849 26.30051728383146 65.12564794094658 34.99174734512141 22.712272693516418 21.6348611276233 32.706171905691804 146.5279238581065 120.22262397218014 117.50544905297363 105.62945326548011 57.26056336796126 33.80282106319146 26.506669889223854 16.16163243088682 8.88845407904263
192.76576966225014 156.2928124815008 173.98585172575204 201.24121097637297 218.00366964609717 116.90848042016273 91.60013333295767 132.01822837527416 187.05300081541606 178.0456040545188 213.43125669775063 116.62248364916293 78.94496703819703
103.59339709836057 100.55086521009304 144.23439551722507 84.02244420466033 59.012783688228936 80.15194485879485 84.42491046649462 39.87965952181938 35.54685667265403 38.50672982273018 37.47194193648081 100.02946715453284 117.6689201819606 35.1963547026148 20.225616969664497
310.8318114263129 233.53279085486383 316.80016794054455 214.71655481607863 216.92406773988836 162.4192812129053 140.654873689028 71.88865879332452 37.45023798523523 59.586087206121235 152.92134893007932 149.915032551303 74.98681877067172 22.08921462104933 0.18450579481907659 9.445368190691708
186.19317779140658 253.7196053748456 173.41180886889643 146.3746986424523 291.32027053607624 268.288483225033 260.7427855740472 256.7928008193863 216.4974300831598 225.132901779152 206.1634383244247 221.3617737994746 324.0037208533042 196.79796372388282
259.0520922324265 199.08108493517136 142.72663934465672 158.12562287284248 117.5363303558556 81.7595604103788 106.50983705835712 106.68283161371792 87.5905882562056 66.32194371054518 152.56374496881836 144.48059760857845 96.71584035326183 71.11520820125365 209.91628165336616 214.2487456031103 127.90233257156292 89.24606529085028 235.37323414394078 242.95458954339918 119.8109367562502 40.1987267042055
347.12319653536133 310.64227333931154 298.50512808613576 200.21328295321098 337.2976625343212 137.48196440250825 202.55593102369352 207.00055352634644 105.74525019800646 66.67902905017112 55.89740710622005 52.15018769566604 36.598777507273304 104.54739891668504 237.78649589490308 195.2196932230569 91.81835212866561 76.95110825094457 32.711375451526564 19.880501169151103 42.28129709782024 85.04543407550581 137.13798475815364 132.3925885474374 65.60247426817553 90.09479581847009 26.552833554378747 4.08683620268281 7.802559727090351 22.816584095268546 231.70886387712747 27.5396899005777 76.98254196578735 149.15009602570308 115.66571769768656 85.42401671866526 40.06148611442564 11.990587770867329 18.802016392454256 39.19414996044683
421.00776529438446 361.7539128847632 378.8042779624015 393.57711202522404 282.80426237597027 177.38042113718018 107.64134204165572 83.27420672298412 116.75016479834325
104.36863406622214 99.93112211841117 106.88968927143377 96.58233392278498 194.05015463799378 110.10804784587047 87.93309104124802 92.10400371434811 77.8011633861402 25.707959580759876 42.60586652403978 49.09086749788775 63.89197674445026 98.57355709090295 134.93585346565067 131.82496788218555 73.4117375606019 39.45412341941147 31.543883039241546 30.4189682067709
244.73851476148354 262.7146052926406 218.6340352617597 90.61961469536175 85.23235027604804 40.986338133694936 30.45371275252491 318.624251780589 192.1064343624237 70.15700352916181 24.945885533476808
105.18081829985198 160.22627323018529 112.8176813996331 63.55875511260843 28.34665185682875 12.897065875472245 17.39004718718412 14.534856574671359 18.640860640232862 23.017018135739423 22.869450342329436
306.55380232103425 349.41985119779423 215.96086714413735 221.50858287773002 277.8765092470838 274.4842493790947 219.93725583078694 142.12141162127847 142.42065438597425 86.00156451351897 57.63886921118114 61.39519863719804 44.244621049846515 38.29157257193898 38.07479905837463 35.95933110308208
161.62117576418004 63.49592193489091 37.54165249082098 12.617150113536093 35.120259806758256 36.87303622916026 12.081840136355106 15.405348901630738 18.570729328948172 20.49399466942232 49.003033525072155 42.42561585656422 25.759828878073723 19.85439295947568 19.486626060941553 20.479556324846286 21.56267304948643 22.57650217448358 130.65989303613352 56.07815461646288 95.72079077845501 39.93235115577374
388.6022501696926 377.1886483570574 355.5640191073383 346.9578395666129 340.14160441816017 305.4169031540746 350.08977105192656 402.0478233888716 441.5788974246313 239.89279684698528 374.34070069243324 425.9482009775965 463.1105928447245 448.1744454275746 439.42333520006974 333.041907897298 356.52656468777576 325.2768479320392 142.03874332648405 53.94390844664059
142.13220267777575 132.75192496642114 119.63335888544266 76.88245317845228 91.96591089681515 58.61340467373105 79.28139860729001 169.79163587740013 155.21094503763987 76.71671970836229 19.018124012619815 9.6818976228616 23.207450100180534 33.99008001884855 30.830667955250775 36.975971886432745 41.24897135351368
159.49785741372577 147.42330966047803 132.33417751904017 126.83790568040156 140.85992582721022 126.97186041964389 75.39025076283163 87.92890719917018 28.07391353408492 11.923747877330962
251.78112551473737 252.809103145224 216.2838547795135 181.1819537956819 95.06208431547009 85.03162103758258 50.339369590273414 37.6916984181319 37.313160339607876 25.004295339894103 9.442865531821225 8.336045841667161 9.069300538176684 1.2875270450356457
121.18647206668756 135.5140285012846 108.62249560875337 143.03100243157067 178.44272796285296 146.95519662657287 174.24790082787896 33.69540957151248 76.36237169959307 47.04833518683527 28.72517627712763 22.278713907945857 37.99930276256664 54.587770561183056 32.7290085181513 60.819313381713606 69.47791957452415 77.68672820206133 130.26200137940828 119.85227458630524 24.733661549830288 76.51780485224229 98.66622985509603 17.392437169783523 83.37621592362873 106.91824258003042 60.93857415311446 82.2712679764706 77.65020625860697 126.60852094457155 81.65343140851766 25.42723980657798 90.13360720643335 28.649893880935316 44.37147296536878
459.8947906410689 416.638034039994 380.53681552056315 343.2937299051482 224.54653399943257 149.76869184027979 176.2202706835689 166.20885952933244 158.27384869236056 73.07111074174522
362.3909307294683 330.6137916425295 299.51031260903216 250.7945755071412 254.65051215297643 403.2824534318406 406.08333290664035 420.24502957978075
173.71902055624392 142.3205735575078 133.16896473032045 228.1181038576838 90.42152995118306 51.43993946884103 26.060877702460616 296.9997792433654 299.34708014046316 123.00128995305444 55.245975260287395 26.791053935665776 22.692536625608962 24.67153554083742 24.69086598939767 300.63124929638946
241.92680338891927 239.54366576043222 187.54020239833787 86.52571789402177 81.8130503363485 138.54096763833766 137.63466193792675 45.22423024573428 23.995769147540617 142.79848011739816 140.57235561875245 59.48042820796944 28.708448586382577 122.89425078617748 111.17309467548388 35.59911855199845 13.337910918599766 90.03432366502092 108.4526441757859 38.84196863492711 6.913654842460666
343.9773429768807 305.7995849451629 305.19769723658004 252.23929962834143 210.83499317865602 226.08671266016748 198.23028411854492 192.82000406150974 276.5631448796253 202.0255193391051 86.42640882657497 140.88308228076002
273.2205250703941 252.52836824545253 132.42339133170827 72.09009983659905 93.47360474827408 43.578329780973924 31.39018813032131 31.480232394100106 26.34222710243703 10.714829199922939
339.8087508810762 326.305127772988 176.58980760163035 76.52498447282917 86.22768941269457 21.337082336004094 10.651042905477368 10.074093043748523 12.223783065393839 15.207807408270465 5.774436919951127 7.864854649975201 1.0965187508491159 1.5679744932960114 37.63414327024362 34.89710622239369 25.802467794090717 26.5583647825447 19.812385233840555 18.570374613307862 28.96555130135931 131.23211039916674 120.14675540296804
230.70481486545896 184.90038018290034 113.1659149127385 47.413917161641045 163.43846376703686 153.88775161291832 111.50350987503639 57.07143257863216 27.748364833837094 153.7389689688322 153.5180526330086 124.8724345516298 67.41206975680483 42.45520710776208
340.1045462094592 262.01658566328035 241.2628770773661 258.44622734324156 197.0833690953461 186.67837748484203 219.9636984946065 183.67459669310225 104.13315895889147 83.45167473625585 28.584349872447167 140.73605547651135 114.70938030444056 51.04998105274392 19.009539112355927
177.820011837943 145.47503791869988 140.074368061915 105.3486986992107 68.58314685751624 67.59329164526739 42.799367285264275 32.66793718006887 29.703543357355393 20.531306879919196 16.467178237559537 98.29531718861486 92.33096897117379 36.47564287563849 18.39045730388528 70.23528165572067 78.57390000496949 41.74653338091169 17.993728139821304
319.33317512485127 290.24329506709665 258.43644844208984 133.53290970394886 68.06677613862125 132.72970704687071 115.52343466929152 119.89121949654056 54.56965368411644 128.4913658098486 123.27168232594691 171.90467366848998 102.30553574991339 168.73452372926013 215.90170999070926 218.91029775434677
72.19647344171653 82.52819423060619 117.6834990219966 125.54985183461834 126.25552895126813 138.59424481103676 146.63525353037664 124.00361434892345 68.59757468475873 106.61396890534412 150.8189002528802 88.5729183340728 128.49653595656395
387.9561554577526 367.91014157710487 348.8756967682939 164.64418505172037 79.66121483122168 77.3443925822809 37.97899008596075 33.14310940353063 32.44207253051273 17.349197217794845 11.336447346659462 13.095243800451653 8.617448326442743 7.295922104140977 5.8704096459645285 4.570956032697417 4.0872006023055985 5.565556792118332 5.450183648815728
292.3978124340695 256.734199862224 324.71870473592963 328.5006189655657 241.15241417969295 175.08883146213768 104.56864244452417 66.80622755684318 170.0964809050159 274.65921822930693 292.1811476781701 307.22790384534846 218.6563358807982 249.30975543602278 122.82339240953448 189.65263566359943 286.83217768121585 308.1476012878158 256.559383987487 101.46284668909105 44.814359269348955 22.951357908536874
223.1484143638162 204.05642375249096 161.863353720512 123.53679668941314 82.12462806957345 34.32452453538939 7.210347446485725 44.176415191446104 100.55656841909602
356.5901496568999 310.289822201102 215.44441592761058 166.42541791952743 433.99380578723895 399.2604594708161 223.26389405055446 95.17147494637247 429.870602476571 352.6694500669053 149.78034918454168 66.5627912520563 40.587499850433154 20.51935696275886
235.3989747636587 189.27634212423794 157.87659630742814 46.416281817480424 46.96510809514699 22.755490878712493 37.13444766861343
118.55300644379777 50.12635410957334 142.37658789323584 146.16849269150032 51.915616966891804 13.794512901057072 100.99707060006341 88.8389396438704 30.559758276642363 10.075024217437047 170.66708124318302 165.43687299944492 58.08629521283433 12.01224059180737 29.72136209917021 42.55346874148098 94.42786829619857 127.5809634656352 169.741923761132
432.02959161190324 410.7749049797414 403.3187729042361 385.0280827924252 177.12802647142362 71.89218787272027 18.073703868462893 9.106184830352387 24.187118517460124 47.13782489038455 71.79629763388908 50.16152659081272 52.33354307012612 32.60307185167373 15.570158141672106 12.538921779195011 6.528515810122646 100.23646100587472 180.60929707647398
232.8185683619035 221.0875708140616 56.20642901291441 43.2657111393838 34.387845112700774 27.984658683255766 15.550528684202297 7.252718464359522 2.5180280272346725 3.5624030609159365 3.877010037009702 20.78811669164404
118.36394541190342 101.36591118241826 102.37665776580765 120.11096180068768 15.011019186681027 10.097993388591487 15.929849201646892 106.64221696854463 107.51643831674899 31.201713953607737 15.453066262173955 23.15076527486367 27.233346703651247 79.46797476417781 162.58530111591696
338.5475628550229 310.8390806886623 209.3356644878534 203.70128442050256 219.99317755017876 129.27190861690377 178.60572232805802 105.00449686562058 174.28190458779224 49.23797380838754 35.326823707185184 32.51174386041189 27.761139261481766 28.967820598485254 50.42457838725286 44.30465181431648 30.71595439430288 47.73987109238171 27.16597246235948 22.782547516057463 14.796880642138913 62.07621181231494
329.8143041231396 298.4978885952912 250.72044590475628 199.82841409331448 77.64669020390602 39.46787710881321 134.14907269152064 116.7448123077096 21.165162303938743 31.485120981567942 31.17715781019895
116.9214435664683 88.5101746427745 54.539346055807755 68.79542114776926 104.47571300751405 111.39655828017325 95.18109027904285 51.31177987085379 52.031454297111274 144.61490173533952 134.00681085128352 84.61781403301659 78.38828950411892 35.072891048030364 24.049056215590994 34.481673036163045 41.47145084486477
235.10763014222672 201.32807856435016 218.28850830571858 211.01988385019078 259.3139395396558 263.5362344458417 153.1606617478514 154.9052240021307 101.15824555991782 32.821374915866265 13.509469915850804 19.118394410431424 95.15984648926995 115.66545338691245 199.4000403323831
406.7627514971516 401.99799371739033 356.8081319413038 316.8971035686473 162.5436987694075 74.21418459556669 44.59007541538508 34.689100689350624 280.59225094511396 310.09616729588976 307.47099092675603
375.8360133586104 372.2558341195663 348.6623545764558 238.2974617205544 200.70038325822372 72.1285427334616 63.49000015136801 74.55135857722102 133.90723382667258 126.85960575418198 100.44616927624025 63.68243576918917 120.95535984428736 145.74050400660954 134.3813301740756 61.829892525292266 95.3299868344542 31.109204402644355 12.357507282460304 106.54121660601835 196.40934434066548 174.7497710280037 294.0341981437936 297.7016838976554 163.17525849723572 81.68995935832469 55.111970558133365
416.69214993182663 416.9592956684318 425.07677045258504 261.86646603735494 125.8681956625666 194.57246865569726 156.03708365570293 155.39616914554338 76.68763978546139 42.04710463156602 144.90159873742417 83.09806722535316 91.94317190227413 23.92224487569765 2.5601980201292927 14.703634816797747 22.834284438156498
289.67218020894353 253.03341832988116 150.13389713557757 95.91565112560468 83.97356400561156 40.75641046233503 21.747128499393025 23.441896877438474 4.221420983822956 6.03250384897665 7.422864261090917
127.75945542078057 101.54504681804526 100.32817713749672 75.69084111028334 19.799023912767872 16.14601420289651 13.362677173650221 31.577656628355406
287.9601659756383 265.4027872795899 255.71998919135703 230.94754731928379 281.256825490841 266.9433266542679 333.3577821403842 376.5863778633789 369.6190130963036 391.7895334058225 400.1056861456235 398.12707203328375 407.4735025552513 411.49593270439465 227.05504401123207 284.85224103698744 285.260933380686 358.92504675225877 335.767907223642 388.1156527681833 420.0975244433696
300.2806605014658 311.0149823300828 310.2482729532725 308.9939601140491 294.7526222903556 282.12358242475864 288.65284395462766 292.825661888167 105.62063697205237 207.96432591817148 237.78907518052713 152.72749956354127 74.9601313253621
286.0686725321857 210.44208034037587 68.85098957739798 75.85946815157001 50.793546469075864 39.343444722390686 53.659725730656504 50.53739598452416 39.5461047014086 32.26612807056482 50.18494799852537 55.56144470235135 58.2797633278008 43.29230750413585 32.85046529251614 100.81167853168613 145.55806297066337 145.35063615274535 96.59125348225885 75.97201790500559 137.54552829114456 181.12135556276422 171.87143161672884 185.03527020183094 120.86556701274502 93.08711039342212 81.79991065300128 146.59231317184364 173.35661791232235 234.25840037900767 281.1444500815147 278.02708763100674 254.15353611777374 167.9942249840962 116.59637909071368
165.59036297014686 106.96057590154965 65.66432865453757 52.5380555535891 41.215921874507465 39.474126410017334 43.25651742152127 37.83634733171361 38.232825635598466 40.32383501292078 38.87012699092587 28.506985515385836 26.039422413452144 35.006062450664146 34.469483315307514 149.994465242273
99.21981010472251 55.370689881648794 109.05261621311246 113.99762477856154 63.90291074797164 43.56067113394048 141.9633234102197 133.96212116482042 62.464977124927316 27.823696029179096 189.37535261271833 206.73061214599207 76.48833141393904 24.283815208593065 5.925585813015434 16.383294600855415 361.5009403759663 233.37976970841945 204.84333271467244 98.72694354241179 30.990908858953254
387.0534134382106 401.2827565397332 388.3122950670118 409.08755167848386 430.29910468447173 493.4824705780209 523.8525635412537 566.8826476212837 548.5878482261139 560.3767935031744 564.4112583624396 546.8983946222501 544.773848718212 265.19525786884356 357.8825002096153 119.68734735925212 2.506945564876507
132.75346516222731 103.20062485346854 11.470749340903696 42.93651845880434 19.604510972445134 36.42861503336445 11.071477536899971 69.17398083503647 66.57007741931565 63.12625479073596 62.198219060509985 297.55380208470365 283.9873234198175 233.5728201773263 84.75022246346795 22.80973175656561 7.639557117706371 127.04954783658889 249.50274523637103 241.01345585327516 110.0192831957169 37.090995386644835
351.5510006976991 280.4085076380381 369.72001992551765 380.8775274985511 288.6918717005018 251.77530034090438 448.55131176859066 465.6421979616095 333.54649534403916 289.52121034244846 264.6045575512387
325.1980636948735 352.0402570556267 329.85595725714774 372.09662140926764 420.54951775927566 402.03899752258206 228.7736454305581 370.4249320198024 187.42582153843452 366.3381564349869 327.85049696605284 262.56652348234064 128.4812501211307 63.52463637245044
322.0887178045605 292.8691016745427 290.72318039396947 262.06170351920247 202.93224851880896 386.7271382451805 404.9556718704049 295.04825939862445 312.2690536766166 263.29845164455327 129.8585314199658 369.8912909786596 216.82461393631408 189.89575832385378 112.49821905010417 43.96753568875813 44.684964709963886 24.330045088719835 327.01754417533664 178.77711792057352 135.90771011422498 57.67474523635475 25.106332387198204 28.514695523400317 16.912474575227876 9.443486666147903
176.9291688854889 163.43868553588882 142.98304849063152 70.18772571369377 65.29451675054787 56.75248126477504 28.965626302533842 26.142278999937773 25.67067327334605 26.613152030246148 34.13689257882313 30.007383235368184 28.91789191648731 30.253991205616142 200.4735518488832 45.71583649116242
316.3929139747709 286.03105343129175 145.95811245994386 73.36472712185274 113.61657376159835 157.62684100634758 161.7572044422968 205.6932552478393 191.132101255829 164.13452925623156 78.0188293827405 146.63040586595912 88.18932835626083 100.32628858559953 107.43762650969242 154.82178888937122 150.56849379551292 172.48845902571964
192.83633013604825 180.13960779578736 172.1185333139187 57.952926737416654 61.20586589495791 41.000387248731194 23.928762650129336 249.8511706470642 181.6063513372917 76.43541995452175 53.00835425419788 91.33166606121519
256.98960280941435 213.9628861489765 167.14027176723306 169.28584697442835 126.35721053579309 69.69051512313095 235.0613757669143 234.474435732837 100.61137419507216 39.14367908421949 135.62347007271416 124.44364381460251 37.36865185015109 20.74190310818401 171.312332468442 239.58787796792245
315.0492971810196 284.56155370985033 274.40006495130746 115.95212054555505 57.81678027887669 25.258409691982713 30.314033990545283
372.05085014640235 210.14339613048483 78.38879679626204 36.18332135902907 48.8728983055816 24.959906356892944 25.27554196040579 31.716163315854562 15.067501404288533 14.456201787642831 9.742159130576953 11.763625445008351 14.401269202076337 9.006158766388916
203.01107626242654 215.96044415832768 219.88835810523227 259.73313401129155 289.3284120058127 295.8295291729342 308.00891544839993 289.4570853060484 172.240317019288 255.41363947309839 98.32069813410645 29.60384304466255
369.3031610556182 330.3477105960559 215.43804505612 139.8468541909989 55.75852995468191 25.771039749345587 27.84708194792077 23.572640406987777 28.845770477921853 27.747790746441293 32.419239787567605 31.55720556966514 44.4356592286245 160.2967749912662 201.52455259410434 211.83719996408104 140.49856922496724 68.951476143335 60.805562134905244 30.76989175379071 21.61297713552952 31.739746405892355 65.91389748751998
207.2224314113857 158.64879391985573 272.3977178226268 269.06616807546044 180.61081612717487 83.34291489645406 237.21533525897866 215.89676387320083 101.38862692401247 31.42211857890295 79.43243417334871 190.65138333726532 192.2758190135828 73.35602330808004 20.884269536264178 7.917523956077537 3.6697216787930746 7.963520695613566 8.036014661572887 136.29395600821846 42.94704846123869 26.175006838831735 152.81494173160354 171.214802088567 71.15542504853111 30.154547463779824 10.834583231621695
78.97634905029291 56.78206655305741 23.71924668925662 41.22242064850216 35.88170031041294 14.541267691856296 9.605944603340397 9.396200619592314 9.95187406125187 11.955377039484912 13.837657965988633 4.619008347228492
301.21122062817994 274.9813748062503 248.3014841853961 205.3380319892633 123.97988498042699 43.77464558715766 22.449272032118575
146.6064486534752 165.57709976963238 147.92975892950398 170.82678476423303 72.49716911022988 85.81145691875444 57.97939255200098 97.4682255740409 96.73363230772492 101.07260483730612 56.38032285741466 57.686989414284135 47.85819148330384
200.63071226029717 112.31458744988014 190.9435167792867 248.13847050244317 242.9352359082843 191.89333397206283 144.12213287455893 282.71278008549507 296.91845139356786 280.41680772518754 151.45196711748966 53.44352228147767 261.5839752625912 280.0521560482383
431.1593884523944 418.05279715456146 406.3738556527163 356.4506633251798 303.2633217845337 268.53768786652313 142.58477459690602 78.43312795171326 74.43122677834796 35.412049299889205 16.455856209787566 11.105148429304853 8.99048330622021
317.89051277553193 284.90534096965234 275.3998430985385 268.1083648270239 274.6696461298386 295.49717265445213 358.62499937294683 338.7335023260336 127.55697081483723 126.01020793822543 50.43336452132323 15.813264491376014 13.978200150018331 5.716077004884316 202.14875168933304 275.98942844089896 262.83328531087204 261.27551315678863 125.95695489042488 58.69209935491552 24.47754077694035 14.330297161139473 115.42909491912368 194.1851265615713 235.45986863612035 245.86644418131596 121.24100518273441 40.16167778886033
285.17086596643793 260.5177397167536 263.5122537480775 246.22448233350153 281.054752403453 280.36134120380433 306.7028404785077 198.06305902035305 206.65807730185472 207.59511397187626 123.7157666653114 36.12018009692692 20.737386166594277 29.86216948517538
348.2003823948996 320.60666149287425 301.53233579501773 262.96835818903077 248.20004270394605 112.78483674472649 43.746769969485534 244.74295541760137 249.54419085251737 247.0326698241767 120.64521233331673 39.82195463318127
