159.68034440599158 79.57826072642982 37.38998295805932 23.276600983219783 20.044687626829578 17.792398644755195 26.21821154861146 15.20926485081389 14.620762666393002 13.879005503293728 16.322232729320096 34.55986173662339 21.222795574141585 17.3474056774834 14.030708824745744 44.140767876068416 20.18609148815038 13.357818141124604 15.187400948423871 43.6609915436617 17.94974235804802 12.853380503411662 16.266741334259 43.37543351568981 16.785271945861187 13.812687225927775 16.95610917379845 42.932269660575805 16.21490422441694 14.531817019772474 17.167748738190923 42.96349718712183 16.050598300395503 14.967682351330435 17.192261751100798 42.73257362758142 15.9588137495407 15.329146668408859 17.362739723917876 42.700900123250456 15.965607789653358 15.47366758525685 17.34516811374974 42.68014508113216 15.928659500772744 15.417503634339424 17.20065085258263 42.55383764438367 15.855598129784319 15.42420956812502 17.165114120463134 42.59452301698573 15.877731097418632 15.341627428415668 17.076293025796264 42.50199264573151 15.781870401297548 15.171486520069346 16.896430040641302 42.30700134751275 15.689052665084576 14.937179986457002 16.618750429543617 42.178592828669615 15.686857717736 14.890035770483744 16.583390063764117 42.10631851418419 15.606110401170765 14.773582876965852 16.433562422428775 41.889959686040584 15.53686973092831 14.677855119234014 16.32489626902232 41.78224622837757 15.440440093478477 14.428882231834248 16.07687297703916 41.79861356685496 15.488088491267629 14.450719316777485 16.053373644166427 41.58073819530008 15.335225023053432 14.281999556685868 15.898502392336436 41.65377669878537 15.220051682062996 14.046923284263496 15.647717973223699 41.44387876603641 15.163777417651279 13.985797247880008 15.56715423644678 41.47311992486376 15.130161580912745 13.933675135158863 15.522342907829133 41.46644356379197
264.98985833730836 211.45359559939442 275.3035453149314 191.12212897850225 101.03929366857886 227.6565960006325 111.52524245403175 59.15196759369753
194.2607122034438 235.23835053216436 192.39634784337616 182.85025191946593 313.5174245533183 201.06450245034557 140.74954907429998 69.60042687559252 46.86691334520288 246.8867225211498 114.92496267166773 59.16300760121589 38.97254164709001 32.63655157608124 221.43487673968525 92.06936513458535 46.02714239452256 34.44682321038452 31.0598569243372 216.76841651243907 87.62144854757436 43.627796351429964 33.24695397081572 31.109533763055673 215.6241768122291 86.49897231053487 42.76157496967308 32.59968070337868 30.19173758358129 215.39555156455447 85.99028464885244 42.2875411988377 32.225872086541244 29.972408734701045 215.1862038003991 85.70566040618537 42.01754554390005 32.02551915765097 29.859799929501232 215.0361197407672 85.48051868660617 41.71586355194948 31.721916499762195 29.569801107212715 214.9103237570723 85.22595683060732 41.50929923022458 31.53498254309717 29.39991334570189 214.7481976100115 85.06617672495642 41.29675040318257 31.293903950356672 29.1247267392032 214.77034915296605 84.9826013886138 41.13748645721704 31.09093015558235 28.924260857013202 214.56868022933253 84.72512770865399 40.85731059852191 30.878274428403365 28.737555234806216 214.50107767266786 84.57905665839812 40.618304641635774 30.556021667497017 28.37957543199667 214.41481514020717 84.42093755766518 40.36797203586314 30.32200155448391 28.139414234990856 214.44559481171845 84.30774752208059 40.09207192805135 29.971230249149407 27.776263627069433 214.2087736660603 84.04082738837546 39.74742911519372 29.556060095185735 27.311288135103048 214.13257544846059 83.80112239971636 39.412494252240045 29.13951745466353 26.889379836372424 214.0915303358097 83.51574847742857 38.831653395798504 28.414280537425647 26.087383174281374 213.87782489262977 83.16062507149529 38.29956216489633 27.795375623256447 25.397611623473058 213.764609471036
219.3933015585527 180.55852994439397 232.17293911415294 184.52375052368674 110.02814128154705 230.32519109872365 140.63319634001508 68.02572952565538 219.47889171957092
396.3227002393464 319.4734225173046 329.51745302130564 246.15456301038884 199.0722808191371 202.4517764003653 144.23463668416937 126.25783353920475 116.40454667998569 139.22903635853905
182.37672315556668 110.6690291170319 70.26169046762105 59.4682109950149 48.59279171347168 56.59084847208911 57.09510849191886 51.98362396940424 59.906226930821596 64.48519385042565 63.82617907529511 66.02068047738538 68.13185514922152 67.18635874255304 67.08398448672949 68.74514281945623 68.25644731129717 71.66640771540355
327.41253907457707 324.63036940414696 263.3773835125086 230.42841191008046 288.25033935859966 306.8892834287567 296.9084060517048 199.69355535235525 173.6520785048253 169.26712159826027 165.3501846272699 170.7341173540772 195.43536660485842
334.48610637205354 325.735572812832 249.00747897426288 150.17579922386918 380.12082984328305 261.06726099323225 316.89427441129084 313.6576366879678 257.10586606360795 304.40962756687935 254.63951124186374 276.6501444853191 359.3047873139816 245.67601257201082 317.904282560243 282.3915094469431 231.96941362403322 293.9028798172091 245.49016800953652 298.5503141724526 300.4725169521339 238.43643938080106 313.0907211249301 262.0928306111819 222.6357466196937
378.8120007364191 363.2125296835655 307.1266446558026 282.73789323763754 405.5106794278174 357.43953240693173 282.10296942331723 279.5246569860546 184.90129818284092 137.79579268237993 327.46636339837056 256.14517058465 222.44484342163398 206.28399100067708 155.45252027166066 126.57509618834426 266.10197630748684 190.0403295270206 167.44182060965665 156.13058211004738 134.8707713345649 122.34771432825089
79.4893782143832 113.90371523560192 55.49606340045069 38.34437100023163 205.71895785430078 111.29277421318945 91.93857207476593 49.019275245915374 33.741568268064015 199.84068393329542
142.01581298529496 74.07878007709455 49.01756472166455 19.896904065149243 131.75491273982837 143.22525081924982 187.7239617481306 193.17339166689058 116.5038116046306 86.4825984833338 26.235394182484548 132.34350603438142 169.0139821775331 248.35851923196915
245.62568211857823 198.04586621649185 136.7861646273249 112.62345399333338 90.1358551822126 1.1423749864617532 37.01044398610851 55.853361816560565 63.866564805409425 64.14540277584541 62.298040847815344 64.73317691440631 64.55521650212478 57.642173021275404 67.05657176642552 66.6550071316043
177.1648568792783 190.2986060558605 97.89109716617384 75.80748668498852 55.94214890047874 56.96125307599417 72.68799267279307 55.960368961229236 58.21818672970622 49.44401214682386 52.37974952310555 55.851934170896655 49.362683510869076 56.800118500028944 173.3009829469821 75.98675818138024 59.055559591314044 50.62097608338761 54.63603917448214 59.326791345924626 51.737379747520585 58.38872883555496
244.80759366101051 201.0572052949758 208.98931114202995 196.36317291222494 201.89243227717103 237.56171289237884 386.54358586487155 375.50059549196726 306.71487646800455 376.19251588359884 388.03152514444787 298.09467451889606 334.9940849224465 372.593719431162 311.5230997830373 320.88780803712456 398.644116369554 429.4222448277165 487.98223989887833
233.4463394700366 182.4752254853681 178.31747870912622 115.22910433826448 140.74714075315146 116.10729674009808
179.68556320391303 120.96404466957193 82.86591066318017 38.204080018042696 263.6103894380247 336.26467150730167 276.3527299435191 261.24076426202225 205.81777606190792 166.9314418260165 78.43001275693797 260.323266275156 359.1244511582157 287.26223663092685 264.2399607647513 212.75656331515563 176.03832230307137 86.35216400891389 263.12091192301546 347.79002554077294 285.44643396617124 259.8722542092056
190.90967412680683 209.99447000389011 193.68418248962806 204.82962317513594 200.90745747264506 220.1364419434988 181.20173052537345 117.19809052634622 111.80152899908417 151.83675806546393 173.54006908238676 182.7372709170894 127.78770363092734 174.46317930447464 188.43079603674167 126.75614598016654 114.8618446118346 43.47233252666126
188.8915757407488 116.8415233066008 44.190908954390885 48.93551944402255 35.01789841019992 37.32775414023152 35.88769108986416 33.35097300859481 37.36057245701473 37.24133886348047 38.09586739824345 44.40443487515972 45.83674379248413 42.37137172557008 53.54269744915739 55.61881047027278 48.3397143073292 61.69422563852028 64.12698847444626 55.47538481581705 67.51139112360813 69.97924080068783 61.593039491217446 71.8717239754856 72.72330090332231 65.81806574071996 75.91006878375113 75.67675973762069 65.83188707964325 85.42519910658208 104.26582064940143 121.2295040763927 108.61260659292628 130.8306590087684 147.57791588470235 96.71331790173161 121.32523432356342 142.0627454536178 88.19166729162077 90.90588152131846 117.558806675731 81.72574528828403 83.21542241458225 106.47860258294506 78.82080873062182 79.27646399269712 83.65053503674449 73.70809500315579 76.57920856211555 79.4883628433327 72.41271167530044 75.87396356112006 80.16303601566132
254.62450219935516 239.57728241627163 204.3044246380864 253.50684852414238 291.5972962628215 286.8352752832931 177.15046470847145 287.47637973736164 326.1495850109483 318.0744425652479 323.38401192539885 337.5974094074803 336.43708832221904 322.5907250137219
136.40396408929152 63.60576072699336 80.8898375781187 63.41452480095641 55.966614262590035 54.53870779292527 55.090759308691574 55.322791751743374 54.68795550131326 46.34120765526741 47.70075597471813
114.03114944479951 170.48530599204804 194.06881680389412 185.39103106481218 176.39125117906323 169.64824617147792 110.76234117923582 116.70256151310272 116.55013009562872 142.6988444455035 137.1345599978212 139.9537379324545 147.24017143956098 147.90439358177818 161.42402042278886 201.8085743902608 165.58712045072286 227.1983436019481 150.68451226188364 143.53974120323656 173.73752586954956 150.8603053217853 169.83809520300454 205.1573826806145
281.9889276433992 187.86438036035034 209.2271216307314 205.38064015529275 197.35507165911665 195.06667546428878 185.25844367320806 187.97424784740065 171.61500817627942 175.35769912328638 175.21218584301718 159.03900415029875 168.27547246863605 154.75680203437258 148.24181728578816 155.5450709792902 148.57784154135936 159.14482284658766 150.39528678337987 118.10302416789796 147.52033407959536 147.56055304094022 149.39570348619097 145.59670979111482
208.78525522443107 191.6344065371763 112.86556205697049 66.8617188336891 15.217773529659725 27.590544113791367 71.97196565432043 25.841671098443673 148.3326807581842 184.66607005067377 181.0194667084356 211.01027097713038 95.31002005492218 43.63971774617699 10.901641037202095 36.16233417347053 74.72198912234774 84.99389398676023 103.8254190092853
339.56862557752953 318.22631628391946 316.14014045122843 331.70048904395435 405.9036959770198 459.049445614879 492.03750810188797 474.46405453112055 466.19092970826875
283.86852564450106 219.01818162747185 285.21743804303867 219.3380272272037 180.33691391879097 168.8126148839098 320.1426302090023 173.21099154903405 157.73823991333242 153.6505875779112 353.3115067227125 189.06085318500985 162.9590101387026 154.80785023045186 352.8758550416922 236.40177892217886 182.04986227695136 163.0593496549903 351.6714979817213 243.24576566931563 188.17925386619578 167.20303342245163
100.83060014349448 161.76754786548906 185.19565817540797 149.1150326231096 64.84770059376748 136.0836362716057 142.84593020049556 148.54880362037977 20.930086495943705 28.540559180255144 53.54293485849377 66.5803871248726 237.46899238320444 215.1233208823134 178.74311940543257 46.284722743865466 26.073002918724633 55.20518363301128 77.6627822991067 247.7277009984916
333.9873826887517 300.1832626050318 397.8060812251847 291.9701842718143 185.52974848432294 368.2694909821157 227.12441046790704 144.86120675514914 369.01015869652093 221.21677709653076 150.6467388658361 373.08695980781346 224.114526778968 158.11037568320515 376.60832049218544 227.7988669166639 166.33833770529682 378.23908690249607 230.76037704690262 173.16340653314617 379.14110653235286
364.0569749537188 300.372729530168 449.7036208259511 404.4464086575349 366.3472431364318 350.7064672297901 481.9370676222062 420.8376122204 380.1212005812458 364.32951776740066
336.95056663881775 275.28067808347635 246.54713259388652 237.22602962804223 217.34406295906885 219.20419427633485 234.3845138761709 224.92746220156405 253.33929178262417 293.0492700122204 256.2162311648143 246.44437912742197 307.3495615211114 349.27320238324035
78.18184620718768 83.79149150806178 35.69680240746913 10.568305117479268 15.005851632023854 4.92486444725837 35.50905162623517 85.08650034933507 41.92681083673383 76.6153933857455 60.71045640654156 82.89010133999723 86.01961963780181
381.911868513399 383.53564538742813 229.11086843091078 348.1677430071353 423.5467616202334 271.4813621579052 379.4387533361538 442.63356458173257 298.7401104658884 404.7470875690633 451.2794016428545 268.450820028042 390.57335920379666 441.9285895703243 235.51292583834052 374.4713927249086 436.5113032112639 223.95038188727165 368.9634559998104 434.5781802585452 220.72309204377189 366.76437119068146 433.8952106826254 219.22541488195165 365.85472053796997 433.7576764206223 218.9650147182532 365.4510191335866 433.61996246465344 218.9829059997099 365.3435841583249 433.6377874714682 218.9894764575257 365.3282403283505 433.6985630606563 218.9416702352631 365.25730574460096 433.61688960383424 218.86699009290132 365.1348717999882 433.61755685674893 219.16404820601662 365.2390587255284 433.6550998091518 219.15398652868137 365.2565400846093 433.6499648852567 219.18670547680344 365.2068700236789 433.7014979567272 219.19430450703263 365.17606997809276 433.53762858435636 219.1257868838711 365.2099463080554 433.60892519243095 219.16833508049095 365.2945631957055 433.7690905639705 219.2161654546418 365.1244746591694 433.5015266691702 219.20133289326995 365.3608648177675 433.7597984787145 219.25003179636315 365.18269085086433 433.5874697176279 219.1407912698306 365.2363278347943 433.6113625918996 219.15899792243016 365.31880160077856 433.7634131695492 219.22963201414404 365.1577038164504 433.58521890340216 219.18626310931415 365.1375716945223 433.6115627602624 219.20173049829106 365.09985535407156 433.5074904123943 219.2086728747526 365.1629446288964 433.50313876673056 219.22447226181205 365.17916295748245 433.55126287641434 219.27355501670613 365.1339618096117 433.5179594063325 219.3594975784191 365.24692970956914 433.60940313445514 219.25397006185105 365.22472372612657 433.5354472626138 219.1792137945624 365.1585048902172
414.13766439319875 376.3172651207251 252.46920911354644 266.46292650068693 222.44603075936004 213.6199672152636 145.70157239924328 113.7920840475062 184.20917588870591 120.27517040796256 108.78461790138346 177.17362420638207 115.65563548950601 108.04872873583881 174.27738848291378 114.17950593967565 107.18747589637188 173.1824125370962 113.82577228737638 106.79148460005398 172.39169077174688 113.58977871210085 106.7471730027172 172.02642438494007 113.44548235132612 106.65684400922449 171.90790993695555 113.57373793858609 106.69529469547733 171.83661714057303 113.62218673693279 106.78129264576542 171.79753450002343 113.64866819281046 106.87906970205997 171.88612574145353 113.64672862623264 106.9240664816107 171.92347951865034 113.64578056349742 106.7927225493425 171.82708968238458 113.59947021609 106.77986659257348 171.93214406085093 113.60610010986939 106.70063460064155 171.96491566946838 113.61902542454524 106.7464358983731 171.82645607602333 113.58133665540984 106.71848919901093 171.8219537741757 113.71076932995165 106.76595395084041 171.93741744188003 113.59911435032234 106.73879954657502 171.85824437031445 113.52851758550526 106.69736798408145 171.86777112426918 113.55146332311504 106.64694130771564 171.91280734447122 113.69959249164421 106.89832900954804 171.8297487429509 113.67117239086805 106.75843923950409 171.98678551917675 113.71647287023258 106.8041352987154 171.82654451688623 113.63745421012696 106.73004440976466 171.95358235326654 113.57303761545488 106.70742612428234 171.86489139191676 113.62119841791935 106.73228104207993 171.99762604556335 113.59377773401118 106.6610966304966 171.88390843193307 113.66835232681869 106.8242098808348 171.94188115326034 113.6810668359145 106.70428301394992 171.91992035589138 113.68197644573252 106.75173266851691 171.96944326324817 113.62010228611877 106.78907197925433 171.94484578868355 113.67559157076207
219.04175669386342 257.47716302546655 163.11760137401234 102.62706596332796 41.059777766114784 31.124195530929665 216.57453513448152 159.682887181098 53.01803089719862 24.843441805424057 16.707122750111342 24.750973419705613 26.268211871027425 33.15503525754345
257.382086220012 247.26137744060927 179.8930021919197 120.5850512950951 166.9246291311455 121.20300315281091 135.50707968368548 98.32921091992748 45.362827245414415 18.957645257365627 37.522719126912534 152.32272576916995 92.13138680728166 79.03575060822033 59.88679573615175 53.95916534960894 47.85548688558799 37.043995282707286 152.81565218783643 99.08998682481868
204.91393405780676 170.28273024007115 185.96987480615334 178.13837365025424 38.588468317958736 178.3793559842839 211.388540321872 216.7421287897027 122.35131611122911 75.84853930314756 40.836937072269556 75.15345021733783 182.05016375178008 206.58779548793973 214.3809924739944 117.12614427841591 71.26550850086545 42.01623923311065
333.4050767693472 287.4040466266428 298.4294429410491 298.02446169402634 271.01874008658535 267.56307137300837 251.57064547268988 289.28977829883206 329.6859346621296
306.9506120126259 240.57424552272607 307.43942242054976 193.57156880711142 107.50035757855174 310.28175375782604 184.81388066361703 120.74255317886302 319.0560734095513 201.4677174499492 155.37355958317127 326.57259692060444 214.84054937419714 179.72695677601305 331.42710787920583 225.05696743496418 197.59936656135395 333.6471235507233 231.66546043140465 208.82360892406854 335.442109893631 235.20874114718234 214.81640864623512 335.9948303645159 236.96947686224377 217.79349256874988 336.44746032250237 238.0285556227696 219.0619546148384 336.683711811731 238.3134825348839 219.62214239798016 336.80877831613634 238.5393018238965 219.6155920705297 336.945261133271 238.62113457029733 219.6275314608092 336.9614628342976 238.36772636300213 219.0937386702522 336.76034938866644 238.26466512633644 218.87429138968756 336.9018132597121 238.2968933904649 218.50505113438376 336.9123619320204 238.1800766768552 218.2184932844195 337.0805979698278 238.19325637762688 217.94225944988904 336.9600938133234 237.87233504929614 217.40180937266754 336.80954506790664 237.83593669831336 217.24300042539411 336.8498925693515 237.72757999928697 216.8475599382805 336.75184121850407 237.57979384496568 216.46403004227741 336.8983402439567 237.6163266501889 216.18802125611933 336.67631791146454 237.42901200708502 215.87767475569825 336.7000472166883 237.22414511589557 215.4666340620484 336.5957380560991 237.2218974595485 215.24526072437115 336.53252601346935 237.05198541900407 215.0827219874831 336.61484716154104 236.92910305722884 214.65174471326253 336.55919304371855 236.86730412318977 214.44171321615985 336.4163603578089 236.75587228271473 214.21870823680212 336.3378765051336 236.75751193269383 214.02578236177666 336.32605756694153 236.57039557466058 213.62266519424495 336.31408631682245 236.52749619996192 213.4478362565648
168.1718570147679 195.6844385785421 135.82098883588523 78.64764664219291 128.0274647686321 232.21815482874695 250.29790984682847 236.5729346263944
264.9294257646642 193.0912221803561 147.01922138734005 98.85755424231344 206.79283690444583 226.46966689353357 270.44367240077054 245.23952126305397 224.7440375185227 212.86784142823691 192.90271707261257 205.36870378564151 246.48013001797096
265.2260016969788 310.58746638140275 292.8013782349561 321.964367408253 372.52799158845943 402.9936854533196 292.4860700552808 201.0508531715027 234.30539419704238 229.31865048002817 248.78352174322612
314.1357578357891 260.68168584277146 345.93613018966784 246.36891178320508 167.62965484948938 332.66094857525223 215.70914188562864 135.7022778910905 267.7163002755498 176.3407251186524 122.13357634373276 247.4436115339541 165.5017600550552 121.090204028619 243.97139426780814 167.45460968202113 124.82926287261672 244.60660468090865 173.9270928859105 153.32592833498862 246.7422185518728 184.75739247632274 176.48413603233305 249.42215687842364 197.9395033169895 196.27255513169132 253.03574033025373 212.22528083553922 218.83364343268698 256.86504348216477 226.27497210468397 241.26471674766273 260.13533415686584 237.74492806274102 259.46946280310124 262.582011641682 245.83830565100442 271.7495193600402 264.0870176283022 250.61761907048188 278.6692745056738 264.7545683517231 252.7858471998695 281.9557353335379 265.2304535520169 254.0849178232523 283.55694754204353 265.55731420777977 254.52198605627987 283.89084321318467 265.5248666356961 254.61908140488694 283.8608477755635 265.6438992935619 254.59093356213629 283.5564902381375 265.68459183055586 254.21083716756937 283.04183174342916 265.6174177509719 253.99731064192258 282.6223262655182 265.63855748348305 253.92668742661849 282.30572847458 265.64454012539403 253.5669827191509 281.70146547403846 265.4161759324961 253.3317478769503 281.18395738400494 265.52152310627986 253.27496391355447 280.99590230151415 265.5538488652075 253.13473850091745 280.65274626215427
276.12304194090956 280.13791801922844 158.1351635702865 117.8888543492029 72.42972331213406 62.58810079246361 29.752099900576482 55.76839787835543 56.81485692290334 37.215117052610026 34.966203260120665 40.43119376898268
286.4474414586438 211.8891478659186 165.28687548405384 185.37582655119238 165.10002720644667 182.51104876284379 193.40676372711428 191.1440566544175 196.46832082486227 197.72103368950692 197.45287271275083 197.88341086388894 198.04598138625227 197.99377837429876 198.09032948744706 198.09687146871062 198.09760530585035 198.1511410579001 198.10957689762904
320.08705139058026 293.8679912469717 275.50857934677 177.15883650819285 230.88114317653327 238.3102181770784 295.6300111022151 228.3930445546385 149.96075993874607 104.93492398969308 85.79110007653388 223.2552556175515 238.81656538326655 243.0181042170073 207.23751124571615 137.39842076580655 101.52368062499006
232.6099630309616 223.24110679180444 185.0300674556873 124.90526129839607 199.47459555283737 299.1560401211805 184.24970411030728 214.92813771363626 181.89546182369187 98.53042427625911 49.14875906837396 134.62709643777868 287.5466254308359 161.7979797656032 208.18986245517655 178.25347858847923 96.56054211505013 56.58789568229244 137.3547979176149 302.7140109035482 209.35127460524143 264.674221728672
206.11358650782395 142.3048272790444 166.25971325027717 187.0053932546508 230.6883023403678 194.54408333333114 133.8585834278818 193.07595420494863 233.15197426286747 257.83834140193875 214.0269357108545 244.51930284758856 264.91380488793055 215.97089777246703 136.18240437979193 201.47815014417998
214.70796293315453 177.80990958693616 137.08469543597602 105.55691142841523 19.983881512650438 98.85016339557467 130.384039313529 92.21295616756994 38.33534603625415 28.11631140405045 31.551726874522274 120.12470929309458 130.04215397774865 184.4526170522004 106.67808579185906 29.184264571578296 26.093974421273227 34.02946453230266
146.72053877116667 148.01134122691934 78.7156550534874 63.49210740553462 271.47715545878333 139.1922837344016 75.3085553264771 53.809489383565705 38.85939853333287 292.67912310230065 133.28694184868723 65.73985248876032 42.40260889511583 31.28849376435416 291.18428823953565 126.14544774867039 57.547791601383985 39.53142011134108
346.4690951917693 247.32272027477597 285.47210804886384 344.5974097367353 239.20302030911273 134.22182586339574 214.88279095786723 302.39320579955483 238.4669632308555 187.66372249786014 203.66236947413302 277.13393630439344 223.76593390023308 164.75159267271957 209.95898100331087 269.1015186211369 195.60492100798538 124.51052981486654 193.9606871635487 264.3338775118358 154.5326596633065 110.26336104072955
279.1140321664638 188.25528368236456 184.39093680478032 124.84455304107595 111.51482439044246 94.45661395870611 103.58443735610244 87.50808802876121 86.20177213270269 83.98729285670444 79.17542441240121 88.49532599640392 83.4521955158575
331.58600878973743 282.97634378276456 212.7969797366037 158.68219895172493 130.1646998727203 181.26414641322634 131.6393467577732 134.4319678652682 176.43674415133125 135.64914866008164 138.94121475533245 179.80369204691112 138.61440549207754 139.9087532822833 182.42679898467654 140.2308647836023 140.4481932914379 183.62395922682518 141.2477620126129 140.79958859824504 184.1416861124095 141.6500067101711 141.0194491202509 184.42374613283417 141.76656486482088 141.06779256454158 184.6126901991165 141.78523304263413 141.07708775072936 184.88863409996137 141.78087798647906 141.0484524333762 185.08387975791237 141.80264493596272 141.04435916416904 185.44022802603513 141.85083494038497 141.02858422860538 185.7737500324189 141.88940108569705 140.97593810600628 186.15607080896729 141.83381458003916 140.89258963350485 186.60923610031085 141.88289240073254 140.91030457489003 187.18133833051647 141.88608685735136 140.78343269200485 187.838089880996 141.98791403957455 140.83815128426605 188.67412148211056 142.1770847990838 140.80966602992595 189.2878501105814 142.31772127232716 140.7953867871533 190.00251462556932 142.55136701669352 140.8085466217331 190.7436978569309 142.7621278019185 140.86016574304014 191.41296931449966 142.83060821505285 140.85717012369383 191.95446796001784 142.9567769685417 140.83307684481835 192.45235159351606 143.0402877867735 140.8319384538965 192.73400562992248 143.13186778787656 140.85421304457114 193.06880998666065 143.2041266018829 140.886969591261 193.32736354536996 143.0462778386365 140.8135936030828 193.46519253361623 143.07823281542414 140.77527955003163 193.54765440573436 143.0048769193289 140.74424979905555 193.6260302971925 142.9328621115121 140.67696460888124 193.63275707364517 142.8393431249318 140.58025244010545 193.6230575899729 142.76386613150473 140.58824536840282 193.6330353111128 142.75593058322346
337.06294350580714 310.22839497182656 341.9829394050135 344.5669974279129 343.520291993958 343.0255730787578 411.6363549249069 429.574010447388 349.2413299909985 333.1490233261393 296.56175691733944 299.8698475295608 278.85373872964954 268.87636070857786 262.2102205892617
189.2421401166319 236.2932819530616 219.00124088356185 196.43926268151117 215.69181203899558 236.85318637441475 327.8015518110664 218.971082351533 222.56976014542357 286.95467768806344 176.27670342344007 230.5878495517706 224.9533898176167 192.69969628120964 253.49777340625215 294.7497198082213 277.849782755369 260.3625901567696 197.65474891806554
275.326927092515 226.86481707404224 229.9535654649634 198.58903893088834 253.01667070894922 349.8350911737243 280.3413935124979 332.65271797933315 274.7667283165668 302.3888759557445 310.6221282012832 318.7062598626005 425.8555129332922 322.5922232487403 376.12855005115847 308.8905927125371 321.95330751207047 321.1037232528939 377.2848667829078
131.7816673456997 134.03885098079763 178.34702202813153 78.48063481021094 63.84319677649025 48.28263607949147 56.632830632725295 16.54841612286898 19.956666239592412 17.981765167241708 17.29299942891849 15.32867834685597 10.313416348083209 9.270180959639086
286.4454077274745 218.48498943433785 267.67601316820947 232.95870151819904 190.53603511922105 126.16156507665137 225.7400267907413 238.86417882914125 197.09371234148546 123.92123522354004 230.67778765852304 241.9481577159828 236.4190819354163 161.54615414120696 243.6822850424519 251.81922398574036 264.02935798817475
335.8730839729069 354.8793800953005 263.5578888224705 223.54479254953685 158.57180160985737 121.98907632774734 87.91164960805534 153.21963566140326 169.27685376875672 311.5420505623839 310.33517690637336 368.9854989101605 238.69212794621234 225.80839587013577 201.26594538648425 138.72090392936832 111.75304865424572 220.21922924742125
367.4500061639601 338.7418834274191 342.37573727685344 348.76230428558006 340.16626372838266 413.57582631303757 417.8315196441409 415.2148872857969 420.36034176938705 417.0987466430319 364.1489510428656 411.9742156548799 415.16855888578164 410.00138737608916 416.440671777793 412.32864659561676 368.7947060504969 410.41134581008004 411.8994264920353 401.90083407552316 409.28039578306766
354.07546459697346 298.6056297381878 277.77467176275667 211.4066676446974 156.55675052803332 252.4705327698483 186.00643471307407 153.65717674844078 265.74409716584285
290.0731805027653 248.7756447782449 244.8148068529492 184.67189587332547 144.29472352165172 182.90252652207806 319.5012274752143 323.3939497859601 323.5892655720275 283.730292159905 258.4525596192425 153.86732907003915 178.6028601299633 178.96399664913054 493.7020988138155 438.1380753961753 364.9844562103996 295.46173482050335 194.13390712464604 121.31082314188906
334.998076212277 263.6431306524034 225.2055868939706 151.39928488853468 85.9885219135367 224.86314704818432 223.68688502996548 208.63700402678654 146.72323625423428 104.57996616351028 74.27674914413618 71.48139966134097 282.18820150223405 211.5656012144482
225.11251406247075 158.60771395928222 118.66871058505279 73.42361751934543 63.38876675130465 333.5054872139141 274.26276990801307 255.81646420446688 129.36364889397467 69.01946820575276 45.29041314692231 68.8873309641848 300.4132290149864 242.48393841990773 260.65880246616774
299.86400442233037 220.91168853902647 212.3364519319047 132.54594091883007 104.44949872071531 117.49471042987625 63.89753995214015 61.591523820025785 63.087136472119326 86.97322800115458 104.74357535893128 60.382239763980316 60.2340004654139 64.62651934659294 89.3651557390621 114.01513535693218 63.822724510257714 60.24632596719473 63.51774886076659
207.5962707085676 199.70644524834486 210.59305730479048 185.95623309129448 93.56019928292469 124.29995976435086 149.55329190163005 153.42679626627927 72.20306948329551 18.522650026010183 2.7338478714513497 176.2753779814008 144.6784749412348 162.4976730430632
392.1172239398859 347.77701681096073 356.02035656191015 330.1895342748339 297.6621987376228 370.92867321742585 313.03863964865417 285.0256537422252 382.5465650238366 313.8319148736985 287.61945175676607 384.8427988278913 314.1344377866381 287.67657429759277 378.1973827704438 311.11762264910624 286.5709554836905 372.8123287819588 308.7661706563346 285.6503072450856 370.355262851558 307.90238568975974 285.40199525773534 369.5121398014649 307.770767654458 285.2816858659311 369.077092365202 307.8147258201662 285.3332378744528 368.13617108740095 307.5601963385544 285.3059918644926 366.19223677426834 306.96071779411574 285.07493959301496 360.391632694634 304.6258596062315 284.26018270767486 349.97355072153465 300.0733089167375 282.54716208298447 338.24357384536887 299.17457652295894 281.7754968589054 335.64007517199354 298.65298377238696 281.56987175954924 334.1437970477885 299.89809564603513 282.41835385326914 347.20706823802993 308.0044402121624 286.7648643520227 371.4910180571139 326.28981729290336 295.6221071517231 389.2957748340417 344.42024513493413 305.9006949241584 395.7420575349492 363.06495695521147 320.4914633562675 400.04206708296977 389.20126717748155 385.04843459102665 413.22572293326846 430.3534120530803 442.36245687922 429.01151665434895 472.2546191865589 499.91528782385353
362.44393321879716 262.84063222774387 244.59643107520228 169.19103700165854 245.57760137343774 188.37888827779452 120.40161815155957 85.20427126004863 65.4064988419536 304.87075794970303 175.47981846473826 94.9371623225053 70.88120248879432 61.30873061998165 326.20349309872114 177.47778160822904 91.99777537409521 68.46658677337088 63.11717262425824 343.1013741277593
155.48936135135958 166.80062845203813 110.01534735026782 87.41711169288823 263.4897569701455 114.4698444117136 71.07963360399468 108.85834791071555 64.4288810465166 54.01394984615207 274.0584004330018 87.47335623804459
168.700635742797 166.14317586129783 137.4937351162486 124.71852473811322 49.960476557492015 22.750449090020474 33.167658430019614 23.42385885718989 4.123892759860365 7.060951584308921 7.474648493879124 7.318364765353351
382.16570418518864 312.7798974049899 294.96633526066694 247.70792309194348 140.0820478780026 268.33669027251176 346.58966945571535 316.0649743299356 368.05210366789214 295.64378367334706 268.7371207521812 357.69141113953265 432.10534671028364
216.86611340536922 198.1595095230018 234.9734064136196 189.9963886846898 167.19541769876352 174.34202002599653 229.91366754928322 309.42486940347015 313.8713071771784 250.98764607360715 236.24406902277744
128.55792021728396 116.16469634458286 146.98472422119133 228.0995530745264 153.78073772871898 99.59828331276965 184.43453517466767 241.29834769231036 147.0889174196512 92.57761141254298 183.02793124918313 226.1411277818451 142.60269776992658 90.55829539258076 184.03189206057385 225.98446787745337 141.76830042640285 90.09373904247538 184.7988917670544 227.17611089711733 142.15236420838784 90.21138456682277 185.66298863942518 228.54988918359516 142.60559518232225 90.16628060625239 185.882317976018 229.69543854791257 142.97691003393325 90.38106716318417 186.64146695328816 230.74935693553908 143.42219560837717 90.44903134840065 187.31666489406686 231.26272276631778 143.45306539461964 90.41200723454364 188.20926917787483 231.5215109134298 143.64109460453204 90.73962904796927 189.75602823697005 231.60473671422181 143.384143426872 90.63460645830648 191.67896890546643 231.75488466949145 143.27702807586414 90.54868306712609 204.403875735963 232.3946140323647 143.1982443228505 90.4959335972512 221.71439027856616 233.15897561866495 143.33357710948798 90.66232737300413 239.74955448512492 234.20108173211437 143.56929671059982 90.54225953210177 251.521861724204 234.97522131656115 143.69964137905072 90.38631263617319 257.5096470912198 235.544364747882 143.90640514628467 90.54904135348744 260.3635827279517 235.79447275893548 144.04606210538864 90.63011200744167 260.36450250245076 236.04598154603215 144.26376678042584 90.8685317499676 259.7399981930427 236.14548342424362 144.34619971476133 90.95429633157235 258.99906986974037 236.41559944483802 144.65626056035626 91.02943560301894 259.00299140105415 236.64677289916892 144.62264543328052 90.95838159739053 258.715753236127 236.7606511190064 144.72575354183311 90.89297517842886 258.948099030405 236.90422279206624 144.7382325698249 90.99846454627097 258.92701965804156 237.13692451199486
293.0478823976245 244.44926926828313 225.38796243569976 134.19813240660844 19.641321246092335 214.32634497666572 218.49877797905305 212.42897969804446 129.2066058438011 97.65095934371136 74.33466569191447 45.69818743069409 258.7891620657952 232.74483911025308
362.8338870986332 295.2459847348048 178.72160920787599 164.81972902305935 148.21714459095296 155.8517726308539 165.2333582576693 163.0114157224284 181.20374740312926 201.02738353234756 201.43435240108488 196.6152126274164 210.3359856862283 215.16517968098745 199.24029149407497 210.21612074194834 216.41191621820852 198.53251798345588 206.4486691078933 212.39590250830656 194.89372485558556 198.55101890166716 197.28967260733253 188.88492171089655 188.4473456301733 188.30193028709175 187.150477164029 186.07217317877652 184.69506148567467 186.57399076838172
267.8653266124465 222.89806218772148 163.0015211730123 90.70712952379282 69.08364325127575 160.42849332128804 198.46698297278664 154.2401259133014 76.59531488172931 31.525434036913133 23.672740806493753 12.543519019837346 109.78972951608527 155.08030783542014 127.36978989118144 68.37564425755993 28.697061990870885 25.54394181274279 26.094896252616493
297.8266729224324 241.60265716003772 46.3812249659566 91.00470339329027 158.07262161023152 29.943088795130667 79.1855068575758 142.0955391400717 28.22622911169816 19.75843840713493 13.000436200802666 38.21811735117262
149.1446317610322 164.8697469513738 127.10401688355066 89.71564353783269 205.190132446737 227.0863180184283 210.71990117257528 205.12865364094165 174.10419628454684 163.50869260897272 101.12970734295716 41.96883157465709 203.56416364245467 212.1977103965692 204.48564675647566 205.6104990371401 177.13286703734286 207.69914581183647 181.4128610288158 201.47624936528595 234.15207864085906 225.4479328088012 214.39791314154198 193.46323219082737
139.92361705140965 142.43894308244555 288.3163878147688 220.92501748919292 138.92300282957825 294.3466768336359 263.98796118077394 195.72881761366781 303.1104303648079
348.2774119276468 355.0401746086388 321.1208625165254 372.2452523023523 408.50267123543716 451.68144176999385 340.6067012118042 366.0249305926126 285.964187058429 327.3886922827294 431.7039710065195 437.7973036848043 461.529982596863 497.1417176050996 519.6293796392597
304.4111781070432 190.95008550663852 172.85443176619788 95.55289688868484 89.116796110534 228.2171447046145 203.1612671934462 147.4555101965618 124.81222800652377 96.21686512164045 162.9478498893894 283.6536242967878 287.7306354512928 189.432184296613 182.31258797769885 119.14840186468706 178.1594471580848 249.68042712823186 298.6934334734565 204.89803927103483 269.14505395154373 147.87230530096662 177.13872275074098 260.239046783999 318.0673564964874 206.97844042690218 290.86464086095555 149.96125639085164 179.23116876903714 277.2177032927173 328.5385279910996 200.95509751850705 290.9510817006882 140.84308124154987 179.5515736678332 262.8931585678371 288.34149427223053 194.70258846672644 265.0448398307144 129.1605885817267 183.9092918521154 234.50210196019896 268.0047187562383 202.41927360560933 259.32591806185786 128.709906151598 198.032179193797 228.23411012829143 267.10774926632934 233.1913928209675
290.08478259240064 262.41042135243873 253.09894778733687 260.07180744244295 268.2619558475625 271.09574150592687 196.52897220346688 306.8170845282056 339.6647602240867 270.04881073732366 318.7445823626009 340.3437504548737 337.1897376422562 403.3549483105663 404.89491353569525 365.51747396461127 238.20051837110967 341.2987504004662
312.2610494428043 326.235587118326 316.68261736938945 361.8649700801022 333.6330837964236 347.8134301476096 336.9668975543693 360.618155577963 362.5296933077808 337.58419393859964 336.30956995951163 337.4953694157711 357.6679903639344 355.03335892115996 341.1520776164026 344.4518758116771 348.4594285785668 364.2627945486507
379.5527746097397 301.12308818291064 390.91318351476934 259.44559769886763 171.90330990976054 334.94253668685576 213.6075570421464 154.49315584619598 338.9463677047724 204.4117750116939 144.54214635737114 346.5511106187554 201.87238306049662 138.0078997313012 347.5868392626784 199.8491884457398 135.01007045715357 347.63567289026525 198.32220652303857 133.0940447261805 347.59325641392434 197.39756681585683 132.09308470428235 347.49401871226354 196.99756271263956 131.7949330092729 347.5225724417428 196.9104229476574 131.4693346780755 347.42170535729673 196.67603540114683 131.22024647284522 347.38739190156144 196.58961435171616 131.18578462931737 347.45728834023316 196.48838658272936 131.00709325576577 347.4495485785135 196.61327924093277 131.11841054889297 347.51140224774866 196.80432491619226 131.27412725949387 347.4402808625231 196.51775080240094 131.06372125264983 347.4133233911199 196.59876736383347 131.15646386826748 347.3784982228304 196.5615613634262 131.07870345899855 347.4127816992479 196.51096321631817 131.05150910858367 347.47898018424263 196.55611430162904 131.0433828784175 347.3872928703675 196.49887176673485 131.0577799313921 347.4891831490151 196.577978603252 131.0357452580975 347.418162793337 196.44819724033977 131.01206716045021 347.48691233317743 196.4833882641496 131.0267780554559 347.4394107769111 196.5976506550431 131.09738879628162 347.4239434760158 196.44642825060262 130.98602476797754 347.4490277469399 196.56412437127415 131.05219173859444 347.3190475919682 196.54803526262128 131.12106152721876 347.3894935673853 196.38471682554535 130.8165403912591 347.4592242118589 196.45675833596377 130.91033575751175 347.35181531223526 196.4504159450022 130.96373443697587 347.3750263543705 196.4537767651461 130.9816096095388 347.42796484041884 196.4699561724171 131.03590996555087 347.4780831584253 196.59060211437077
184.1384912015721 241.3807662769868 261.1753691757396 242.96331606673328 241.4739758211753 208.54879488443098 177.80691802792592 211.68382872365333 282.6011563269915 177.67129395723245 157.01430693198304 200.68319276578504 174.89520811663243 155.1006980008108 189.15887622929202 167.3408552387254 300.9223089148436 300.60761501320115 286.5522755986985
313.2919290406552 228.28594713850435 232.62067191948108 228.8691540014783 302.92106907917736 253.77823371432314 230.54188810086274 219.87619329122137 219.49240920429796 386.6253071211648 297.1278216367144 248.5724575163984 231.5311597342127
304.62545337605684 306.88167300866456 312.8388417074978 324.240510101062 483.6208384685368 543.5508680570052 434.2244929899585 412.64026253059444 407.80988405255556
397.2511691404264 281.01590658060746 437.60935450204084 464.9261291426681 360.36715401115106 237.6926930468442 429.9716757056452 453.264507872605 360.8623080225552 288.0079298790389 432.6782133705799
351.6871448819791 284.22482452568903 278.7724424001895 276.53243752925164 235.45970347229158 300.3495318451386 318.81851206547907 304.0240666078893 391.4885476930344 415.3061570933331 450.973460505322 451.7950848314206
319.49868424633445 282.21892877270403 369.04808127963247 327.7672444581625 291.7868041313526 398.06179778883296 421.5065916193396 449.10024395236053 548.9453575666226 486.15145928884056 478.6786363587318 634.1169532827357 529.4605499122027 493.3712556806736 638.5643237687515 536.7290944683947 496.0609514296177 639.0713811147525 540.8684979735648 499.9176936866089 639.3071734846121 544.7357664557142 504.4634689132815 639.8794870661695 548.1173698509156 508.0755559124541 640.2452643828648 550.2143426901102 510.1420266472199 640.1705992954146 551.2403792277562 511.2892456399358 640.01335791534 551.8408247207401 511.9227289664591 639.8205604754378 552.2132241467791 512.1904004188132 639.26758944991 552.9338898755517 513.1079596792434 638.4865458870883 553.9461339671307 514.0065787649963 637.2468708333892 555.4373334553079 515.5914742832318 635.1497735085393 557.6019001489545 518.2481265650953 632.6835403499872 560.0501280508356 521.153266160385 630.1036990279233 562.4312243097298 524.4524404065651 628.2843670196035 564.8724273149395 527.6844889004034 626.9552225542848 566.6498828460393 530.3134161545873 626.0418632807127 568.2605785090859 532.5832921462504 625.6351454644798 569.5210059576357 534.2534601392036 625.2323806186511 570.3856066880656 535.618273134924 625.0718756352571 571.1023922124839 536.7722035260063 624.9153020828606 571.6710508541888 537.61518763518 624.7611026563081 572.1237557325213 538.295055910466 624.7339393972055 572.3914256348845 538.8247878774439 624.6840622129408 572.6567451351533 539.2500068399402 624.649055282069 572.8268874179585 539.5769304055752 624.7089835235103 573.0031540558178 539.9760641555249 624.5898790898668 573.1210185183728 540.4408189167998 624.5615096861515 573.096608487135 540.4877861448423 624.4624241948069 573.1498285653965
159.301225794403 190.71020218405556 230.45252493934436 230.20046124340053 256.16764665626715 258.1842100901297 353.28297488771756 296.78194990197585
207.71530685214924 243.0720434812923 201.4677726734718 210.54575242377132 223.9288740652079 129.83202450473058 162.49631858819203 72.60099908820186 119.92161407303581 121.13752933689184 37.55652471716755 67.02829245656913 10.417808136414079 108.81451527420434 81.70591090506694 18.27076599004005 102.229306850753 34.594724884114015 148.0678091819983 86.08659334545607 31.65130756939373 139.13934944989782 97.89417429646818 188.1804095334025 89.30154790945751 69.78315611285126 167.18517221937833 176.75734512717295 221.32150835570502
255.15195955501807 292.4732918886035 257.966670362954 281.1632571802689 294.1494305030613 320.6245291821317 286.52159926686375 350.6456590889017 352.61406395085686 376.80546639202186 364.2943670765103 352.1577751724734 346.82148180923724 348.862365149237 318.27329566584837 385.6470067654557 412.9923530139017 422.12207338191195 404.17050115330636 408.8502739698259 417.57442396800536 399.33038644658 324.8341288986528 418.40350836071315 432.35078847954264
320.1254194012496 359.5513562754266 326.80893949646185 383.28883626009 514.6094404942044 524.7709119801975 476.062773819053 459.61065080539197 494.1788749243293 516.8133646452873 535.4678712563201 548.4117808538678 548.4388728111687 512.8070540280177 524.5733476320836 519.6442129358022 517.1747631832287 525.4420483030264
301.7083075717027 315.60041815208797 270.30697514060165 220.64950305099558 243.79854936078084 216.77901289632322 279.48978810565103 307.1990289446154 288.295932736318 271.92148261951866 262.24678695399166 290.6170342074444 252.02837543952904 252.40147471577433 301.19270244961336 306.4699451326105 310.44420129607033 277.58522339912804 289.7463789258268 270.49304713168345 268.8193181530277 265.2956861799483
348.4260693586749 276.26143936214163 209.89674753580096 153.86528564175313 187.14775215670755 230.58335385063273 277.74053259759177 267.3142769770949 297.38803392280494 231.46906430206658 186.7601747416813 165.16289281805268 180.26214481700936 196.23506982078447 364.30840368520217 351.421028852787
175.26849270193574 226.5399096583695 238.20496418055492 233.5289813119221 229.87180293229537 227.2643864946697 307.48036754832555 197.7003422741176 80.8386274132181 214.03329474627154 197.73510678525705 260.0333854333284 202.65644615774707 183.41815791678079 230.62748124363236 193.24331299125032 289.42723167675643 180.78784489610706
320.0241754841898 288.4344885674225 324.89015070380276 303.42297639710614 283.80792913347136 307.6366300981555 501.0532248789746 527.8676272069941 504.73954148663233 519.6796405464271 518.5891323890098 495.30797966192995 462.7597393558988 481.1710507168709 494.306198351068 487.2085942024848 466.7280344320408 490.5824616276746 520.1470360961026 521.3403917543103 524.4241736892025
202.83471661989768 102.34030521486092 62.154727596719674 6.705386690895108 4.728365559081191 4.123222331178757 121.32266795761261 207.62406832560242 182.03039961393077 83.4528212986168 52.694973528972035 19.514092790564327 9.128242849378783 13.719273096485813 180.0335785194369 177.6121016302159 169.11850072904141 72.9759469467398 18.655794076496754 31.470977189903596 5.942778338069135 13.466625811033074 186.3540185491749 185.12744687990127
257.55396557849843 262.14001341496044 197.1453421513802 158.24244773954578 404.45813333677955 250.73501404675017 173.0106712216448 100.7479581757768 95.24094455981545 64.04472255189054 57.47393266578975
210.19530265753977 116.89387190572891 114.50203683098901 68.28433599951263 112.73693217303548 123.98949761118737 69.5489299714415 77.81099662428636 45.801387537953936 96.59404735760708 132.68629934500282 72.88191044313638 101.64027458966875 62.47609173516709 109.43519359068448 140.88339186307377 82.11139915600486 111.63678152863203 69.1778659002531 120.95686915829572 137.5381131343512 84.05861225879681 103.33206866929449 70.21605656692465 124.25594098748661 126.93760220087715 81.05054447473786 74.35191511097932 70.22538672108595 120.30567307819841 140.09407276377863 85.65218161076395 75.47784849473676 72.09348778367078 120.32641318727356 141.8021316482426 87.21258101440522 81.57259122392338 72.86719194537905 121.53373607715307 160.92350770532596 95.4753444099443 123.1241615377345 78.5672815698052 127.84229827450311 167.62966559184784 100.11135815739836 133.25984710623777 82.23186389589038 130.8508375374045 171.00115610137087 102.65154516377673 140.5880559156401 85.45061527194619 132.82407822037973 173.17950653258723 104.34414840719936 146.30562194799114 88.29036053252472 134.3248450285185 174.60152134903115 105.449265651822 150.69884759367272 90.72092391639755 135.7187848873581 175.98158190611596 106.31592247296358 154.36029374584308 92.6268940699239 136.54655779232053 176.9619576015585 107.175929751383 157.1377994466264 94.37051679081792 137.2375823418241 177.50360706744547 107.58984754589963 159.0737002864929 95.70776490149969 137.65122120100926 177.90926913065644 107.9122778615396 160.44626977648457 96.73803256352404 137.8569625800958 177.98692158462626 108.06394650509081 161.49315055045687 97.32521454985798 138.3068438604197 178.4926746240065 108.36129100408374 162.34395578744835 97.83564994712606 138.28813824689385 178.4201533994128 108.43880303919579 162.85838327186167 98.09186657859155 138.49440242556602
200.86238834698682 198.4043766838305 165.49509872015136 111.58046941917681 68.7835213216776 45.460494583003836 43.88637057800692 268.1335367847155 162.3908212145555 293.4316457683115 142.52064233525675 66.78280541169755 79.73672208455301 34.493044069762384 90.87559408450731 230.55167794467727 146.69639463058226 310.1207110736267 184.21310360775587 82.91567750934496 171.43427126699325 66.32512478073755 111.23611527558451 240.14213761182145 149.83035293507436 314.8041989080935 229.1969125734403 106.17842205716546 135.09159940675562 66.25140034660265
