343.1176489638762 336.3674474520963 285.1895985794446 263.726999253011 264.6938381347086 270.82255047095236 289.1256836950394 288.9642282929588 341.0651908759207 397.37993305015965 450.8216681126086 479.1352616042966 491.5911060553281 495.7681810266701 496.77784507289505 497.65867069434967 497.300700502747 498.1059013742973 496.6658172468238 497.6685176800199
140.65132370793165 128.92477312411322 133.6633233760366 104.03238936365875 92.63936226164205 78.95167496015715 47.78841139189211 46.67466065066923 16.735323407868925 9.996271437527549 12.145860900816935 17.703803283133865 20.534177374204067 22.218560807215763 22.23850150003597 23.161007526223315
158.9973182458051 39.19866762922731 27.69649835774784 17.78142988704848 30.976433814347857 36.61211920618716 37.6827186710916 43.54898679179172 40.33479499064858 44.124875010341114 43.09188686751732 45.80351012733115 45.612614620415165 47.139996071496206 46.51598360904508 47.522919562852934 46.74822102192567 46.36355317899742 46.108370278993256 45.98666003176231 45.91175440556976
298.1566583537591 177.63856517757299 165.23035254856498 112.66475283184973 92.28027358183238 76.38545142510124 76.05905312783122 56.722909608650276 64.1192963789655 45.5911157059399 48.43863094100537 38.35947634265276 42.93009331418435
102.85512686355632 164.43349603150784 102.27508411878912 90.5472211607056 69.82954300744346 49.4680460952717 47.4005106561577 38.999826712966644 41.656744227432725 37.27125690657362
210.01192630739752 261.8702887010173 225.4602600873661 218.5810286927673 235.75803288703128 246.02088504752894 168.00642767486633 156.89533975960452 100.64614593904292 53.19848186559845 43.31664449093351
168.3265386159306 128.12955048478653 145.68076456154688 110.54818557682273 55.333453001783276 28.04402257041808 25.75310231576289 28.07125998040858 30.109214279685062 33.288995317914434 28.338427961025157 31.262854184750907 35.43715685656565
168.51469484135296 185.21774400260426 157.04681089108806 151.40890772545146 125.23025846666401 81.37419060638905 47.81184754815786 29.681510946824805 26.079459119556645 24.856112119459052 21.57647574601269 22.010349011507234 24.086504024963766 22.91326900954438 24.036669497155074 25.76637821539038 24.88830651127214
250.2310915020997 284.4124723260687 197.64765005338694 147.79470359196864 116.52233027812277 122.89634173693265 125.11063774677535 97.65696136896896 92.40262897153352 101.84178529238189 63.162717030993754 52.47435872047333 39.640105628158814 38.782636132550785 39.00825063582761
282.765604416301 216.39837021498622 175.815566065553 168.43174645821856 171.7784763987953 172.22532067886 170.31825211138528 172.66993043263568 174.11720088380318
89.40149778730424 100.56347845369483 131.60899486270276 108.14912084050704 52.744067287045404 11.681589803930157 13.614619243267379 17.538477659557916 19.16886230086994 19.015484519007597 19.93814602287014 19.338423165582228
95.90130643390948 133.79208500789176 92.6737234611169 97.31633280351217 98.0185539368497 117.35263056779527 118.07195535814802 141.67603384228534 159.9038263343315 169.04750669051433 176.84872157090695 181.13871887867066 183.59074588382663 184.04461019208847 184.26389033649122 186.97341639537015 189.00457720942322 189.89669511285177 190.71511220697352
361.99725495437093 346.07826614835744 307.7265563969507 302.80916345696505 194.13254234809352 119.81400839589661 78.56871340976899 63.27912881255726 62.7446891771217 58.88371414123413 60.277368220246544 58.083749673958614 59.20201747447223 57.6526260728084
210.97589112417796 176.74187726703974 164.76180464340484 129.8603469335426 91.13679480605263 57.62203929808345 41.1952882782451 32.55231149844333 32.77946866502655 30.000136710793814 31.134830484507432 29.86534707338676
274.93054502000047 216.75846791765673 123.87968768959313 74.46091280896934 43.43230933000634 36.2657497267436 28.68223278124473 23.29883512855748 27.799347910102334 26.75255029384404 24.778300406467547 29.921826249305212 29.372224098897288 28.447690501746408
188.52075197976063 208.47880197734287 134.24393052128733 122.57213722883893 47.30098475265317 18.365646185202163 19.188706310729152 32.60734133374988 29.844290986572314
138.8240667428789 138.56160851948061 165.22897599410143 185.35857068908376 258.0472205177057 329.84182434573574 394.1377725379648 417.45756693174843 432.19792217886453 430.9770770654008 436.6092626567664 433.2328272339555 437.4885752823646 438.3563761303623
172.00742469913774 195.86274553876993 135.5968011525468 106.84836356545986 59.50063369937431 30.6644578311019 15.924610836278987 13.34031270670047 10.48433355649522 6.176597049867502
148.50251775341437 152.59878540274272 171.22122407143283 180.03374640702546 197.72963945803355 213.08295825658587 211.1108855781805 235.01358416205062 236.10363336057458 240.06778680255374 250.23725307646131 264.70189538983476 261.5503805400198 260.4055555103842 272.2339222857915 270.1181474967258
212.53452074920665 180.15217127577864 191.4815167344479 148.14556306710102 141.7055224859385 112.0437034314001 93.7114808923827 94.4382808115829 88.55911958228688 89.50975917718547
327.8300875930109 268.1170188195745 250.87554576083997 262.61401058310526 266.67076568924165 270.9668142824924 271.51528617204553 272.2245932662708 272.53033343120825 272.65848092315457 272.6831061248414 272.66679208049294 271.2826880736492 271.2602520778465 271.875012568332 270.1482929251913 271.2799594688065 269.81482217389214 268.2185502862985 269.61772733678055 268.2937946017753 268.0415397243485 268.15715636559656 267.1872728078905 266.90608129588 268.91307327180857 267.89210285418676 267.9900938616298 266.8809838815922 267.49036796722334 266.8215177116516 268.06689618091656 267.1399901754896 266.8711202182371 266.2442703706836 267.14500529836084 266.4056997733063 268.01761399018284 266.89939643472235 265.6403632409408 266.5990558496589 265.1644540681715 268.53279409002334 266.31755491486706 265.5928418799451 264.5438254954364 264.32716241628236 266.8206366142093 265.5795653361898 265.6300951929292 267.74830490282994 265.84386869855194 265.95799199962244 264.3089806500742 265.35789845253584 266.3325058716698 265.2462564863239 262.5425212464914 262.18509163959556 264.1951860837046 263.67954074316185 265.97360982371026 263.044071428117 264.82641835560355 264.14304237876246 269.074158223618 269.07415822361213 265.0375186690535 264.2922495690629 265.7823304857141 267.3444172961821 265.98952371547125 267.4366980442133 269.5145915502065 266.24417341730464 265.178531068188 265.17853106819524 265.17853106819905 265.62093980724734 264.7159253542616 264.71592535425555 266.5481784179707 267.9502229664685 267.9502229664542 267.9502229664488 267.95022296644515 266.43030487392963 263.6307656039239 263.63076560391966 263.63076560392113 263.63076560391755 263.63076560392614 266.13192780718083 266.1319278072048 266.13192780721846 266.13192780719424 266.13192780721323 266.13192780719197 266.13192780721215 266.13192780719083
128.37355118119046 153.76405930973422 91.81996665464438 54.41465793091945 38.833060796294504 30.478869002618097 31.830528914162908 25.5112132358374 27.985703784716392 24.2091989511381 25.107574393825825 17.903176602143038 20.01093658130964 14.330905550699928 16.803269981848505 12.086852371912043
232.77489919944645 196.141811224765 162.48041317764984 87.01432834449255 74.96568695901118 72.10832622356179 78.43577762486917 79.5899073543575 82.20765624512228 83.40781579802712 86.05927635481773 87.51485645997587 88.40158672870612 88.94177043462552 89.26712938816803 89.46210187819798 89.58454937336394 89.66707203766113 89.72040700184041 89.76544913091962 89.80279655562997 89.82995416528169 89.85647979894873 89.8794806473772 86.73333553374992 93.49927969645412 88.81422019185038 86.12385380070293 89.85265322056061 92.23798822459369 88.08095550274444 91.11379458539281 93.04571533193774 94.2742679969512 95.05358854208153 89.68425994235432 92.13537038191569 91.15776779199938 93.05582662456378 84.7355951296947 85.85216152021044 89.96853327803815 89.60065519854868 93.19592048990044 91.90290046873024 91.90290046872197 91.29217385002276 93.16966116641522 84.77391318547855 84.77391318548514 84.77391318547681 84.77391318548602 85.86095745365425 85.86095745365101 85.8609574536524 85.86095745365337 90.03165231629967 90.0316523163049 89.62749761785652 89.6274976178645 89.62749761786134 87.55800485154383 87.55800485153432 87.5580048515298 87.55800485152747 87.55800485152976 87.55800485152737 87.5580048515298 87.55800485152747 87.55800485152976 87.55800485152737 87.5580048515298 87.90305510882709 87.90305510882338 87.90305510882175 87.90305510882169 87.9030551088216 87.9030551088216 87.9030551088216 87.9030551088216 87.9030551088216 87.9030551088216 87.9030551088216 85.88711819165357 85.88711819165488 85.88711819165508 85.88711819165533 85.88711819165535 85.88711819165547 85.88711819165547 85.88711819165547 85.88711819165547 78.73678719035962 78.73678719035074 78.73678719034675 78.73678719034635 78.73678719034582 78.73678719034623 78.7367871903458 78.7367871903461
190.03893239627266 230.3799459458066 199.8991192105778 228.70704203306917 231.16569905751356 238.14371307808256 224.3657417461593 214.352723449697 207.94107389863575 178.82968402560343 122.20452966199427 139.05083916443604 111.95876296030114 46.81402973676787 20.538577709728013
231.87862126667952 206.90216160726436 217.06363739003945 241.06674498571496 254.2002261709805 258.4050060522063 259.70830029198777 259.9792017142636 260.04647000728 258.01075818281566 258.2193847041624 260.47312743363284 262.29803115940524 256.6991066211792 265.16232130174996 265.1623213017583 265.16232130175695 265.16232130175604 265.1623213017562 265.1623213017566 265.1623213017555 265.16232130175604 265.1623213017562 265.16232130175655 265.1623213017555 265.16232130175604 265.1623213017562 265.16232130175655 265.1623213017555 265.16232130175604 265.1623213017562 265.16232130175655 265.1623213017555 265.1623213017559 265.1623213017562 265.16232130175655 265.1623213017555 265.16232130175587 265.1623213017562 265.16232130175655 265.1623213017554 265.16232130175587 265.16232130175615 265.16232130175655 265.1623213017555 265.1623213017558 265.1623213017561 265.1623213017566 265.1623213017555 265.16232130175575 265.1623213017561 265.1623213017566 265.16232130175547 265.16232130175575 265.16232130175604 265.1623213017565 265.16232130175536 265.16232130175575 265.16232130175604 265.16232130175644 265.16232130175536 265.16232130175575 265.162321301756 265.16232130175644 265.16232130175536 265.16232130175575 265.1623213017561 265.16232130175644 265.16232130175536 265.1623213017557 265.1623213017561 265.16232130175644 265.16232130175536 265.1623213017557 265.1623213017561 265.1623213017564 265.16232130175536 265.1623213017557 265.1623213017561 265.1623213017564 265.16232130175536 265.16232130175564 265.162321301756 265.1623213017563 265.16232130175536 265.16232130175564 265.16232130175615 265.16232130175536 265.16232130175575 265.16232130175615 265.1623213017553 265.1623213017556 265.1623213017559 265.1623213017562 265.1623213017553 265.16232130175564 265.1623213017561 265.16232130175496 265.1623213017554 265.16232130175575
408.4667147653206 370.5188348512442 265.29958738036 184.16001306112423 149.09636299096167 141.71494117993694 137.6467650370007 129.65076067691732 125.06644597624235 122.4627830392957 121.01686030287446 120.22451816015679 119.79264593517978 119.56421327834126 119.4471898623193 119.38193020266206 119.35464349806651 119.33964069496275 119.3275659735978 119.32396619936026 119.3219128635236 119.31726051087429 119.31336923697789 119.31129013205768 119.30216761364065 119.30274777743732 119.30124501615926 119.29695652193833 119.29559924484944 119.29469094479144 119.29828341281195 119.3001790532646 119.30107274573942 119.30431272857967 119.30620697713383 119.30917944669137 119.3092475346974 119.30796827540729 119.30783773818519 119.3071880932792 119.30604636118817 119.30553889715159 119.30549784301687 119.30450011541028 119.30693704523256 119.30763128216263 119.3080617223024 119.31073214913057 119.3104916685875 119.30870680246343 119.3088581205691 119.30634975111005 119.30740579970866 119.30757768725256 119.30797802998674 119.31101937140214 119.31204414690947 119.31150157706696 119.31159294940858 119.31180552204064 119.31192151260394 112.3675970449107 122.09291895746017 114.08868530188366 123.16945252922612 114.75643339771217 123.5873891366754 120.59906777681003 113.15995169520578 122.59838972531824 121.27927194809277 113.57918844369561 122.86420076213497 113.21197442663397 122.63753169475314 113.03354513080072 122.527006903653 112.94385394853145 122.47449181888307 121.85449225736862 112.42045583240953 122.71042898275567 122.03295595934524 120.91390404482291 120.67693788853916 111.50165660033397 121.99671108282509 121.49388024210198 121.49388024212139 112.13296795900101 122.49282294768774 121.86844639692238 112.42078813921113 112.42078813921081 114.26082983797457 124.16072826492385 124.16072826487414 114.19222843926664 114.19222843926023 115.60029125084598
221.09321605131814 119.02900187853334 55.233228022322734 29.286298740526966 24.68374816459773 27.561180685285155 22.712410061796195 26.20705230976818 23.525089697435167 25.695857767070194 24.857549484489077 25.63133653789591 22.59058948234992 21.79402466030585 21.237869607498983 20.984599048560924 20.81686398286111 20.728933226116737 20.674588872089593 20.64077901023533 20.62523541442727 20.613205466709353 20.605490224189662 20.603401576534335 20.60449788011947 20.605019092751125 20.604737309495302 20.603307863712878 20.603544157108992 20.604147534404056 21.468367827835404 20.958200913543653 20.76006610834942 21.680085023078423 20.47587792861159 21.15835316747968 16.560691475189284 22.498367751779114 17.50190040582698 22.268741488767905 17.321934403605944 23.68188252277749 21.935685136926363 22.11365075485242 25.590974822676927 19.903551728282817 19.903551728262094 25.32083340772054 25.3208334077018 25.32083340770205 19.689861220496617 19.68986122052487 19.022532180378676 19.022532180378114 19.022532180378853 19.022532180378224 24.26300984345784 24.263009843476514 24.26300984347762 24.26300984347761 24.26300984347761 24.263009843477715 24.263009843477672 28.643819246267807 28.643819246274546 28.643819246276767 28.643819246278166 28.643819246279424 28.643819246279946 28.643819246280255 28.64381924628129 28.64381924628253 28.64381924628272 28.643819246283208 22.27048042580502 22.270480425807676 22.270480425808454 22.2704804258078 22.27048042580845 22.270480425807847 22.27048042580844 22.270480425807847 22.270480425808664 22.270480425807893 22.270480425808827 22.270480425807943 22.270480425808884 22.270480425807943 22.270480425808884 22.270480425807943 22.270480425808884 22.270480425807943 22.270480425808884 22.270480425807943 22.270480425808884 22.270480425807943 22.270480425808884 22.270480425807943 22.270480425808884 22.270480425807943
207.5070347658943 163.3913808885558 180.0130917024527 198.19782115449019 201.4188658471347 211.4032431652689 254.37755888897695 289.48056792240124 343.36955926198357 404.59776913725045 419.227598183473 448.0745550788803 461.2676174373486 462.9669761860441 466.5748622630007 466.2537376214782 465.46290899721134 467.79497824328587
440.8514389776096 411.61771545369237 392.85512795848996 358.9575701114677 329.08824794623877 287.7430330982693 269.0814646316595 256.1364987603712 258.86038035172396 250.4277321626234 257.50935953882026 250.22719310138444 256.88207241894594 249.81523926963746 256.1057673434069 248.74503646278725 254.68370834484432 247.2779457257398 251.65985668766746 247.5117352715895 253.31376785305952 271.1960689090026 279.9009762761767 284.3255363067124 285.4978108948933 285.8646412585803 285.93178872948687 285.9546306209562 285.95223476393716 285.9522335508975 285.94852811534577 285.95207133198784 285.95155503875793 285.9515550388288 285.9529536127956 285.955616350055 287.3215691490973 287.3215691491116 293.09346775237475 293.09346775235264 293.09346775235446 293.0934677523549 293.09346775235525 293.09346775235554 293.09346775235616 293.0934677523563 293.09346775235576 293.09346775235616 293.09346775235576 293.09346775235616 293.0934677523564 293.09346775235576 293.0934677523561 293.09346775235576 293.0934677523561 293.0934677523564 293.09346775235576 293.09346775235616 293.0934677523564 293.0934677523558 293.0934677523563 293.0934677523564 293.0934677523558 293.0934677523563 293.09346775235645 293.09346775235576 293.0934677523563 293.09346775235673 293.09346775235593 293.0934677523563 293.09346775235684 293.093467752356 293.0934677523563 293.09346775235684 293.093467752356 293.0934677523565 293.09346775235684 293.093467752356 293.09346775235673 293.09346775235684 293.093467752356 293.09346775235673 293.0934677523568 293.093467752356 293.09346775235684 293.0934677523569 293.09346775235616 293.09346775235684 293.093467752357 293.0934677523564 293.09346775235684 293.0934677523571 293.0934677523564 293.09346775235684 293.0934677523564 293.09346775235684 293.0934677523571 293.0934677523564 293.0934677523569 293.0934677523564
311.5785459931392 211.96747764435833 115.00131562057237 59.765952064126346 38.28640338856889 30.767389571435082 25.551841662933068 23.813175173224483 25.008226349387314 24.37227132314949 25.4279862520116 24.549970329119898 25.490267058718462 24.63232567752623 25.60543941346333 26.138118924463956 26.452973069898388 26.630604438491435 26.73452805551593 26.79420611926947 26.824660158178006 26.841740807154284 26.849791964418927 26.85223299671977 26.85618899414774 26.85562157160752 32.17446933982018 27.257670486937215 27.050068165824264 25.004619782949206 19.302602430657267 27.09616844582202 20.917680481324233 24.75986922467846 19.119239134292314 24.458131375458336 27.354595519648722 21.120732966903198 21.12073296698186 21.120732966930756 21.120732966992346 25.13738749352356 25.137387493468196 25.137387493441945 25.13738749345351 25.137387493455677 25.137387493455677 25.137387493455677 25.137387493455677 25.137387493455677 25.137387493455677 29.187448820810253 29.187448820841535 29.187448820849944 29.18744882085713 29.187448820865022 29.18744882086543 29.187448820865548 29.187448820865782 29.187448820866067 29.187448820866287 29.18744882086735 29.187448820867687 29.187448820868024 29.18744882086846 29.187448820868585 29.187448820868692 29.18744882086902 29.18744882086902 29.18744882086902 29.18744882086902 29.18744882086902 29.18744882086902 29.18744882086902 29.18744882086902 29.18744882086902 29.18744882086902 29.18744882086902 29.18744882086902 29.18744882086902 29.18744882086902 29.18744882086902 29.18744882086902 29.18744882086902 29.18744882086902 29.18744882086902 29.18744882086902 29.18744882086902 29.18744882086902 29.18744882086902 29.18744882086902 29.18744882086902 29.18744882086902 29.18744882086902 29.18744882086902 29.18744882086902 29.18744882086902 29.18744882086902 29.18744882086902 29.18744882086902
341.5476472156164 338.38518000535015 345.56748449270304 313.72422533827313 337.52870479815044 316.56333577102083 357.22293902341914 317.43008194130056 357.8762973353467 315.32261806058574 353.91568667402254 318.102681624946 354.32310200270354 318.45102495228764 351.2414398149751 317.54035800466306 348.26683759803535 317.26865866487884
291.83537988835354 261.2769814434436 299.5262613299931 258.2277245344415 287.12345107174707 169.8067086240281 149.979154317077 56.32195135903995 22.695850916994925 4.149065900078711 6.252685118552 2.214277765956687 4.480196587910571 2.2798824288045956
286.6214523922973 215.92376261067685 224.05103917584086 165.4838001785404 149.3821441390516 102.77041381328421 85.52575047858932 78.39553493645542 78.37622018766426 77.53663246421247 80.36669073974535
259.9838849001228 230.0015746620267 201.1724576498776 218.2710358173047 212.39344956994464 273.8546209156016 337.9233775422149 372.0212196724036 385.9362216951968 387.4527907720638 390.98064008827583 392.69368962918736 393.7530928240332 395.0382634545284 395.2575896174552
379.14391752127165 304.9685731451561 237.8970009553113 187.21063857511848 137.84557003179162 105.43978079954302 89.32819495777788 80.2916695085958 73.45159962882582 70.6932607702789 68.35205115487751 67.96329103421401 66.97089581257299 67.26665419665751 66.63307617660186 67.10661230884051 66.57090515926268 66.29271157892583 66.15141194344787 66.08264506240886 66.05315458796704 66.03824472252028
352.6735275802292 322.04461288083354 252.40510598450933 167.40871309635614 94.7131035123621 61.585304428585296 48.00979811936363 43.63851448694623 41.88340320378015 41.392457730170115 37.097983140339295 38.18687626481412 34.813701715381924 36.29555197559863
73.96171795193182 130.75242110761107 108.81934874407257 134.2329872557608 122.86843176473222 196.09426667451328 219.94478838291792 238.8987733548758 236.5460001588679 237.7909705295287
430.68912909547225 352.5996764985381 338.42337638287614 286.3215841855513 201.22031117415162 120.0338334172922 82.13559257476648 72.78307534754963
313.7273406436022 293.1380082495501 306.7299011482537 313.8941808793725 346.19617715368895 369.4754317948773 378.22123529520616 394.5753351146435 395.6729583073369 403.52416381975866 400.82573133694024 404.7031914222607 403.4009632856916 403.4641961325424 403.3075302595138 402.63951686240154
293.69938855621257 279.7528094742928 304.5651570694671 318.7412254482486 302.0928154130481 331.3818042398731 356.3289537633657 319.09352761876437 309.23120762513327 306.9924631279286 308.85362785439526 306.3009481103137 308.85729721213886 313.2206823457862 309.7459006735865 310.7392806890464 314.7283551348543
241.02302481797085 179.88636457159822 125.20802030909628 89.04961258337227 76.95845623788824 71.7495174690576 64.46142931472835 60.63249436014262 59.25244458083183 57.91933974279321 56.47901669170731 56.39959068379591 55.49313521042631 54.35738353431302 53.68613966078047 53.29386234361987 53.06347400238921 52.91590219181643 52.82103726524741 52.753788461730736 52.711092661429575 52.67142406065807 52.64720529572356 52.63119160300822 52.622932737834525 52.61110894021925 52.596947482493945 52.591081748654126 52.5869765782698 52.58487222537879 52.586253548696796 52.584928468932226 52.58689798088936 52.58446923962438 52.586860155039815 52.587970664132925 52.58717620362853 52.590828769652006 52.589927674784214 52.591369163112944 52.592319401621374 52.59579563243235 52.59811423100445 52.59915636664938 52.599109716901744 52.59466303680186 54.633269459915894 55.949962266319424 54.50707306964413 53.683142557082846 54.256635837172915 53.5344384278968 55.27477947550866 52.716008006329375 54.800593736047105 52.55382226411941 51.074889023010705 56.06541720025596 52.8771102129632 49.71705404521378 51.29360306895508 56.197759244251756 50.17345824395839 51.64869529370354 56.43625303552848 56.43625303553499 53.14122850782785 51.3976023588439 50.80357535604055 55.82295100326036 52.529988050660165 52.52998805065491 52.52998805065928 53.383731454383295 50.40622300888575 51.20192913604887 56.09035670323386 52.77231030282858 52.772310302837816 52.77231030284074 52.77231030284228 52.77231030284284 52.77231030284297 53.56197729859062 53.48277610024326 55.07405958866754 56.70021493987959 56.70021493986959 56.62522441617963 56.62522441617193 60.698429546678945 64.36568830582594 60.086761720669884 60.08676172067206 60.08676172067382 60.08676172067482 60.086761720674986 60.08676172067504 60.086761720675085 60.08676172067523
106.78998380414909 100.67373156346848 94.74622685525897 38.16900969645387 17.608469523630635 8.926672839851491 16.85045653253293 15.579404892508768 18.50425583502899 20.24465630268136 20.376342975689408 19.835380847566483 19.08759254888221 19.431540266304644
191.81077432766924 214.37040418248915 142.0249295555941 47.92372391050715 14.40272857868125 25.9653800817698 48.459224873767006 54.99685314565428 55.804344191289026 59.66792496177028 59.0482192149705 58.75918593823858 53.29330461297544 48.32442356448228
358.34189406923906 356.88032828708566 322.66677244697894 330.7058604326505 343.6721376502343 390.6391713186033 416.314316458523 430.04354818342034 429.94938947765286 432.23606444271235
205.36420894544406 128.951642501757 110.60856131798064 55.1003998832996 29.10260061950066 25.389010648281932 22.256566641117825 24.284590987559945 23.26752651449568 24.182975677382178 25.970929207196857 25.878035751723143 27.18017861300069 27.5789393990193 28.16912214339374
218.2917620776875 132.03396723714 92.39334046670015 55.4084913541547 43.516000153811476 37.9531866106135 35.77543932681496 29.963996001324293 30.753297609602473 26.671616716461752 28.261432790822408 26.592362647312573 27.628215423010502 26.367574608734206 25.166300071640894 25.969979713556448 24.85842378611256 25.82438984948577
164.1628932802791 92.06127314497336 40.55509406910237 55.095627838695485 85.13923228982057 107.00393510570346 118.08795354921394 124.7942130644009 131.02520459847236 133.28563647652555 133.56136748401394 133.67830562815666 133.70192178684954 133.69282878194676 133.67507923525739 133.6513888395789 133.63108668720488 133.62158566943398 133.61333942629884 133.6053815409774 133.6097734017509 133.60456711215863 133.60852811300367 133.60818080734091 133.60926127611992 133.60551847246404 133.60362535951393 133.60254362046103 133.60582204999324 133.60361502767552 133.60464472445895 133.60750273235595 133.61096644607773 133.61334423093345 133.6136575404175 133.61119775394724 133.60894276551372 133.60830897229638 133.6089073707995 133.60747492002304 133.60980145924898 133.61114295918983 133.61279157641764 133.61600838514264 133.61576948874463 133.6169939278849 133.61944909259583 133.62054513802232 133.623291530594 133.62379351107919 133.62497077416683 133.62451465345399 133.62593074460634 133.62694015083954 133.6267282621059 133.62685982998428 133.62691475551173 133.6272404420012 133.62597372778262 133.62755065392565 129.44321183560314 131.20227859611444 132.22387975369003 132.81944779626062 133.16403322817675 133.36363851622497 134.7194147548308 135.63527281545697 134.7645560185262 134.27959660424054 135.33732203710395 136.0451229079861 134.99180330425799 135.81617002119398 130.81993046233416 133.12459065612674 134.6294399617438 130.00449490145422 132.60849293402265 135.94637942343908 132.0985391969802 137.5031781182872 131.96213829721538 137.37924198652775 131.89999819269087 137.32267163133287 134.28277707528304 137.11580768276093 132.98931621641267 129.87032826650577 134.01763808428058 134.01763808427765 130.62947103370408 130.62947103370723 133.02325186399239 131.38509772182888 133.46701425688155 133.4670142569019 130.6474351936193 128.09707975369517
263.9808383684075 219.5523847685475 170.02646431157754 132.04646160677487 66.34778658011133 20.23277804571283 11.410515389109262 17.284317826698693 16.439494216010146 15.669085008280037 15.145020439004544 12.38287473077783
228.54575271077033 207.67242854192972 176.35817705394987 171.895761540799 172.35322987305375 172.9286067670314 172.24942097531488 172.1424985473255 172.08737430277654 172.17827857267116 172.3183842947389
266.9599985263027 221.4266752507128 274.72241765054446 195.33282045072707 190.9724836434463 87.58500973756905 45.61288495678208 32.47523428191717 33.03028892260113 31.37696131684739 32.427915353185575 31.124698960458346 28.16190469813483
108.86236343713789 165.5453364981781 156.49691472371654 129.6408438661436 58.57317554310391 46.50433728447349 52.21839013970582 56.54318211648047 61.772467322258755 66.5700115760757 67.13116462755065 66.28153310313766 61.5472241090879 62.39209087891988
343.9837048712417 327.8561027042287 330.96194437066157 316.7039905689703 312.20164835885 337.3027382498418 289.5756743568491 273.8515783260483 273.53847284774156 221.65396624534182 203.75887129152406 217.38033111436204 210.46712662303136 200.4654522934599 228.4487709234875 229.41275285371597 206.81206253861367 233.75183070415255
282.54110462461296 296.1245115261332 274.9937496119705 291.337347869748 336.38027230648015 354.43721188950866 366.3789890389643 372.6898828415244 378.16154515263787 377.5144233555859 376.9028875623685 379.12875618603897 377.66745295689725 374.6660989724248
338.4674468197655 272.65822020602087 295.42662692560225 238.7517435573783 233.98760929021216 184.61827471541145 179.96522583363705 155.62364737903368 153.91886059613424 143.21638514457692 141.77997638747973 134.19783271955572 135.39602269157427 130.62711638044036
202.08049079412118 124.90796957517661 53.984101819652466 46.86871184085806 63.19186037341751 68.64504606066059 72.84233453262637 74.52591230373486 72.452348963402 74.25408745170216 72.37836641560315 71.3159129729661 70.75142243611278 70.47669192771157 70.36087497282398 70.32403327136265 70.32982203763207 73.2285331991382 72.00649090405226 74.14774282401355 75.31262364286476 73.20728496921967 74.81061963332488 75.67314013682699 76.1293469023338 73.66943731783316 76.70982099639426 76.67975320313474 78.38905504386396 78.10336898137923 79.1783621407927 75.3486276090353 73.21717497033 76.46929898256455 76.53568505462859 75.59229396513551 76.06979047320544 75.32317204256327 79.03180284940758 75.26039883346414 77.60251395125027 76.21134347755701 79.54091200988356 77.33670778195496 78.75739198549766 78.30881568415 79.28818291960285 77.18850282009696 77.35812614211804 79.0947822969592 77.24554399932171 77.30301491950748 78.74327633377071 80.4358677110838 81.50463871917668 75.97313449221514 79.40890750881913 77.37116370404455 79.57040129896356 79.03241135624698 77.078378695238 82.14031442386974 78.68814991116491 80.3896775225944 75.02836392255541 78.39820003559777 80.21683837724636 84.36585444777563 80.77770535260765 79.86109983977627 82.04843155270449 80.91981193680508 75.48686681512443 78.7330556572164 79.74599570216795 81.98343461741061 81.98343461740058 80.85071279915525 80.85071279920898 82.77669276766568 77.01673106765756 76.94759404828291 79.79892901545026 79.79892901549842 83.99247163750141 81.79548071315567 84.07999997056623 85.17758772469823 85.1775877246322 88.8818772063134 88.88187720639682 88.88187720626988 82.32928614114613 83.98177376503968 83.98177376501887 83.98177376500253 80.22048493887749 80.22048493906016 79.50847077522849 79.50847077528172
153.9446651435093 146.37910599075707 112.04774187424593 66.12798373475874 23.811378867708456 28.733012203697395 32.371269048273525 35.35995690194929 35.107979938514674 37.017375251622404 36.07178466550599
213.52521821543516 218.41708416124362 246.27701826140313 268.63516658383224 255.67162898944295 270.283896914502 340.58274325302636 277.49100831355094 318.6030959970787 411.7273412293593 325.0015163766215 398.54201088251295 481.12043272417355 446.9012869178622 502.00780796254156 525.8614663976513 529.7858101465818 533.1926828285434 537.9308959296652 536.3595544781375 535.8454511796176
116.17659588059459 101.5735165067554 166.4393021134424 238.61998461486806 263.6687500712904 277.6667303534019 281.69959456802474 284.2755742769563 282.2934756775527 283.2522116942603 282.44953696465336 282.9748473939409 283.7493550898404
173.04174107710477 193.52359199307628 147.47068872192156 111.01884935568182 103.34926501289415 93.09779391763566 93.82737978491065 92.4009709826292 90.58028426883745 90.83801935449564 89.2119551030403 86.32238514394162 86.16461747413314
379.43741795926286 324.0841690998783 312.64038123558214 349.5719216737023 387.9250569783548 367.3056469116648 426.4550243533044 464.10923583121144 456.6749559510643 476.8283611941863 483.49927784548976 476.40896349980534 479.1953485025687 474.12276069775123
290.8504045769047 250.26027545981697 221.83355742405348 254.74737020011972 275.9095127009399 281.01099698894393 285.9726882529152 296.49764348496797 297.7684323771227 294.8251479817676 299.98684087962914 299.4624488715997 296.3413149628417
304.92377484724426 273.5836269461145 281.4686604386907 275.1189674209335 266.0956228217754 263.13148874080497 183.07882310473107 116.56216099563308 45.97862217309022
253.92456834191978 134.68038634305557 112.46903746679216 69.87328765372975 55.4826523102054 30.325285289494055 29.464197265599363 15.123531481067953 14.06871338866139 10.903656162889678 13.69084082674184
99.71381185506738 176.20487502204534 95.2612991338515 77.61717031125936 65.41702808243436 53.1421935966955 55.629587096264856 50.07541404690559 52.324584670432685 48.77209381160874 45.46388499618453 45.65640223410902
349.03638916733604 319.7570601804813 299.8281189339976 316.4118857930599 330.8133079661874 332.08910321553225 242.55669736989498 139.30590562519038 53.813832496556856 20.261670333193006 16.91344138251132 17.762147926978944 18.23566915815908 18.501656578971076 18.65577632674093 18.745730422065968 18.78984482973765 18.814586794955286
324.9334266834072 361.786296167802 345.46489474621603 319.73394132220017 335.25683055869797 345.85569981930047 354.6818957204717 359.00900330825175 360.04557689309854 361.02585294346494 361.95436863004454 361.9396440762401
373.9247399315514 343.66548240309606 349.6064802917053 253.47494587933915 173.5221148622482 118.4795652314706 98.6186107001186 87.00765443918357 85.2683766341976 78.75108847531025 84.71375254214973 78.98095007190753
181.09044032987794 201.34699834146844 108.66279661599003 79.7869202475943 47.84356978353819 42.10726225923219 22.241889802366547 25.71538847461967 18.831797771662032 22.53248344165772 22.148849942975968 23.79261040530649 24.073819562498567
136.32067916864412 114.62604832475212 144.08752268935402 138.12346316383636 100.79492077357104 54.52733981516058 73.50433214754757 38.24439784604707 63.62641020112722 37.381370972097436 55.55205268671059 33.37497943855871
314.59174898079453 270.1586043239779 265.8084217024803 215.5740463813563 123.74111177053878 42.00939820922466 28.592750814300633 42.838905201079015 44.1160427115757 49.94574531860366 47.88843020009178 51.952117851447866 50.01095079104507 53.10816542828392 51.52510204411509 54.60146521796357
180.0200589049216 219.55221137522256 200.93305236356795 183.79132460246103 175.83467696744725 175.41428656698895 177.67407898383954 178.52151832412943 179.06798785966012 179.3865067677527 179.5692215421968 179.66616554373994 179.71697227212218 179.75005150829946 179.76779259412845 179.7776213094575 179.7844009770919 179.78832600930596 179.78614171264513 179.7846759354491 179.79321198383548 179.79668078665568 179.79541782599978 179.78994735518924 179.78802766012666 179.78621333874958 179.7830292030344 179.7837241580047 179.78491180720746 179.78052869531075 179.77839750317995 179.77704124150526 179.77296509868 179.77501319312856 179.7777143683717 179.77915934841013 179.78263560723104 179.78654658916017 179.788144127589 179.78968002906345 179.8619989568786 179.8264713579079 179.89238565054438 179.83762987542062 179.81841968547985 182.88716084371924 181.3521915119309 180.70045353857012 183.3535200818271 181.5858862205556 187.8984686019974 178.26736823456918 185.69482504937392 176.57078163349618 180.17122133197316 183.3924624498545 178.19125903906524 179.22117596861784 178.92437466404476 184.52781281936186 182.4345067563817 182.4070458396171 184.20879310743967 184.2087931074334 185.7500141549757 180.07385675586005 179.5524769794893 184.39115703027372 186.27126300810917 181.31687933013853 176.1824763630502 180.11107029054182 184.75804774984059 184.75804774992832 182.58142096564853 182.58142096559257 182.5814209656077 182.58142096561497 182.5105290969114 184.91331361321707 180.17374671352673 180.01455210814294 180.01455210818656 182.94933828042667 182.9493382804605 182.94933828047897 187.90091514489643 187.90091514485698 182.66537056846963 178.35325272033342 173.52177987091565 178.0577433483575 173.3971080023523 173.39710800227974 173.397108002324 173.39710800232655 173.39710800232663 173.39710800232683 173.39710800232717 173.92490902879948
349.52345846795436 324.7108793924013 330.2354558530992 347.86340740271925 364.0737517861206 356.6166625124241 335.0975208403161 246.33966888022516 139.5533310429358 63.42456008766444 38.85602267385339 35.45118294082132 38.72555442297093
252.88951550463958 189.21131764115103 104.93636498233627 48.7824918282259 27.525917147180596 33.63639898557714 44.41239388160011 51.403740847742306 52.75401493068905 52.93072694635987 53.150183716759855 57.28745071024454 60.265680439758455 58.60153072793087 61.05587565721493 61.058303174192304 67.84619831407994 64.2577099495263 70.25398145369127 65.78275122303093
376.7868113629802 343.7660989111924 328.2752054775156 316.2685652710514 309.4875312757041 269.0656151467005 253.5149616417924 263.1244180700384 284.2939372079923 305.3700626691058 313.0422605692562 320.4995741356711
245.63971902289802 201.78438425268413 202.3149593222604 160.60167325475584 209.97371214864478 199.23971323798196 271.1213366750597 296.25502067523803 314.98966869057017 319.89850639661074 323.6898772865228 326.63229216082937 328.09516648350996 328.82950764987265 329.59690534336056
278.170704966284 226.67170031528246 147.14381099828208 72.41515556218397 47.75877745039329 43.92372136588299 43.681876871839414 45.5614654230876 46.24196573552251 46.75759346290711 46.94375210935162 47.04689662448681 47.08566819838341 47.10447395276964 47.11047781326693 47.11648801261097 47.11111351082775 47.11474614027016 47.11337375515021 47.11625208300288 47.121628143020324 47.12855817310563 47.133454449520706 47.13574223674161 47.13713093861533 47.14376677937746 45.04499196698509 46.085477277377464 46.60606834450184 46.86931686553467 47.00362059157538 47.06933822754377 44.995441546100906 46.06058678537121 46.59809365533142 44.74552223289096 45.939416681677166 48.05513050769161 42.56768792404834 47.990386222019836 46.992056559787365 42.172526144782985 47.50946390255127 42.19695739938194 45.22297983517827 41.7692263355312 43.72762376591309 43.36931318447026 41.87118223031706 43.56316821510292 38.39355892071207 43.77893863187226 45.16918250793391 46.3584687981296 46.35846879814031 41.21311925288682 45.96792296271843 44.014500909474165 44.01450090946801 45.21459470621054 45.21459470621905 40.541137665032785 40.541137665025346 39.28812801895001 39.28812801896743 39.28812801897235 44.720444166815234 44.72044416682017 44.720444166819995 44.72044416681891 45.84468281999823 45.84468282000671 45.84468282001008 45.84468282001265 45.84468282001369 43.858659741174506 43.85865974118323 43.85865974117946 43.85865974118362 43.858659741180034 43.85865974118239 43.858659741178805 43.85865974118306 43.85865974117919 43.85865974118362 43.85865974117982 43.85865974118368 38.96511485266482 38.96511485266835 38.96511485267054 38.96511485267235 38.965114852655006 38.96511485267343 38.96511485265568 38.96511485267393 38.96511485265581 38.96511485267301 38.96511485265541 38.96511485267364 38.96511485265574
378.4910107831445 298.81509882010585 334.4584365042669 312.139486616585 304.5688639994183 321.82283337229654 322.6280416202366 383.83575084494584 366.34030872218375 431.9716358271191 401.6687726947187 459.77734555386525
366.8703017388156 355.444801190961 379.8833100456733 400.4321920109873 404.12728232823275 400.9070618722949 385.49708841484687 345.48064706858696 253.04595474203632 140.6234847159962 45.84157244806324 6.783903279600869 16.58990299203598 20.700593896886275 22.040735971007837
277.78516138976227 188.5783441382336 212.07693473264672 166.4285754809413 171.97071254772817 116.74978194430618 114.60073122211658 71.08080941330624 57.66017131159258 45.774724767702814 45.24575591055938 42.190931518759385 44.05959583896303 44.347200932765105 45.09397066576018
200.83959752895356 217.41952947134246 158.57353590152928 145.47881326968886 70.39539789723983 30.014531683465545 24.581453984008295 41.42193296505826 46.49701871841461 48.971175468139336 42.999124364836554 50.70363832036521 43.667039917461544 55.406593528411534 46.47142716305072 57.90586162277664 48.02747516730345 59.28214230224079 48.91444279608326 60.07306767725302 53.322872264753556 63.43228335448234 63.420197267894885 70.89186234260185 70.88457111334287 76.27242674747902 76.27242674747434 80.1162280982083 80.11622809821083 82.84937552478857 82.84937552478634 84.7867235130888 85.34094668895851 86.55286474460209 86.5528647446065 87.40936543834344 78.26843672512942 81.55327828860102 81.55327828860815 83.8730432036605 83.87304320365207 83.873043203649 83.87304320365163 85.51443534220897 85.51443534221839 85.51443534221346 85.51443534221374 86.67670065177728 77.6203189082498 81.09248867583388 81.09248867584617 81.09248867584304 81.09248867584358 81.09248867584422 81.09248867584441 81.09248867584445 81.09248867584452 81.09248867584459 81.09248867584448 81.09248867584455 81.09248867584463 81.09248867584444 81.09248867584448 81.09248867584455 81.09248867584463 81.09248867584444 81.09248867584448 81.09248867584455 81.09248867584465 81.09248867584444 81.09248867584448 81.09248867584455 81.09248867584466 81.09248867584444 81.09248867584448 81.09248867584455 81.09248867584466 81.09248867584444 81.09248867584448 81.09248867584456 81.09248867584466 81.09248867584444 81.09248867584448 81.09248867584458 81.09248867584466 81.09248867584444 81.09248867584448 81.09248867584458 81.09248867584466 81.09248867584444 81.09248867584448 81.09248867584458 81.09248867584466 81.09248867584444 81.09248867584448 81.09248867584458 81.09248867584466 81.09248867584445 81.09248867584448 81.09248867584458
364.0318950257534 334.2620820477089 323.141468004733 300.83862977073113 275.156046445198 246.27109507944635 250.41761736415404 274.1011678343341 289.45593921430884 302.8927916186152 307.303086162011 308.08141637177005
259.4801974257648 304.10252889057705 255.28734012759134 203.32104231890233 168.79811297331543 137.68205281518323 136.2228690966979 125.63731842000195 129.312453550778 124.54648099126062 128.40364173044628 127.22546619321307 129.24455059941786 128.3813558633531 129.518053987369 129.0611007902853
132.09987883749585 70.18900918485517 41.98275135107612 31.625935586268188 29.4542244852231 25.03130264586905 19.756202811914942 17.489980462251747 16.119514794692765 15.2922395383036 12.389338279391312 12.945892034858266 14.26708020351011 15.37386092026347 16.143324697859903 16.63701794673919 16.940046348645676 17.117003982910386 17.215054850571253 17.276651510537434 17.3107533223513 17.33357867135834 17.34401772610698 17.349592116170317 17.35558884302625 17.359993810029845 17.361408490720233 17.365111531842587 15.494537643395956 16.24379213756781 16.04508957280324 14.675793393637425 16.13075992244158 15.744647108797272 16.781293474951635 14.835624009475545 12.43005814437545 15.499765026105194 15.49976502610153 13.624848173713374 10.76926718278555 10.769267182777046 10.769267182785276 10.769267182779052 13.5800781828711 13.562035807221054 10.720030827422864 13.890698352169146 13.89069835216558 13.890698352165025 13.890698352164412 13.890698352164353 13.890698352163582 15.374894834946446 15.374894834953876 15.374894834954972 15.374894834955365 15.374894834955766 15.374894834955365 15.374894834955766 15.374894834955377 15.374894834955766 12.159485260256716 12.159485260256192 12.159485260255773 12.159485260255709 12.159485260255437 12.159485260255428 12.159485260255378 12.058627853093386 12.05862785309709 12.058627853099182 12.05862785309919 12.033131400336508 12.033131400335137 12.03313140033412 13.244164977443187 13.244164977445012 13.244164977445529 13.244164977445651 13.24416497744555 13.244164977445651 13.24416497744555 8.222270291231087 8.22227029122478 8.222270291221289 8.222270291224756 8.222270291221296 11.449531304755714 11.449531304752258 11.449531304751966 11.44953130475151 11.44953130475171 11.449531304751607 11.44953130475197 11.449531304751574 11.44953130475188 11.449531304751558 11.44953130475197 11.44953130475152
317.01208917016993 290.4621947205837 251.37963997478266 181.48253034589405 135.2378143635391 55.10549423182003 16.39922606641973 6.512285967191229 11.737767374108454 12.18212381535569 14.567840139826242 14.140882622670278 14.955632904156676 14.52349683033377
275.78567907254865 211.42740985745834 225.08659330592104 209.8481773979747 233.7949566680557 249.95191096757398 262.2289354005104 265.54269785407325 267.8415292658536 266.85021524881984 266.27611228253795 266.0347930569346 263.2034922470753
351.8746677885275 288.9756921729146 225.33073515540215 165.51612644623106 98.75637600967539 63.37506684941362 54.87641654636656 60.38525411626728 60.440940504256986 59.99960371932648 58.12317695813758 57.565179697322385 57.30479441980037 56.493308615032056 57.05181328253035
167.05459339842577 211.73623821539215 145.11585742901767 164.31945316814614 170.3745800578499 192.21493759000225 201.32940148774838 206.68867930848936 201.63888332140021 201.8855071512966 198.24278211240755 196.60172092051945 195.61168371450856 195.06240196673727 190.5235638253322
314.45427587026364 347.4029924163258 308.63922256204637 327.37409233653796 359.1631476399735 353.19900941791514 355.17185680484397 352.2297396577818 345.66507814285495 347.7009773542269 344.3607828576797 340.69031117664855 341.2226653470888 335.7272748332853
205.75892664652164 264.28328034038395 244.6638409717094 245.45811209608055 245.91894542419288 270.21557076616153 280.9526362156145 283.8041703934962 288.68085778252464
72.06979721078683 170.85426865596395 104.69575711678587 114.40264121963277 115.5205464458159 118.16101501948998
397.3516157829581 380.65297699850385 356.03116953648214 385.7904790597835 417.11959987903464 435.80186691444896 445.3838609377349 447.4761352429875 444.3359697642923 443.33508203516794 444.5196200403951 441.9166026937931 441.59730865083395 445.15233625220316 442.8937853315532 442.5149893215195 445.38460333750186
365.45489599065917 275.87655510716075 330.99219513844264 335.0127250909926 405.2834267463065 403.76968035140214 450.28018815456716 473.3132130267436 485.2614661826179 490.0800224402588 488.91200676195234 489.83909792470433 488.1473511584746 489.05189267046836 487.51560995797706 488.6160086863943 487.27420329865066 488.50881215112344 487.19137847865983 488.4680576384359 487.13278935597464 488.4496736082655 491.21064504817804 487.84340457129116 483.112468743513
222.53137181488796 240.42261119325636 178.89341174302473 175.36804856165458 110.66361744660985 83.75792481535933 51.19959802943935 41.1179625845639 34.30395809453669 33.50370853173428 34.27389878209241 33.59279085434195
397.6716966438024 282.9624373500736 267.61352345251447 193.97699850129428 159.7010112928276 134.88615518460145 131.58506843296632 122.1762583623535 123.60628695878927 116.17591275068419 120.17363095256427 115.04629765248863 117.80109778710487 114.4731269247782 117.74753155735536 115.09404334055743
267.9160291281458 196.31203957163376 143.58211463599596 65.56925712229643 43.169793632917774 35.571204204545076 30.95939713873023 29.71506058436923 30.187395413293757 28.130172538084622
224.00235669701812 152.93215762658616 150.20414526289363 112.3744960338323 72.01885263577061 4.499726456768135 32.163327400266915 50.714268794259795 54.07421735201797 58.38645265172236 58.47662687401705 59.18304155871022 58.53273517382644 55.431542769113996
209.48630397216064 224.67805836918785 154.25498829671346 99.26489059692591 78.8665356517839 59.74680361865488 55.44062583702214 52.157540925103625 55.10145947863961 52.948975572781535 55.08828969601569 52.448177083699186
328.8636950352727 360.01975215745483 400.9133655487312 421.60619314423485 428.7368926524205 430.5343435163107 433.0932991507967 431.97403722126046 431.12757454664813 430.5195999914066
269.6720943385931 219.31928545180398 191.81609870915483 115.35933816318656 56.6582520557671 19.223126960282567 6.864930818107535 13.079647783213588 17.480156004246098 13.132198923113947 17.884895599545743 12.468473199072898 18.261964469051506 12.59445986302034 19.418991525675796 13.608596424317222 20.68638055185103 14.998386114358198 21.532471803596604
190.84831523106627 132.81851046678224 90.55057195887785 73.75982200119883 64.48459275072399 58.14938139841598 54.68097583867806 54.113859022845446 54.428905266178795 54.16425299689798 54.22844077619924 53.96843074360791 53.82496322784536 53.68450642339553 53.57620715317826 53.47897190137478 53.39715204099118
