254.7790499528589 225.19708123948595 226.78495520541614 221.23056424420406 179.55824787839154 49.04192359612197 113.9209789977717 46.12925422094221 136.7280360082073 61.6354052965505 67.57293775005951 20.369830739042758 28.065225717344404
371.8146115378957 346.79151724273885 322.943199043619 136.31754579666455 146.0471749880609 45.53269576755998 56.02080764017663 20.24077737472505 26.425104602126105 7.7122502142748575 20.33547250896474 22.537897628031434 23.74171208286326 30.72027908550449 31.726296427065474 32.47750970661461 32.72230805148669 27.20006522735631 20.920970336827455 17.70551982590949 17.196268688294275 16.855558779161253 6.787201180374164 7.308266216885329
194.65273121084988 139.40700348589831 140.90573609064765 128.76147576834606 91.16605622574966 94.17139355438975 36.51662235051927 40.91575840031192 2.6877172031290137 15.16244206684051 17.440738507820477 22.408646759386773 23.198025880540563 28.845555605403057 28.15691153144384 27.62517358035333 12.797886202149733 11.91763248989625 10.511059684289398 13.34007637482552
359.4876678993472 339.0354133935851 300.985510314689 263.8188270568308 213.6923174612765 221.72225955324976 104.91085836928727 100.7823655505415 37.636279762030036 38.94403175830369 19.28832778274807 21.04315072470771 11.588852575162672 12.4289240885993 10.71505828347144 10.599278411680185 11.432137330631628 10.847746146378418 11.710570308823986 10.914292832334601
171.7166326368406 56.91482840601239 76.92225227017155 91.52863529366093 67.97079533790792 72.72797089876875 147.47784858830144 101.33117740375273 153.89865418084673 70.74091330462674 116.15279564688078 62.75563879528959 48.68553720624987 5.878145641567005
292.49729492221775 264.11111432621715 121.78344395132001 116.5861445994954 59.62925283179099 55.397242031939015 51.48855776573218 51.46086822639636 56.683286269028805 55.26694397313532 55.28809739501863 54.431761563479704 36.118419745111176 34.00448723469001 10.454998487862271 7.820980392463134
185.9809492504795 176.25291340941877 100.39390911084378 103.23137481646005 40.95817035879367 23.000503621446057 27.154623685408662 4.394897334978848 4.33332710818657 6.315635568714366 5.536906233839305 7.668395631500897 7.932736220563295
137.22000337056852 237.7335592563223 241.65321122300102 316.862626833708 317.6856780222052 371.9844449602038 362.27144492150467 371.82991156685966 174.38231500297908 206.49401675422072 220.0348467703105 87.93719492830115 23.060537007208687 34.047874513218034 5.24967872694555 13.488087483830231
302.6146204945829 284.83691618548096 323.2955061808521 310.3901072743549 138.11804973969012 159.40427070033837 138.60942066908044 87.17950003789362 67.07139207805947 23.2207853269254 25.967708075073475 23.464318867934576 27.546911535055443 25.534724048057242 28.273189270263472 26.67606351971481 17.443946028999655 10.47316177280818
236.71813947065496 190.8610390178332 272.5109834149577 143.13993687174528 131.85728051276732 254.2067602964494 93.88640520763158 37.612872152202414 45.14019102011769 39.9487383982481 19.065312782800387 24.260744636157046
206.70369726543646 152.57276698784764 162.0249421717071 163.00482971142634 108.0610804737918 49.825566571050324 57.24227586764328 21.144958630472726 21.16918828639693 18.176838480809916 16.807972133878543 6.289011285247611 7.355627009433506 11.53600374171689 7.828320731080983 7.909617392011119 2.424493060268026 4.867757534991224
417.24350567123076 400.23524929671646 246.37273789734274 240.14241597182917 118.45194207065448 50.12120634438146 59.52001653695628 25.557681684547997 17.178773030813414 19.74707145109629 15.815469208047322 6.6413597600314 7.722140463557615
119.07993875103621 151.42759951294045 126.96396705422083 78.92421209490462 46.95113590921999 51.000997259019826 14.20988423827151 7.894667925404098 5.238349704024596 6.203170403388435 6.609924865960126 6.740209500148969 8.329928918916337 11.010272993087826 10.734007553809683
359.8267211870437 354.78574280236637 344.2773180387351 335.12575362637943 372.9754694015315 363.3398197814761 247.3859183756056 105.14288044075845 146.40881215084127 55.66629745476559 67.24275579695811
317.5904801281886 293.2402808879306 161.5555149174617 138.87370256543855 62.212871701393865 61.021842483397734 30.307494671150778 23.91782919884947 6.919536213253674 8.616121816192562 3.556155042480311 3.181514344537076 3.4899151167758142 8.37752772275023 8.91035798565952 9.439876661570192 9.966623162419328 10.383189921593361 10.577989454411275 9.276583502463625 9.4442895711316 9.567204912619674 9.644876736731318 9.797949928441033 8.724740014190449 7.802753837809354
393.55245672301805 385.958134550667 367.7611598080881 354.0999344172461 396.0201397615656 375.10117269044144 427.5431880495628 421.9108591677594 209.98872225517155 131.90080532293393 109.21183710559134 44.53829842057152 30.202954979997642 13.259310354215081 7.48428168397585
318.87123974243303 297.92482168775854 239.5741169659741 236.56417929433712 189.68355125833685 198.24242699674977 116.2515407348648 49.98973325749056 52.05968125713336 15.265711255341312 21.747238711632107
171.51683908646805 153.8125977338831 181.6549441432339 143.61880888915613 157.48597768362555 156.00617454357604 70.33828284932876 76.4778210939232 23.961892876669197 7.898885576465674 12.493361054313608 54.040700669121094 55.91197287290298 57.011084511810104 56.60995779504033 49.41799029954056 14.871372691600918 18.101088455541664 5.5319280429982465 6.251196619215617
342.271857832375 331.286548651955 258.6177117415484 243.83975095140227 182.17507126041127 174.82436673163124 131.58217702112353 127.27083578873653 134.3276361600616 63.016672094757446 62.5714326542223 15.873258990197202 19.564195421333803 19.177407726898725 18.052542207015033 28.62907525866599 28.44486108599296 28.007743117707225 6.743996533156097 9.18993130337841 12.87006460830818 13.280733132448097 13.265112615587764 13.506846731981755 14.412823524678227 14.774590135770943 15.00480068167895 15.23254636335645 15.618428719366307 14.200059618827128 5.213627250610154 3.0685867509312903 1.340862536704591 2.4879515645871857
341.14954665428763 323.3772317539366 201.5146537504047 137.8783315257882 141.22320067040002 45.470082532290355 20.813621940763166 19.818624770994994 23.53226783314261 26.773451000685736 8.598544566351086
349.9070282762676 320.88462994650513 318.53748009049735 278.21968729913976 278.1051144199062 274.1729498521249 148.9323244178278 145.91539289631254 68.17646887586905 25.51412779613878 36.829919884696146
327.9447119165794 288.75792249808734 133.99407049193198 141.5463121851605 53.83298206936024 65.603491392806 27.97338603669324 31.55647134437217 15.922798059011411 17.842587655391178 14.279936796206302 27.2956702700516 32.79987930426942 23.39831837135311 19.435636346970483
193.59636724759733 77.90139828774178 92.59359171514254 93.75062796587783 72.38318130713935 71.39195196444825 61.861265523909395 24.223516131952714 38.48034318334022 23.105492035037198 10.428208674242471 10.167900603740446 11.045723856504475 10.400214589172998
281.229955921651 262.0831846398797 206.77259981546266 205.0794465583089 196.01989496979817 199.41050980421093 198.3057927456457 202.81014672277013 115.51826266600732 73.15251963262156 60.555164317459834 31.60684031208426 14.643465161629269 10.809681233025644
148.62062817881642 145.45986852374764 130.7503492433219 114.4543879646575 60.9988104777391 67.72221101984117 17.90966139059575 14.719839943964086 8.949615234382753 15.050771554050579 8.492971819792912 4.097296215302244 4.3780889859029415 2.4964617981761013 0.3397030546452619 13.737446235795687 13.930793022721916 9.740364855266137 10.3290536340172
327.9946472177832 318.1119224084638 269.0978576260897 268.9374018779197 223.24158252677674 233.20843931656657 229.16944464108724 226.87854944739388 228.08108941851037 224.09237933111103 241.87825373433697 196.55848490718526 204.06624872509735 201.96422334733626 218.49549036900513 141.7900030491595 182.3086471516165 196.21990431123717 208.32610710889443 192.18227199925465 192.02523578187132 142.85459531609928 84.60441593526467 117.50787965093564 42.8284181343251 9.391968876135667 21.509473231561135 2.2351219554663286 5.463827062027509 9.179417163493197 7.290034543153426
244.37057664274585 147.65547211794765 105.442929710285 104.42586822684736 84.52342395086464 81.1935810280593 54.7463275497416 51.23815357891014 28.6716088595656 14.037922062878893 14.30063944353993 5.672554902192406 6.185769590339253 5.8805896900767145
156.66734895691408 124.9191951943802 14.952581181436246 12.070616279083445 162.4084226768366 28.665697920845115 69.54318844971105 61.119732671341964 54.078673363020975 49.24508388253616 44.39782117229866 44.61638651713742 46.43451574262268 41.318523169207275 43.365401041734955
315.14875653886276 260.87162774677176 251.64023900429618 229.1038124188643 126.43397810742188 93.027323429601 105.51028232941027 51.52452810968177 37.684840138214 18.373997982961615 22.371242686982995 12.813292128349065 16.59555710933842
