282.679535291592 298.95890665777495 241.49628497946156 204.6453623072852 204.40204257242436 209.58259473412573 248.8775039406187 272.9906983605303 281.2870641134517
287.37605290094837 220.39239221466005 142.49026319741657 171.55073885573205 153.12724823987983 167.1285757727465 234.6316202945166 232.35314603776052 252.4072428792037 233.255468963281 219.47972162688953 215.56645452949414
184.31774078667803 167.54216639832802 185.03765441081745 115.36893211239921 77.18475855904235 46.742649437499374 111.45208357164046 66.12291945440353 160.9771008809821 102.49090804780246 102.84927564271321 146.01606433767583 73.52918661453795 115.62718079145533 74.16999425019287 138.25981730990407 65.12568782404563 158.36540575626543 112.74028594067424 139.6812457223447 170.64316090086146 87.41001771103498 144.42270285451528 111.91189988983331 165.9587305153056 101.67807475396208 155.12199849962 84.05019321438107 142.06182321919098 173.23087104330807 88.66682821087323 152.2460635419633 180.28427509552176
140.60864804342768 223.571401687374 240.4238034897648 183.57069308938415 106.177946679942 50.99745205729048 132.4276340854984 80.9816833495241 158.79122062878926 170.03635908366928 104.15408379281162 67.88716855575856 23.0396496770648 38.37223943359893 24.697204605981764 27.674733542812003 28.92342426399009 163.47928151657112 112.74056227435443 162.19955838991118
162.69398866870915 192.54512867362186 112.31707296367804 66.96288882370297 51.85680757336617 24.645685716383362 14.90257112153966 20.095610715778868 77.99877935738854 40.43536725637305 202.54530880718028 160.59079218158595 144.06938174100912 174.85500378190608 141.1639227779633 89.8000130500127 112.58109894300263
203.9383542794268 124.59616255084 289.14916578272704 297.07349935575144 205.7712177163144 138.62846433798862 303.2203133560455 280.2516374166775 200.01000729934532
243.46955683620482 252.4867824670167 199.50247064714134 186.28246666921174 227.12308499287323 171.8872358724967 117.25797630393421 132.2506586366977 83.76248479974454 88.56507832623537 177.1627069854883 149.0752483972913 97.71762018366309 101.913090409986 68.98138460639495 69.59735731866543 170.30935754991327 147.77734608145562
310.28275808554076 244.36319187727676 186.4768822632775 97.61964135834756 252.5435485143646 465.52276806660734 310.22309647690525 252.68755889080046 184.39736702543607
348.4149303773203 287.49102127665503 266.419090574816 265.9384043586722 262.2170874994879 260.4717125112766 249.9449700803459 244.33394800537982
230.30901535120043 188.96041662461832 145.88372551776592 122.99309027881088 114.28793666632447 152.30469767432425 140.42097667389515 134.0707997473652
374.11785816945275 326.4505091641386 302.1720612785452 305.7154435202616 263.34902934564485 223.86007078441813 215.58036854911694 226.03936612944398 355.7851169899775 337.50373525787404 262.98745124478705 253.89593847733138 246.60064615882476 243.91959175053714 193.2342842241787 210.0816879853154 184.83515596892065 162.36228642107992 184.39866789014164 164.87566816605235 333.5585796542766 338.8451588740308 261.14548602227603 237.6001481995028 225.07144347804774 176.48888497538042 145.08627269459035 169.60642011803597 135.39588321037044 130.9759833929376
259.8564649355838 207.76609733357253 240.75349343380807 212.58950144570161 180.73293115145026 125.75423062435138 80.9884252285714 48.968710737726575 189.6351384593589 233.4299271080173 273.0943374324842 265.5362516779088 172.50731758179754 205.38939140594943 182.55314535109355 190.95178274045333
268.01034789408834 271.6909925897039 212.71277588743197 194.77772340830407 119.11348945044035 50.7043337663475 41.52899094563288 164.82827346623 184.02187850145285 224.20370045742888 220.9935239248653 233.88763856709176
124.72699800013231 95.13591230455185 55.1952523925916 34.384971490631656 38.9045327441815 117.81543094847444 131.32646756953872 124.74320813818267 78.18448660048276 36.19887991196375 29.0673787686516 21.975013461200405 38.312692088624274 169.8063595413606 193.5487197536461 127.43425297585716 231.39272602791766 81.36871832461479 113.29190387971606 38.44652111485798 37.07549472351166 210.9708261066926 184.592202235035 116.59897860812117 289.13081212095784 131.96738843509675 272.8337548553352
232.89224485771737 271.088711489298 286.8405362739949 160.93164094150353 104.64107380132792 79.30627792362286 70.82054171488925 57.15582291304088 38.764049921845896 56.762282813228516 59.851272248771686 50.314443952474576 34.84837158441649 40.951433607604166 28.43904715588536 38.008759169357695 37.398061771869195 25.700047892460333 35.541278139061454 41.108967742703676 74.67729457589206 96.0402362337563 78.34250239174028 109.85207754169994 89.01768264851108 95.07606857172775 42.82511952774968 78.47574623333664
142.31397449318843 84.72066240082425 150.39740021090273 181.67613918440333 88.97152484797238 41.4729897009155 134.3025858809175 206.21808977452747 97.30843438040519 33.30118734945766 138.31454545435886 214.0535075645539 103.55620395821852 33.139252542105254 140.80929435048319 218.51035689636086 103.36466295105649 34.956446871942596 142.94613216874444 220.0460798206924
142.85242279966621 180.12495271004425 97.12474163366821 61.52165564981108 275.8807992570493 352.1943745722311 166.68899310099107 215.0903295594042 70.83410579848506 23.282555156435578 319.222879375293 390.28324204222605 179.66194821893632 189.0318853333476 56.60175724370196 10.748483941731525 324.6850228746426 391.9636117100559
285.8209880831858 221.95494588622853 127.77943916816963 93.25821293949055 67.51202661484352 127.58088809976525 89.08897705240001 64.82653490939671 136.93823347888602 93.87269245293716 67.80208066585931 135.31424941719658 96.59063377612873 70.61870531327821
171.91215015085115 288.80828836392266 217.83070131367126 305.8276408576581 267.1997908454585 250.90327143351382 221.40246144986432 222.03210034655984 204.83427117169023
274.9578637702522 279.9831361549517 229.22819182659782 203.0867234437893 263.7125857540385 313.8251132387079 266.4645684373374 221.8565593902052 264.46992977476094 266.15477497299554 271.56835435134593 277.3771982669939
339.6730947582009 245.00378338620217 245.57629826103036 141.67446605538672 131.76542266989495 253.72810694262805 188.04760803668336 119.78557738133523 102.94434361007265
283.0097964484861 189.46527971735546 123.17764969271921 152.63964381713936 148.22871231607502 132.0696281981214 148.57893279328516 59.0214082412933
233.39913025158853 263.7138923542787 253.43531525808834 233.06727598019853 192.04874754234504 177.3121162687199 285.35820391716584 272.4798706959837 234.6841230719302 200.3039037388119 179.78984954033308 170.9355689759661 203.48486058231975 205.5936640084998 207.04602635413423 226.70825432952662
224.3378974171124 135.63704035308015 146.20103516455308 100.17094874845253 56.82655426405768 42.085052208511776 193.74913473043154 276.46530312111173 91.20361354440851 74.43682330207946 61.52407907985595 90.00678657631921 62.98575866654728 53.45948150332618 49.868146338710694 169.8632825154439 274.11155808011233 84.46016595805055
124.19655342887167 53.78271740119576 41.22504814333237 37.5900267454283 50.64293178174711 123.15108449364223 44.89683012501143 13.95466030113322 19.313018832947282 25.861367107246707 91.2148540365474 155.80113631556299 67.67707927812066 12.471789701370136 12.34770549516525 23.42227578080058
167.59358129439008 209.25158279545343 155.21375438117724 152.48739233098064 189.59991593598176 234.65592096456584 262.35505704584057 273.2072443110483 228.8831249441264 275.51894670988935 365.76269551211533 323.4696419655908 386.9417731455692 460.5561205977358 364.72260103016583 320.11467501616056 371.1698304820951 447.0062458026676 342.40576814089985 305.9111357670635 330.0063630810418
242.39677668431997 238.8480633923992 250.5926281649182 269.46103562345075 334.7178071636537 289.9889397665907 291.17151026384596 283.0316562361045 228.23312480308883 253.4461573466667 286.6573590815566 300.1774832286558 314.6262428798404 301.94021513068554
174.47030919282048 222.81927719910234 169.15029958878364 205.5491395003448 255.0038607842685 252.3867940142465 266.2873252604873 271.55070490089935 282.55950841019427 266.19102864169645 285.2718917686583 286.2792593417636 285.5673021852741
290.054954751169 288.3053109427433 285.3430298664695 219.37640986483694 260.9994959709223 289.6756570343493 300.4167292955964 299.74895743536086 321.2066782739929 216.07188709409812 274.3529899569918
292.4649882189538 320.032018953249 280.3607251500851 263.4690402181508 381.16363910329073 348.4254297759851 221.17931404149385 164.22840229638308 136.10750479597738 82.8995246898608 66.48330533435252 331.8318121942691 190.595965991236 116.27806516768715 72.24446778525824 75.34253306087481 54.530793892997785 57.746633546322265 254.9433382933611 138.11033012727253 108.08738696206785 81.30055030982304 66.70490387452334 66.65082610859068
291.51576701786365 239.66162721682215 356.57603318859924 247.41368187098405 138.0108865475716 383.0884335173527
290.632951064206 299.6268946976363 252.32277922986418 210.58145791245252 163.37586510345085 97.07222588186251 288.958868494406 290.5054273090287 260.91353295103625 241.3747267716029 243.66672627890415 273.1969434212725 291.35676185681893 218.84572284529273 221.2722443765189 229.56059458289727 226.12285615755994 221.29652596628063 238.36107765163396 258.6993925642288 300.8157626123423 305.3965988725111 377.2180975946433 218.06443710210627 155.66613994052432 221.27900267561031
281.5745992785368 223.0509670590446 201.9398378735579 122.56300507702983 152.8996283269472 344.96114422729295 195.79977420719422 97.92349269653164 123.82569988000104 82.8450643180825 79.82772768223292 55.49857148367507 169.10444727096473 328.37202976307645 200.41044278368864
347.88824160089604 282.8193002863283 225.5094903509381 260.60773252542026 244.41910726372728 235.89577214309085 238.96445922999823 218.38480548747378
187.07218917890145 200.50415033283736 127.70593146878684 66.78470006355795 239.0126471247426 295.92452280563845 357.4051649389565 318.447834372127 227.13350302667325 100.24472733871436 32.38276469094909 230.49862012816098 298.5405972823167 358.94470783011354 363.5433476362634 281.27435560566215 157.48042212305197 53.83893692131452 258.33146137843323 302.51683213468874
336.48378675260284 254.73815305173562 192.24539812185 168.75743971074837 125.46866743733023 148.90642638255872 108.48594593945907 88.81910454775144 146.68406105501197 101.98603465271898 87.56355853041939 158.7450898337354 105.99797398831981 89.41545240033207 162.36272102098803 107.64693068612554 90.42516605415398
196.27591283616712 178.69585832351427 107.37830175576617 93.94546355415056 131.17759221684878 243.77306683672828 164.68172867620547 263.5912508923162 148.02939972389137 80.76451658123845 43.37258927560936 25.868011172555963 45.5999417333528 276.4069997128414 149.01138428804828 258.8007820190763 129.0701860904581 73.01129672905711 44.20681692023306 33.95172177116357
324.28283013284266 301.1749284440132 319.5211250068491 305.610870255341 404.0591094741572 390.94561016781694 422.87621495329637 369.2703615551087 348.97218679818207 320.91276245913207 304.1125491408326 410.6184498085331 595.1371633611426
303.3670822675666 187.40770989559044 228.7857787038753 226.8092828518381 127.10038039994322 110.71205915772741 107.18314585122623 79.68397930834837 70.97763720837892 78.16483397170099 58.19954394364527 54.100464796470945 56.659600500703554 47.28995472649098
341.8742484948334 290.01095518478195 368.7587976517346 296.7834699779864 291.79714070947176 338.5667065484082 291.41579339872754 284.84907579869946 322.30713772068805 281.11470453018796 273.2878691708459 316.2682496933838 272.4891564634979 263.1373708800452 318.8683721396442 268.74106985999964 259.207781702556 321.3300970562475 267.7636226452662 258.5416557211014 322.6383737161813 267.46188678082194 258.68040839643066 322.56709748895844 267.12905680515763 258.6456325653278 322.73081340602425 267.0389148549536 258.7643713224644 324.9028228740475 268.10375020234454 259.1486088164532 327.0683739102462 269.12831169179884 259.492937071857 327.92778697266994 269.39406645430506 259.47058433943687 327.91845044433967 269.38746160982646 259.44984081582527 327.8355345734024 269.35166972731884 259.53729412877914 327.65751443631467 269.2316822872669 259.4046965871144 327.3048292481202 269.06790273545886 259.39471498815726 327.1236935832691 268.9758771617052 259.401633920619 326.78715336722985 268.94778688074064 259.4014176501501 326.77200604356443 268.81258994816653 259.35713566611986 326.5558374065486 268.69000740688176 259.20176052752055 326.2085623418353 268.62776155004923 259.2644211144556 326.1454395569624 268.5212137806131 259.1076502727247 325.90537426418297 268.55516056659036 259.3604550982429 325.78263430512914 268.50785634292896 259.2318575132719 325.60121377346485 268.412224683927 259.1547531562602 325.5206754961848 268.4073894097384 259.2517253111793 325.34689744248584 268.3486890222372 259.19072812458955 325.14205834794774 268.2667910295614 259.147558327922 325.02365620601313 268.2232128731885 259.1442748851216 325.0224355665786 268.18626715284347 259.1024558699403 324.86983223405724 268.12114366702315 259.1169152528179 324.893966760723 268.1840204180282 259.1554644261496 324.78481770020414 268.1930707435426
368.69947723661824 315.51003927913337 307.1670158756694 302.61413084864324 356.0460437398896 369.7293540929314 337.4767394332411 429.8816509874491 437.6749695177971 533.2554045924132 689.5568798362766 519.3724654486772 495.8910197444941 485.59599749787014 483.2645739804365
325.94227681459483 239.42868932338422 269.6932441155235 254.1757825825468 245.97021573914947 233.6473069396548 168.71711119778723 222.84407838696785 267.2752899560567 309.8545349738034 204.7767153668959 277.58369429075884 153.88044379640505 101.33333370884954
220.8327294158879 244.1107723954162 192.17437385045892 168.03536038450238 357.7842735965108 356.1276393507164 253.35615676640907 242.97642175185504 259.4901407117149 226.94216414013422 210.52469432320382 325.1261554815294 291.37286768968005 223.95737167731514 235.70243064317933 235.0925377480253 198.22242355739255 134.93208778291134 295.8021982965958 261.68539947620485
231.91597522818762 168.66259032644263 127.82526137868197 55.425335503891816 166.0408256389779 224.6668358107963 190.85845769943575 157.62822539157685 142.44452683263142 97.05775630149753 91.4609767501175 36.61727885351203 33.3580593874502 114.56267234197526 184.21556135980694 194.5339557531115 177.82093083772148 106.6637554705576 61.160695515434455 49.67650709822786 34.3958954786511 33.50414951282804
274.20385189780626 340.0612267011088 277.0050727747406 228.13033359322944 200.81923542652066 163.6434905903098 68.96970456836105 127.58533454370475 92.4333384978743 108.65973960995751 182.78291594064228 234.44055156848083 231.7336288317458
256.60416229206425 205.27165037921893 233.72592622245068 201.556040596841 112.62544763170919 92.07406964223964 195.39719960428195 246.6042447918184 296.4225045224891 166.01265293990897 143.60570071864848 130.73832498509165 77.18474926714698 113.09248828640538 69.69813569011326 56.38555611337217
64.23073409411587 144.76696024653856 176.53496480562788 176.18014209528062 197.70261538352707 142.64975707705594 71.90316327843857 61.530833779740995 40.21299378918225 44.6529395740417
279.0090296008901 166.60094034355475 337.16971096984355 337.46458561800654 327.3975801952922 360.7587557043162 254.01800849343084 347.08569707095006 317.8235976216661 339.0223275357857 387.1553920373758 344.3372520664704 355.31441921020235 317.19560169723496 340.92088655066163 369.9565882540106 341.30338208873343 340.6483037242138
321.7753610621375 246.40220431003917 143.50601469100647 122.15007414873412 93.76507045481463 105.5647843160599 84.9479141541719 71.60222780286219 109.95087159786408 89.3165138811966 77.10970053910562 139.28646480596396 99.41847814400415 79.8225349526143 141.66311551594578 101.41202448110685 80.83266354696926 124.54167888831975 99.8744528606548 82.54156614086114 122.21375207079538 100.75204609699288 83.64580943482711 120.96704901562715 101.42442265066023 84.47029342082662 120.11927441108938 101.9098937193756 84.84603317277777 119.3148846717396 102.13420520071907 84.81145257612393 118.59784822254403 101.75554439239835 83.80560612094897 117.83319860796495 100.72237199619506 82.10289488189882 117.1502848201625 98.82862291723517 79.2201679845035 116.56245812785419 96.08671049397466 75.64956022759816 116.12609447272607 92.68777671169177 71.53819224416759 116.09493013370981 88.87730113241957 67.26900949131347 116.23264205176056 85.13390269982769 63.45636413946899 139.13101875986942 87.2381257101765 60.41347578605224 142.28661575655806 86.43144927937583 58.56130442057175 144.14713429071026 85.89930200512647 57.33858723867026 145.65314171377454 85.73842987001007 56.64068473518134
300.51295402002256 303.5282672522089 242.38893748868765 192.2761110822904 377.91585635952265 259.59872109599155 231.12398243946518 264.2180620311672 217.18019413907956 208.72633373638834 343.00679975403506 231.43102424562366 211.28705103697183 252.8878937688031 208.07670990012852 222.81340430227576 286.8988064358576 211.8737994817918 196.74929186274818 222.89158210966156 190.33652747056925 182.63114245020827 225.43662196071648
267.8389019443329 307.94142387851474 341.5133077034795 376.29752120092076 372.85624616963713 406.1705214161592 422.8367907830588 532.379986409247 301.8032595633365 369.67674991804387 360.72821800293053 309.0780270878762 311.91109154635075 330.0661869628329 389.37859547753203 442.81404302104676 382.0258639006922 437.82786625638977 380.9710980204118 528.7854923438123
113.21937979866239 86.58226329485738 60.26862728917205 95.56572340765386 29.945327404189722 19.497054543515215 27.342669562114857 165.90875225628508 72.28538270042026 32.201752804692475 32.53894515378044 188.1319848626395 75.2193352077189 31.959820907344103 35.24765754734542
268.94608936495666 318.43937832614927 320.93678200100396 353.56902800736793 375.40572924113627 372.7881011598079 430.7894212953876 355.38647337784903 233.96270462482457 375.4278547976756 190.8027842325283 213.57714611786207 310.70032287886625 260.16806618997566 325.6254409829039 343.0354775268166
251.94736911366687 168.72938904558498 143.08645765733897 137.88003729760223 116.03566987129197 152.79721244653658 151.86619576674065 145.33047076644343 149.6558296720244 149.55736363432865 147.94155699909345 146.24130325256803
241.56414540575648 155.53136330215366 117.49563554233082 64.89221269479361 38.54728748806876 25.050387483589002 48.20916514798954 158.7249703560061 79.18493546392462 77.78829072853586 34.9141967402827 7.73356529767894 14.670358243353771 11.254697562223322 12.857114568670752 52.91910963134446
315.28696970280964 253.47573097090074 100.55847032813885 149.78031639109233 190.56358944209472 90.88645852947509 140.61250036803054 188.67566656816302 87.12620679401087 141.4568790053452 189.89462015705766 86.76670068946078 142.11973838384705 189.94786798244462 86.50257642312054 142.3162222679505 189.6562733451317 87.46331742342888 143.04172364773413 189.769195102681 107.34511064223449 156.83968907117057 194.8958633146989 227.19939810369453 206.73670404518566 212.586239148173 250.34385780509902 216.10680865252488 214.49882192962954 255.77341306796822 218.5486724534385 214.84870383433594 258.54923290202015 220.4690620830332 215.495546503145 260.5512340700817 222.5889365530888 216.2187668559596 262.1576899016451 225.2171013302708 217.2568556056456 263.6174578420226
336.6807103972314 316.3444656040765 291.04184795593545 293.98350328094216 260.0816033172058 148.82084073830939 208.0586070709931 201.21922838800526 254.0000114234155 275.63015493221525 200.52809826445585 159.6869089554411 120.93109829076454 62.64108343613722 40.04152413414371 37.393288807717646 32.51071226254262 83.25427208081562 55.87786933688853 205.74969703583312 238.25115265665107 166.59394070761536 198.01467317764735 139.37034608400538 66.02616611456266 95.88447391530292 66.86617532927741 70.26361168922791
257.5810916524271 279.13795793391785 188.3493006907001 191.0217200958972 231.08204045832298 114.77098092705914 79.16934133595385 46.1372302753158 61.653019543526106 122.70494186599213 64.09908464983278 43.21465845994882 38.961067997476995
364.9904968042692 349.89443030104434 167.90076341932237 103.9360679097494 233.32661944624584 326.4435797868458 139.97582276118496 131.8692195255154 224.86848324277196 290.84366361747414 138.36152546194612 139.93126058469005 195.45818663312713 238.74999369951644 139.03607461499087 164.85195838456826
327.8312099236924 261.9062884365182 246.60871609308685 205.02134966179912 216.2867685436755 335.2027622199881 195.08731141640905 273.06906674851825 176.5008136031391 122.55970233708292 80.43953804947219 126.03955516368657 317.63703673618244 166.84240683207904 237.80143130799112 148.6761299763594 104.74132073859099 79.22324171674167 112.90672364456293 226.19304231408972 160.1196789094215 175.54634602283775 116.20099191550057 87.04167188350424 77.0992385507745 108.5198716583382 222.0084488800995 163.40827598522134 176.4370145721347 116.64743121727027 86.39653356919445 76.83472789626875 112.20256240337257 223.5907509357981 157.07278856217408 172.5632423159745 114.78197326080104 85.92753190982857 77.74104754256119
359.25193403111695 271.74282610869045 236.40821455234075 137.9114765868223 172.1460125870079 326.17196070069656 250.99025233024622 247.4077983002787 222.297377009261 227.39713066431975 216.08010294402163 175.1460050262576 333.2306439451705 266.02571059970836
282.4277615841999 265.2477806884876 316.3353919616611 315.10285370133727 241.26812145773872 252.72260912442044 374.7195405264701 385.65311476668074 364.7592927789182 335.1801146906177 316.10622859078165 197.91709250414047 270.12447433217875 226.40943504996 110.35343859579564 80.96636951073299 76.12944361365165 317.68526810337903
343.0872358363859 323.7076490027275 314.1354565505279 244.62463465994762 275.6588904274968 361.7583701853803 309.55803267907913 321.893765093735 236.58747931128875 276.0603743602872 289.69829449860697 304.6221664740302
254.86672813097115 213.80616212716896 150.82026691862265 128.5947753445598 79.36499530293489 49.26352894790082 23.722709299227763 146.30313786925723 205.71795175204932 186.08707323883937 263.0732066716911 238.63520659416653 224.18644690604515 153.45557732563077 180.44992513288372 131.0537257778371 84.7677643237119 29.098876481871805 308.1557062353575 259.86807980313057 234.10583473910083 256.23547034357426 231.71648565801104 239.36587818429098 164.00310478971718 209.09121932615614 190.89743588934942 99.11200647901752 42.54752871018949 312.29619126766755 240.91454056638372 222.14237406783644 239.8783254903929 222.98155618835267 236.84149403011904 158.54505636465538 209.50496929462645 195.72468223749735 102.27585013075995 85.56551001409403 320.8597886266787
233.38122782092154 271.88582044107363 220.50044364520073 153.4843718804136 106.84198890991817 68.43805907651152 42.06854857522197 31.625267586085112 80.67598353843644 146.4460438594981 18.715543670308712 134.9310957524982 98.36041276974315 101.6745066361233 60.26632772658536 36.10851348232838 29.042172663475803 38.46166700102063 34.6859548538549 29.598650072834285 165.59248958013168 148.77334995621945 32.22413675190509 152.86071962178198 91.39371211949049 158.27410471971262 74.26196586748645 33.57333451816054
277.559896734671 199.4472924335046 177.65265401397463 232.60593397100706 237.9286378362555 226.7124068216614 209.35264741127247 306.0309497316295 232.44479562524282 238.18557275801615 256.45418316058857 237.4871749586519 294.7718968724586 274.1913923613208 253.4561850716752 215.904389625128 265.9564217357862 209.42406598484726 207.06212724945635 200.72493933920816 203.33709723650654 208.84560636738448 193.62001091466263 113.82956927880885 196.91192688795581 294.29347576629823
220.0822086865659 157.01498797106194 376.8298607829111 323.42043289206197 202.01953889472415 126.27115856510036 358.6868502831609 320.0566286617025 189.6114498470708 126.98271202633188 372.80952566982444 319.5026139671049 197.15533570561436 158.9774188803376 393.92627435597115 318.56866705549766 216.26447408327994 208.16205461225965 403.96140842495464 316.87699393522394 230.3643191630549 236.31939722873946 408.9185070301762 314.95528227435307 236.26705986620325 246.34021147416047 409.6908429288271 313.2094902334001
333.4277430805286 240.00856568495567 194.62390507757632 133.7191840589991 234.99940356109198 379.6601408176567 271.5805857748339 235.73826303868054 171.1289424267368 143.5724582136788 134.49260533137732 266.27807992291486 403.56989966802735 258.9112993841776 174.2661166517813 141.0476201789042 131.98959285393573 129.22223177439787
269.05305592731133 204.37697908980493 157.7376404634187 101.16615021131258 306.2138517365416 355.11031786706275 276.32373233950364 369.04945413645055 284.33166870080436 159.61619229381446 98.19896795208504 74.02332467802651 325.7073698155246 332.143395876871 303.86148042150177 372.02542644175617 257.2551040330033 143.86675652755233 86.99822795440066
359.8981798645642 301.0541093655235 334.08764412192556 364.12129059242596 370.6797670316808 367.68757723178334 358.51548295242264 418.18115958001334 447.454117486408 439.3164389689589 389.4989823629947 404.85391439327657 387.2557292544319 406.90904870887334 394.88867141373026 379.2736879198666 391.389840410704 405.22084118374073 447.6331152471018 472.3607727818376
242.26604368203013 295.80890408935346 230.13418387903047 243.00974665582788 129.99530106725314 103.92736843130038 86.86472689375377 51.30956532728865 53.80872777039697 79.77675256698511 52.73611578729269 36.01007417465215 11.219100862854358 11.970192501161966 60.583491625726005 28.844668448510465 12.982603836244508 3.7625102513149042 2.4512603563537416
185.86961282924273 244.23934783020798 149.5269106392414 85.35344640433225 183.3814360020131 213.2304344690932 147.40181996535784 139.49824073342998 117.11110632856742 63.365254132159485 47.63305551325666 146.01676613452324 213.72630682110992 155.63658972414802 117.8843475426322 83.59343703008976 54.47858746823028 43.83989950297731 127.38899064462974 210.63797823979104 155.48222742913944 123.26330658039183 84.39328165142152 53.54320088635743 43.675125869465674
189.6911468399139 238.92916032481497 262.8039854690116 236.9432206894109 222.20971143306207 208.59257473941864 212.85227811975176 173.87220718252252 322.0449728188508 233.85651283493578 247.08206220096602 241.11298203269737 290.9958770337314
310.9093919702401 274.0646390401059 219.47381071082668 133.26208199102408 222.50857596731367 197.89397603120963 256.09526687710826 216.97369492758904 193.3763355409084 160.40629368059373 170.6095147909491 139.53376748730517 190.27772250525646 170.0422751681097
352.40090752228963 240.84245006356647 230.7662033684908 142.59309629536227 108.3431048946924 91.68163742948819 91.72303484486393 82.83705606412786 79.47868725239057
129.98001120302152 161.3022119046831 83.46829081621871 60.21598879750794 225.1341635032232 111.00261191375873 45.30596400114172 21.37818492470654 12.979515602833684 252.2741574411912 105.2486148394861 36.515247042921345 16.861340186731116 12.18153130433865 258.0725618964103 98.9393995485935 38.37893249878924 19.575000110309833 15.755791045486925 281.4094534138508 104.64516006096858 42.566922185009446 25.605749179107878 25.273675499160706 304.6666800512219 114.27732254710257 49.65497522438247 35.67025438835661 34.990401070598146 322.58882619303614
290.48157116073435 173.4821725855932 144.04805933902205 226.8294267506882 190.0530408628155 103.70917668438206 137.0429525008369 228.19192163867473 181.06096359140068 94.694364243318 139.12734178486073 224.40685569436246 173.98850865157542 92.51928484070862 144.77280292059356 228.77335100992892 206.59084335205645 105.86682091276501 153.48988310082512 226.99075100321303 214.73227488033223
172.77182771516377 218.02144306004084 156.68131110057723 133.5217961026711 187.5523742903674 328.8415377592658 203.6705633702539 151.529578744493 248.08181306287173 162.52684347159982 249.08813024382695 206.49782760831775 343.2934493393153 118.03552467648737 120.15309035249834 225.94073873788435 124.85679488210674 236.460276737658 225.52645058404556 347.59092119312766 95.04733840533189
225.0602483025306 181.6549358063768 202.83579643290258 233.64698360867104 201.9923435595125 222.1494259159063 118.60486400846871 298.02220589085886 313.0137292405484 313.49982311916136 316.14066476710065 335.2192231475544 337.61816022323876 337.9290412449738 351.13286184168953 339.0440603646018 338.2371918623725 308.10445307779594 325.36929680940653 365.5241652613006
307.287388356897 272.46527371371826 281.8672395748244 313.1700124652717 277.90096033252826 268.8673769001201 244.414715351563 261.3469778372204 364.8429939192513 208.63263464016714 254.3949424838259 210.1027783020487
199.36008297064757 255.4918776321499 226.9323106670932 195.8004135832511 192.20547123997596 197.46582556912065 208.91222558639288 162.68605357020914 171.7471749653882 173.5319389033847 65.29480693275501 126.11588355586427 162.46707100975982 272.9410886816111 226.62472909349307 267.6882366729137 157.77517983617375 178.44015224308848 152.7613984554688 217.50512295855154 140.77873526569377 129.95632491617954 111.32145576160333 118.92412339672927 62.25725473879261 241.49980960305885 203.27230881779832 288.48764844913467
154.56535348159105 245.89150428045764 273.980554467592 157.4262370060025 240.5090903962108 300.77926247717625 146.94469607628363 71.78576020381614 164.99419436419856 137.81854846529694 217.29469706797767 250.00224560626452 150.41298463022076 257.4266589340962 312.1822629282623 190.68249389145456 107.4961892380472 246.75535691436338 177.4302086195149 283.6587418880827 317.0398466815514 213.85644254587973 292.90229508564585 325.46653380380576
275.389694084531 254.39531639731533 303.3881929944005 205.8791373623959 142.95038653237333 71.52313413116192 350.30746225882206 406.88550452418036 297.2286682963035 212.68085263039688 158.82834742441207 327.2209155752884 342.8533648592169 222.20934453437008 191.59380566897156 215.3661795885218 137.72805949538574 129.48648001354627 109.07349843764348 375.0944523044062 479.72049658351614 252.8834709635492 136.71122481427383
269.3410715506001 195.64912791152364 203.17836633249252 124.89196748075683 44.79468059423416 203.2169955149589 85.08145013298831 33.00194434361699 205.35887619599163 80.36181095333342 35.41555893353605 203.86166912109633 78.54840297703396 40.00957817737725 201.54538335314996 76.82611934166547 44.31189988022646
79.87414991049177 126.93688023683009 78.90058230408309 74.68883226981345 141.44829611385072 71.98957618372972 69.57149380235323 74.36583695409055 71.34824357803086 77.39486563360683 170.22731296412246 12.586925828804592 11.66396743815819 53.88857630138277
185.64933606019338 245.30183072297237 133.53102343962877 86.24245702108048 51.02505324540605 40.37175259202956 234.01327186116077 184.4400735123435 110.23687321457037 60.96518324341556 45.66092747177267 41.40900157322745 37.65899067993232 38.77811687375815
87.82449867710497 172.32661247655534 176.60090783654584 172.52780973082525 201.4676005797007 82.211998786653 68.85487214933124 131.38600127554264 98.50886354497504 158.10332364810617 155.06125449908058 62.60472749633515
397.55220071507256 326.6499115623842 224.59198080201443 168.9387219811874 126.45209391785066 156.12234687061706 156.2010956789964 164.2642051022778 174.97226296975992 188.11524873600555
309.5188453899731 320.1193244138761 244.67725044344243 260.0586500262339 352.8115709481148 267.6059248541605 243.25554318385562 185.123986250081 195.5411107659082 287.21338420952503 247.20241523985192 232.88812481879836 222.83709986153505 237.8509870949582 285.25051466437094 280.19359772492476 281.44767747229577 280.62253458901995
312.9538001923936 305.8464054772208 300.90341228599664 222.60287437062303 237.2728586737354 218.00987604872924 169.7958962005625 203.39789475412323 115.72148274066734 122.53584744957439 137.95067980288914 228.9703025671206 296.22047689460777 288.5811935194485 190.1997544371169 130.30202153555933 133.40055143403342
188.57531821048002 155.1057768659945 134.36853739465974 82.7739939255465 52.786245032403016 24.40308592329081 45.14745865947578 59.19343783642039 95.92661328119922 159.83932297444883 158.6995707910172 123.39678727337582 86.88059232651295 48.081512372581784 42.74431800686008 30.20816087744619 26.36662891472053 122.41295596761826 87.54537507262671 120.94508060282851 190.96696533711815 196.61429676019438
307.53240298019404 249.96255198708877 250.07714486351858 174.08518197174487 129.45943101386925 99.93153274878112 87.22928576735819
254.91935413620408 276.7485416768017 180.75652139605404 163.26655741031226 145.25025673445896 91.37033499863632 223.87759642953662 217.94913660914412 141.26280052822727 133.65836842657924 190.92762233823953 106.3338703213857 81.6039499026106 130.8659833588751 79.17220370329449 264.4532711643625 234.50786788237042 168.916634923411 114.39180479548857 172.54981922026994 101.82446323258677 74.15515706829909 65.77787492384836 69.12339260523129 276.2861337113351 183.89043972847625 109.49516357530487 43.16744033410162 20.72515995297343 18.03773596957748 14.155844292646465 12.642881524118254 25.11808472252272 243.62372646038364 179.2299860675536 123.0386307733116
343.1986905393762 331.1627427494097 337.7200161734716 237.7659484474784 341.95851118696237 361.7085907271439 382.545573111798
325.2179586412919 266.3512422211279 282.3562717061496 275.37238711141055 202.02266195038442 329.35008314659143 375.6769064452888 295.69750792823817 368.0184140385502 305.0763010067732 148.73313946013434 362.255064133196 396.5041242083945
271.4712056049164 211.7606347016945 267.9965300360614 173.5042657039373 101.78183747731158 284.3336214755023
336.1381059546348 253.85072326814108 249.10194640932647 206.8306575163434 128.7542369414045 71.25691255055013 94.11588530071423 161.38616501901268 92.5653665375586 65.95744317603211 103.4636702929371 181.12957615866594 96.24834515255642 65.79925589395066 109.44355064192291 223.334615177587
236.94122417062852 273.1985980063342 239.04482924943045 278.2723099501965 261.8855771350294 133.27935165961728 186.8977146331298 133.37312962395026 46.155000316410515 310.9898664575183 231.74665205787727 339.23173231780646 287.74333092818375 168.5182811846288 166.06151221809196 146.8441429453981 73.42360893119348 178.80778956727056 146.81470907622867 66.41726992146619 351.4799697312049 169.5956922225851 316.71415502461474 351.32924467274904 165.15820028703777 110.35810795940257 77.89804407246915
131.7194469214382 217.61593256744004 123.74965408484366 80.69652820761941 88.19391788089412 47.658386781788224 176.68653382936088 163.79471957419085 268.6254972188882 236.95307834065588 201.05654526587202 120.89567642331772 77.41557425787617 115.03767075594374 57.316683695869976 256.8560152085323
146.74411537406783 99.72841570752061 69.01237012284875 87.85789089590554 72.65861753209613 69.77682059175156 80.87936585204397
