258.7837089102617 277.24317719270874 194.78615410611368 126.25804838287088 73.52262705416534 59.584591774609265 57.88175399576548 56.07589496566235 56.94897226042051 55.440642938718625 53.392995575184244 53.24381036819207 51.87587545039504
296.73779578705995 274.50472362812934 178.63311253197386 93.10612774168989 39.986451205445825 32.566462019940026 35.703185129943684 39.45922497015013 38.30848860338378 41.02034941642774 39.61019649281036 41.68858411882895
71.52510227555159 126.796094273045 56.494319356890315 72.75306398668187 37.70562688109482 37.08461535716374 28.019643447152482 33.10844625174116
292.87573114570796 177.69403407608868 212.80804496439555 205.44222673139276 176.0974723816643 177.3803007170913 184.54465996439737 163.62011470987085 165.86157104727147 180.97601743160806 162.9131589777486 173.94132350054517 187.08921129081367 169.96640749070863 178.58630497549362 190.99622576765873 174.48794686026312 181.6728548602446 193.23524113693028 178.1579849281676 184.19898789295073 194.86155244364272
278.7591097204528 278.462123572029 224.89293403443602 175.8342409316758 141.15452244082425 82.13371217203475 45.2924045795704 31.447313240455316 33.34280963492524
271.66107964994677 296.1698871133503 243.07727056590107 193.33152712640117 101.67178515660818 66.90041353788274 46.18745418936171 40.86049797033442 34.3338378305582 39.11664750330935 34.20139832531223 38.97711845779333 38.6108696991599
396.3870022354984 365.4257748962648 258.5459302830318 160.3581386498427 101.03477556751228 74.98246873130722 64.74493436443713 56.39099925404131 55.24261486274771 52.28435345802324 53.042551141528364 51.52763629839212
251.38425723373422 296.7520565663276 227.39475817310097 228.0651568075315 134.4879152880951 60.09527920712564 30.345501054983753 22.49674657431624 17.15904654817171 24.25721263732917 24.08611728986862 23.082174111060304 25.6391330778284 25.738917795044365
192.85340669527028 235.2812813327374 187.3385698407596 146.29043605464724 80.4253986481502 45.389535946626204 31.22442990510822 29.473947178169393 29.676173607055677 30.14473906794617 30.657761298743882 30.90535299758522 31.021269292090892
269.7893062648517 307.55778579346514 304.19374454031225 295.7759147141101 354.88964897103926 380.6765688746361 394.6360172866803 398.5864920026938 403.26884191227407 405.27573428637623 405.89246858327124 405.03433809576313 406.63427392866686
240.14098757984513 231.81393313018734 212.7097349244961 216.86815516010677 197.97640734956684 165.63777734696205 206.38353173861 158.4156911887324 100.2120808310074 95.9247122757471 63.45627150556673 71.54197068043462 69.2090472804366 40.11022264393272 61.973581446970826 59.19004590625279 17.367762109993457 51.61158449414606 46.439233280664794 5.398748829336471 43.419193397314146 39.599062582010596 8.34171380342707
381.47962968479754 332.3401416214843 327.5077007862975 340.3514679640959 332.906960977488 327.2166859661388 326.3007141602087 327.03616801554705 328.21781574294613 327.7725349070093 327.3065211020387 326.7125483478145 324.9296736694887
274.66943197593145 307.00311707429813 257.5461795440677 244.22419820402496 121.51995904778538 63.000983603519366 28.507582642828098 25.353366131498948 19.32662906453285 21.934333192268983 19.207898836041387 22.461828904638587 20.279257953065127 23.400134083123667 21.454042943243113 24.278388185070778 25.052565051542437 26.443547663012215
177.96894693410653 202.03878251820433 90.60418240056397 62.624883588832674 37.3169578485052 22.848855349759575 16.30627922332516 21.858787218967784 26.33104080053091 26.498819310392907
165.4107674193795 99.99001358675798 74.27361827927628 59.266828790463556 54.83593987235958 51.65064415789843 50.533131977834294 45.35826569093716 42.59930789570303 40.98854420923821 40.14885980862894 39.68314119515694 39.443932578278684 39.31759916526426 39.24032034708292 39.198372803206425 39.18352404208191 39.16718646080938 39.15950994292049 39.16235652477673 40.88083750390366 40.07397775328953 41.37932814133325 40.341409906815706 39.788018059798226 43.88035915574273 45.31397728513139 45.070215011219055 44.088714158266605 45.45581686292798 47.13832127674236 42.73985990593819 47.8987151611895 42.929762407670204 45.35837817664149 47.404777799751955 52.482466703863864 44.146913986766634 46.56292089459565 45.12230373500325 51.502152108337114 50.88816891802581 47.20373438596647 50.65845550499506 45.539481078556435 51.25197960777301 48.94601964470552 45.258171625128874 46.11503272060185 51.8264266799093 51.82642667990213 49.35987189054385 44.366367606464294 44.366367606466504 41.03120586635119 41.03120586634874 48.1413628940186 48.141362894017036 48.14136289401719 46.555269116855065 46.55526911684858 46.55526911684829 46.55526911684799 46.555269116847924 46.555269116847846 46.555269116847725 46.55526911684777 46.55526911684779 43.20963488369316 43.20963488369328 43.209634883693425 43.209634883693475 43.209634883693525 43.209634883693525 43.209634883693525 49.680258313632216 49.68025831363677 49.680258313636116 49.68025831363698 49.68025831363622 49.68025831363595 49.68025831363693 49.68025831363622 49.68025831363595 49.68025831363694 49.680258313636166 49.680258313635896 49.68025831363694 49.68025831363622 49.680258313635896 49.68025831363694 49.68025831363622 49.680258313635896 49.68025831363694 49.68025831363622 49.680258313635925 49.68025831363694 49.68025831363622 49.680258313635925 49.68025831363694
355.9022521833484 313.1312503944796 203.34311633479177 129.6266209280604 87.1812683312701 71.39776610421305 64.26577608318014 63.121345072891565
346.7449737156161 215.62966137958375 195.14338595352336 126.73200362195425 111.2659991760685 74.72771041752057 68.80919090585282 55.176655751853644 55.04828021195069 51.16406337896679 53.36381472633419 50.88606559797953
163.92305002198862 239.4184639902882 120.29628016146394 122.08369898811985 58.33137646723906 40.76490070925309 24.933196803274985 22.20223416010397 20.853045424131803 19.99212558761681 13.927799719139013
156.2361063602765 169.27684672005475 143.95902290874977 88.40910112848633 78.39757995908045 63.80258332605805 52.803757787850074 49.390023193043326 49.590703898061214 45.91119795015783 40.0498428862812 43.13005837572417 42.42040483344077 38.7916802450017 40.81152783341575 40.71627128535363 38.64010924696982
