277.1862159991717 250.4426843870202 238.52282392306032 220.3392406837472 163.30378628952775 164.81176408909994 84.04830036315126 19.76512916852583 32.33552514363051 4.06000026860899 19.800459011395763 18.975577437579066 15.756024601178954 15.50627250622976 3.9957352599206897 2.6372336757692274 19.901113238616166 18.029838449668677 17.706343230407715 18.540873874135656
306.23695334606316 289.3462687438306 267.03506541222396 154.40397343087255 98.37202807853846 88.18814993708284 53.83129934143709 17.259073310451704 7.210864063317906
125.0435160938592 76.32073080024382 60.248056211130205 59.556693284043874 69.5096901491604 55.22899837717315 66.32454210386047 66.66449791463688 30.344955697614232 37.567573130470755 39.79113336658762 6.638834166479474 5.376351708834836 7.431732847841543 8.28148546016195 8.503505109587923 4.888669445055333 1.2592449400655596
223.76643677275783 196.34131105707073 210.94191450455534 184.97884234940457 81.00909327359739 31.65869077612926 33.718959557483906 42.55582785596703 40.46464563028037
440.5278984024624 409.8365731112625 369.15400015021925 326.04606057421915 198.00531164229093 112.03972692661311 141.12528336886336 61.33425534701244 33.26429633840453 15.974610676702135 17.300957549914163
363.38951257751796 357.2531381509927 357.02950119609085 304.7612890046321 226.80944543384123 253.98354759717242 144.47193490446912 94.9543432673499 142.13467044330537 55.50331584508057 26.377704074768854 38.693723257234915 16.985031179468084 21.13263893937929 9.639356295607328
179.19974227747844 145.3994466548914 36.37988780612197 24.328406113269587 22.865785971990892 43.24305891364895 53.71816540662022 54.299796095949844 58.19323916769878 59.20500829752818 49.14764884262259
147.8305045391534 185.95710883056253 154.98186151137375 79.97288728907074 48.22272788962331 35.117694389074174 37.23674907302538 23.46963670838525 19.531885155013907 24.771725289427312 21.858323376813424 21.11742455599064 20.819875591727527
165.3708549590795 132.01533164380743 52.36717070750991 38.912508983444305 44.40608046896534 7.6309621860012 25.204035683593318 33.842427172415334 31.68490921610516 28.041389581964662 29.52979459294765 27.1193008716202 26.257872108151098 25.133751742141776 25.24583768747135
388.48017246363304 247.5496944032363 101.72880029525491 212.7294282312227 77.20186947054687 20.65422624636344 268.45721917217804
292.0234211249242 318.08086166321243 308.50170020057135 343.1078162402495 380.2346885333086 370.3065108892596 404.878088841136 419.07638881238535 423.26549979054744 189.85169853004507 321.0007782010483 257.6972967632389 89.51611870920868 47.339408582450325 64.71334998983934
50.2489986773116 46.70933448161325 13.497521933876984 6.09957638125967 11.249559150014596 5.545177668133038 6.303003951213262
87.56548223187615 52.050364033422476 24.331900448891 12.069886766052695 19.19864884996303 18.97312578250663 7.448350507395558 20.864104237564128 1.5245850477099172 1.7954932493848832 5.557039948540169 4.9354442659498785 3.167385065509064 8.154258622787708 8.129107495919175
153.32070821907251 171.6299320635645 144.5823188144422 149.8709487999761 121.9250915775757 138.26465194164743 141.21774668352072 37.61105109216559 10.257337833820637 23.74200657338225 4.972439085595398
284.57216695699424 306.6897983131485 298.75412831184417 335.81830889480744 379.3365743661135 366.01644410510846 164.10049840386216 50.87597291956111 14.46718702396947 47.537603158407485 12.39558730703183 19.497820116767315 20.086479027802238 24.495632920418082 23.283180484713053 25.310857209853868 22.22221586391479 22.71832245633989
140.06732634962196 111.71778631132712 56.740010905816966 86.71623947556978 56.76103746339197 29.04511830260305 30.4526725376919 10.87277280480671 9.923401420508592 11.777769218036978
97.41278607048812 76.90464183700696 100.69804986196523 112.97529637723208 104.83723588683688 118.67995327928236 165.7067645424586 196.00072086505753 236.5995579886111 228.7229458979761 90.86417520098725 195.49737014554148 269.7763578652964 92.07185773081926 225.15510363508338 298.45719306313515 287.9955972349948 109.19946326409237 31.11352216987217 180.75269091183443 282.643055513635 103.04111528164206 31.472548141773476 52.57223665462093 20.193043449482854 29.604739026439695 7.188285741271364 5.907227715168956 5.201020922612715
331.1085176633917 304.92969118815483 141.18496847862903 56.40641235111216 65.71578423582729 28.23371690415036 26.546960876646168 25.372706880460793 28.685592972619435 30.193139714530457 29.485225132962267 20.254822393171754 0.9791972147880386
315.0076499034451 270.4889582894027 269.20353585957866 186.0753431308781 80.08390249467446 90.96047761182086 36.81905059744678 24.05642560491044 27.986524247847267 21.951459999631865 19.58737980651459 20.862368523934308 18.683991729899777 17.151948303377363 18.565571188819366 17.19003912851559 16.59027103661222 16.39170695180448
162.78280266125586 136.63723458335465 135.241488700106 169.34657041272735 197.58232615301958 187.45585045350867 185.39230764964265 76.54526519565644 42.84096549105222 16.186930435355933 18.272892468088283 13.18469713613873 7.134789038744827 6.125989116322737
301.2401852669069 264.6512386891429 258.42583014222305 205.02397803781648 173.82120194133756 172.24934327033725 154.19831400779412 108.70582882403731 117.51870578336425 112.0626936179853 100.78000128771485 89.41846616069182 71.76706945150336 56.09585817782337 13.030021470754175 24.247484359169352 20.771544802647824
157.87982912154962 135.19498728190877 150.86302726831624 177.30090699597136 187.99924733034987 209.92008556603605 191.5812094622558 225.30582367632408 238.52439138099308 250.50154793250252 250.41205338996753 249.38878168119678
325.85099982117015 313.80296091820685 317.0159321587954 319.1749646416804 364.2372818794023 357.0875177405509 411.9956195914219 462.3050125448239 453.4568189405683 457.26475479096734 450.64408497020065 445.2916159433418 220.94882861753877 77.26573314035984 97.95221787379491 36.494920079108105 24.8721883035246 47.00646719867008 18.01323536398963 11.765262114889397 17.560180916567532 5.096847854515436 7.5492316866941005
308.91174730520487 228.28481237657917 232.62834265047198 150.8623213974708 95.36925710947501 102.4064293679663 54.156655872983585 35.08561757563365 38.64776735235187 14.994080260985449 10.660611125272796 10.857644385344464 9.883028796396728 10.380893017139464 6.54886976990842 8.016113739065625
201.2346557834793 149.39650085088863 146.2187307208262 155.55597729315244 129.59532384565867 128.0474965068388 141.28202332575646 149.13472680624304 121.14259074367696 186.68746557735994 204.25833577179188 127.13989741198495 60.5026647231918 6.177967928255948 7.567465620292709
97.93860910145881 60.99964814084226 56.22583876799571 77.02564447049127 69.33854006961786 39.20509108272691 44.08645775424632 18.518502021335646 10.44579359712881 9.07254838181523 6.507713083379799 1.165716914569856 5.434266642511981 5.499721734484618
281.347834754149 120.79002512856863 43.87585603427243 67.151590392643 30.571417760270375 42.20393965475135 23.547870030828484 32.45773998214962 33.29839995430606 16.86215783175219 17.90848328806334 19.013520478698652 23.584135080560614 20.45668952080593 22.584710938034792 13.115093590256095 16.93269978116611 21.69496929497543 10.523894388049518
288.7352899007718 298.24224468594 266.36752879129176 233.29689985617813 246.86610269380424 253.55834373067304 263.36025699098377 259.25544417509013 151.5874004672831 197.96716419371 233.86015157204997 123.77406948490548 190.98237763606863 226.13306039053785 215.98738429221322
406.1472017429725 381.84506916118056 193.00667858598482 65.17480570292047 76.53266300019826 15.481809293623762 5.1789286667336665 4.589019323602142 15.36810536000171 21.476503881448448 19.197459085540075 21.850346118723913 22.475078528300486 11.543585339910793
293.2637737642442 281.7039083897526 274.5064037993571 280.1394412964668 311.1673860005704 313.3331865242696 132.43310665740657 239.9959678578026 68.53146753700098 23.41701896596804 17.3977406608408 17.89134945241255 17.13970122108569 18.419541339489946 27.858965806003475 25.553858019431242
274.93142032075474 241.48934541636805 207.51774166293066 67.522898566625 16.78288497262426 16.009238101164886 28.98366635107558 34.05359191114744 31.949600943346432 37.63500218149244 32.98074311856191 34.09160133450004 30.455399817182816 28.342506711398585 29.988127561161484 27.411948672667723 26.39251629225966 27.35490981309882
295.2715199620541 189.85844859964027 205.69879506591167 190.28692548335687 208.51992706597565 223.3994270897951 211.07189122126638 224.99122832772233 89.28727856326898 6.3347340101788765 13.108772862247982 9.745040109453813 10.890795098628478 9.30521254193465 11.613643135308381 17.690178551061557
295.1286172185529 266.5188355149493 171.20657475856223 84.95980620980389 100.27690506011945 40.908900137377344 19.61316341659667 27.49586600268576 2.2143223548107804 9.810322108710926 7.529302127129351 11.547464970183828 59.62864890462432 12.339452826289559 23.659623032746744 12.50660485284296 5.339271742151481 2.469330672854694 9.640761966221978 8.730299990459804
119.5653259941639 135.55327293107382 111.73732685847445 85.59888002345164 70.82892108349438 63.84136873110348 62.052631003845406 57.97502296588393 52.173787710343 49.743866080232166 49.06208328869065 44.59962207680433 42.81390504767772 41.54117390941746 38.529466291627344 33.85153713145732 40.95481719138956 28.2573254569878
197.71134016576346 161.55526846211845 124.41613731732441 110.8668838845166 77.36431282403134 37.68402060540118 22.534962485294795 21.97877114297845 9.827375158498771 4.511833421292964 6.106983678064559
342.4732238869893 297.9746144911594 265.56136417985647 142.35878004241172 78.65006953039982 67.90316721202046 41.26458800714718 26.890346134828313 26.71618510760419 27.620047851162166 28.853766780972055 20.00254081772126 21.52523631892525 22.50006123273602 4.664347178074512
75.87745945535578 99.7681582487927 44.85258028895945 44.08982821721935 43.243732633107555 47.66066029363604 54.14856206032166 53.164954994704104 55.78328012880452 54.23769535919706 49.998081811757075 52.012090232067926 51.87713655503668
227.1047529466501 151.23943639183324 147.74974220262757 128.36610130834492 61.165159659487834 28.22590392160534 45.80351111164698 13.951209371875786 3.4579724828465035 3.1433324074118048 3.660273056425213
399.43310619284256 387.1476518114474 380.80135635844584 391.5928068055256 407.6049186476371 389.1094182277583 423.2161213610163 440.1400208256254 437.0427255583344 457.4504612975615 237.25573977003467 219.94698745759513 92.20278021022806 104.3036783863194 42.88418096613693 14.928380316796247 26.02813584636401 9.064642840561728 4.196024759861021 10.05408235042547
419.9392939148086 383.11554106509953 371.90415536720906 304.44271232629774 202.21888415118755 274.6912808920184 133.69215435659308 75.64363290733627 56.111051489408894 72.98923467836337
311.0561942519564 328.4696522399503 314.79516158384325 205.3982609904685 86.73232203529967 177.1194612824525 49.33530541830421 25.736976182696896 19.982486768279706 20.975356092813 22.858553794949007 25.641209185242758 27.27966388955926 31.108982483168525 28.419577539789582 29.39400046186881 29.40340452563486 23.353254275680666 24.07523600422307
80.2664054793406 28.178856958636533 37.843021883204564 47.70613604220768 63.61616140952587 83.52472406000574 118.12915090085917 117.12810771906916 116.32158892392515 49.042791457769965 16.995575584193844 18.85622637016531
400.46795040288526 313.34814918324554 308.3767471882827 188.4645476116275 124.78573257848554 107.70019097327828 80.14008255934422 66.3651009263954 43.26748347257147 38.92397821122734 34.267589549402366 16.94225613278741 8.610046624284928 5.851668679500526 9.184546671291384
452.70084732788735 408.7356119857126 272.8689981470644 153.48640331878238 143.76023557499335 63.78458600776733 28.306315313220253 36.306913121195706
115.48529298024346 99.63870394254141 81.4870869018732 76.99615271355019 85.46569519759791 34.24872229852558 73.38464690719442 9.381210245584278 131.3225326931425 186.96304208717075 243.11549987395387 244.54037129963353 245.711605802999 245.97532873708855 100.82531646453599 112.68038594343784
327.93812939102776 354.65425709344123 339.58908399038484 391.6438706127361 421.70984056799995 414.311210324054 404.80387093474866 399.60601695832673 393.98376396367496 192.70711971990218 284.1411184499869 109.86005754557407 193.78911717030888 194.68258580326417 69.53739761695626 187.78441443132743 65.27513752596435 183.81878994982176 185.29835225493127 64.22644900483938 199.35772902812536 77.11952144639321 33.091209156472246 154.4639839211779 54.15398423498701 67.8571624003089 164.42657282557093 245.31094717492127 136.96440308795417 38.80768986631883 106.45338526428569 26.25486273979935 29.089504334443433
157.9624372228094 93.80873373613922 94.37505799714863 52.87149755630707 40.71208657189362 32.684369236952776 16.247723996542508 16.72107188849909 15.831115475299615 12.54270372882153 13.412536754167038 14.083419760614952 10.391225707513104 9.087352679828513 9.738243493180777 10.034374848203875
141.17301827562284 113.94621571123344 99.50606527618635 106.75576115085451 55.56072022747269 33.55313057622079 27.81335510612141 27.614876445508088 21.221849859850717 18.963567646701023 15.766863394985421 14.735639229862326 16.02995490913319
185.2587298870286 196.84122554696927 59.014214036114346 8.947950300009817 32.376804264345395 41.61836280994738 38.04554777028545 34.53600915082498 31.589878809494305 28.701438113442922 34.98798742839794 34.551671396832894
318.1934392567361 294.0757781784623 156.1527770156021 70.67918612228472 71.61018977603939 28.378070983708927 19.0405388730475 8.59830171320176 7.807099347170011 12.321726283274016 9.779339926027427 10.01177889390068 10.384336661580042 11.050574161330719 10.15312430662061 10.713240537808725
141.01074190415753 189.8984208689278 137.36032588738024 130.9973156511035 132.58997230047157 140.32304355056334 138.62295885505537 141.61258776767068 158.9632689461799 157.42141042863554 145.0332866290192 147.95366185424322 156.5978547823084 162.22449576193648 169.78744575530334 154.10976872343178 174.86646967875325 189.06902989338508 178.70250991557043 155.83073588570622 174.86604147097378 168.57714120676127 155.03858046176856 165.69429062173467 168.40219631435636 166.74254628170348 82.8359106030563 40.87553946438359 104.94514304002104 139.98885701461043 137.47263292991923
353.7650963488524 341.706071677212 344.8708881497445 349.8574985556781 387.41927496958107 394.51394435423214 460.1655842970953 482.28974529645944 482.44854930284293 439.3996599840161 247.0063537553176 263.62508876010884 102.85607154704269 45.16727085683302 78.2643852777713
216.09894428659413 219.0588291725033 187.33559366085103 182.9482879455096 195.27042054363628 171.7059904920449 207.54896440602636 88.73307711748204 15.470617086579486 14.20080014559904 17.20543594596671 10.613865184128935 19.4875572608123 21.998494720325528 20.666933707780693 28.68186618670062 26.10731085604964 24.702279987534023 24.370572817854057 24.685745272627752
253.59902337532887 271.78420374858194 240.44232592287014 116.17253817762061 57.78333689588197 62.23121163481129 43.29605062308564 41.4970361829531 42.77045602224213 39.86467408138736 28.600391486235047 31.820232601504976 35.66598069847964 26.56445422315666 29.186059502818598 8.741253370063312
438.293181127556 407.57418313857585 369.03488104507625 183.88557696184895 79.5164411021137 81.51420649421844 66.27626514171745 55.149175520717435 93.81599051567166 86.28169828685223 85.7639486521372 84.62139485121274 81.89329753422744 75.60348348928152 28.27499557330209 12.673188260970976 8.981753582878998 9.028834412376213
65.83575328897696 112.23001909203633 159.45561525938413 58.79212480164567 48.95198545567105 56.407519024042 55.96444595451758 41.18168909371015 39.52452679333831 34.298212686998646 29.173734202608422 33.18340931743663 29.33549100832854 23.908648468929577 19.40020767065519 22.331608308641037
230.9425058611893 188.27070993357165 189.76829351944815 185.30433294919243 208.10992994386535 200.5860120252412 188.81955839444544 194.36000618740968 111.46254997959078 64.78457959892977 16.83592733094961 9.296053394510727 9.70306702110586 10.954999573459684 7.418211394188605 7.308410264025255
336.51485663946715 314.64199513552336 138.6044868977692 66.21753113906739 66.89073467236017 48.48800785105286 42.58212586742282 40.836303549557336 29.516499158019617 19.619760076908495 17.238853875711055 17.19045300156014 17.2885050750103 9.519211170625963 9.868778493482154 10.044340845235046 10.159541171077406 9.410098110556971 6.934664226400751 7.019712849248306 7.068974264432722 7.232610357844861 7.381194552795967 6.879210948559037 3.24971382430934 3.2931120135756244 3.5726989914642586
294.96682954614033 266.51451474778236 256.7984930943477 279.31437343400466 261.8164080532584 243.3983837634145 150.63260331653902 65.9043750530093 66.1395313015229 26.65278978962562 11.319910286394041 17.53763319918316 5.168945804886768 1.3173609102525128 2.9447562403773784 8.85566408265921 0.4135213679526432 0.45016700682882244 4.715997451568213 10.626491530626907
275.0772993831092 213.14531242554494 222.28786905980394 117.2701593371617 49.29487927588331 55.31177684484979 19.475245900195628 9.007054482910265 11.885614884977516 7.5395559189022805 7.041864913113897 6.57804263685146 6.733900935058869 6.688476576442445 7.011209263914825 9.153924050333826 6.388784345145287 6.667310708744111
255.73454030020787 209.83258067545162 101.0923465035574 50.472137674969396 39.321238509911 43.96493627887881 42.391134165410655 35.345920217845986 32.352573524648086 30.41743969317049 15.647048288830936 15.418637016537323 15.341407615086771 15.473776023929362 15.527608855671765 15.550511535063029 15.60985490370926 16.1157077890045 14.327801193995095
282.1291157866013 257.8655446483293 236.75450816763322 98.40579733907039 27.1994114346367 37.001237272077724 10.477200267915821 12.982295692976574 11.025165822688548 15.185418458860974 16.883274952917517 16.320592820828995 17.997704555868353 18.771667097878527 16.617866646373923
389.08237659939675 315.7757476971612 162.5021360164918 207.81028545512382 100.44933471144542 46.61847103836622 28.60018858673625 17.93783294402151 20.944994875179248 14.389198186350901 15.801397927332834 16.470273422015843 17.092917475137348 17.211180503360534 17.147058173987453
385.8268670770457 350.4536383847895 300.4515996775094 247.90325860778586 114.03338871347938 51.62400009464807 20.691392765579565 23.60431026600875
238.96768090301427 151.7028319550253 164.2891461353952 121.13498259244388 111.33562749303826 95.16489096147413 97.27543502586093 89.08054578645776 83.84602300848617 86.64355499427955 87.85955095579686 79.07105482918253 79.40399679604374 64.77084890338286
364.12532678480784 345.5915259651934 329.13397165480546 322.38903319875556 138.2142671384819 37.59431334315311 51.266781640580135 26.082299791964015 30.685869773965834 27.03452924613122 28.912510535992226 29.43996134733187 29.066662675607187 28.422873256327865 27.569163827399166 28.383063623969395 23.942942062494303 24.88719274828767
337.89045721791155 321.99578605301247 324.0816852249585 322.103294344949 330.2952811421539 312.9119615437768 344.4566004329891 358.1159729994186 282.5093124605681 311.1438443349803 321.0176139431241 251.5527975046422 242.84864659150162 245.81167364961462 246.4969516724977 346.45852118256363 276.53343949135365 288.17638616180614 113.2701945701218 36.086693020955906 50.41419085438857
406.1936436113366 402.02090151492763 357.166679132331 317.504089802836 290.75200328569844 136.0734753887931 35.74993256532174 48.31994150338238 86.39845368835024
389.9333801914194 329.2345390284974 322.98922186684763 269.64184935422867 272.0301303140479 272.7653646549414 273.59362977024136 233.0358449614626 237.5536225735439 261.885521749086 281.39993229025526 281.0354362920115 292.7961877787195 299.61044654186617 298.79230386240005
418.0543304643481 396.65888175676616 216.97861910766153 109.44553887468302 59.08286799101444 47.228076911012415 48.249328729342686 24.317200847010664 22.264922811322784 9.023127893923746 4.729648358834423 6.110646988494113
149.24356908902988 158.19021602894423 129.53007819111195 90.12470858277851 72.38241394391828 52.16219801793771 51.94612798880535 49.88126603242859 37.04028459662681 38.904950255448014 30.964511020652147 31.015883766666896 26.4518357375948 24.489617836577594 25.587025683790515
206.01832183404025 142.76369481452244 135.43391807497193 72.38456606489358 33.02390888930666 24.096124895540747 23.705172894968335 10.05407334344794 5.2111204788320045 7.881399657763084 7.479742968195755 6.290565645985935 5.6708434206622265 6.2109255984960905
308.80607384148027 325.95874275777663 301.587110523611 332.55190282312014 376.0748121428508 368.0748676386423 256.90285194428077 339.1823275451815 222.2623031345718 332.0573720933351 368.2336809191996 161.6229447614895 38.01689033136817 28.658634404831222 19.204801751443778 29.05347760444721 35.84539163187901 33.03832262121845
246.92201336710139 294.36374855915926 337.9103935415897 322.32338863417226 268.24379516701117 261.5798123221394 253.2387740944538 174.93937440034227 112.5918775146797 194.28034234009837 87.33453555871964 58.749627563069836 46.571481956541206 44.37033923207238 42.06025094411994 39.5724485421742 44.86616057122011 22.837893708171173 25.502304026160356
115.97739090417397 216.83414914358983 113.77287687065694 64.7605537323406 82.29685655253004 76.97664572061535 84.21002271628198 58.8587404392967 71.35118645751987 83.8939166168287 86.0784090816177 100.82880654635781 98.59699165868312
355.2897391880826 335.9742959684014 329.72096802641664 295.806613694156 248.7219292964111 282.4970092627426 304.5558996757461 149.9229035782955 185.23720774255023 93.22274253188267 39.29274215288653 35.92425930839289 42.97543240604433 17.44974130417837 74.628560871371
233.87410704015852 202.898398044043 219.0908416142461 195.20086208237902 185.8253210999581 156.86521537841423 85.43125680519502 33.777174428041654 15.618798976174642 11.810736010271462 5.3692505467995035 6.11247828386738
324.9963664429047 246.00093849432187 272.79559392899847 235.83910364176455 232.14129726502364 230.81338467987428 230.17643277830703 217.54642417511684 87.39578379833252 34.2584221495759 43.34800147408515 19.03665500708473 23.639172298772806 20.164683201105497 30.289590932443904 27.279934347246176
372.5420942201169 352.21901431930456 152.58908935151513 49.18939642412274 62.910885844595526 79.79016730303978 127.64065997248576 129.89024050196747 130.11062744420082 56.532761846121886 42.18054704123577 44.61447190468386 34.764088394754666 30.2807916330569 18.928690650568974 15.768909396105656 14.714333380324202 3.214805222290196
289.6534661839137 307.33802938138547 267.9446023858416 282.32976512954525 284.1876262672478 264.8585516323939 157.92971673607903 213.76264076109388 115.84527265801638 132.7995826470201 96.83419731113182 67.1657527591053 42.27550863288756 22.941088433832654 29.045167622709755 29.558463919387112 18.507807451135037 15.232913393927836 20.483870980148048 14.052358806246264
232.36863747562634 192.2433744444371 151.87831754446415 57.86073765530701 3.317222925891398 20.469654749007944 27.524240740846416 25.143439742787557 24.974052146127935 26.148309232946833 25.437764011125466 25.42487148983402 25.42435835747946
169.21169972304193 251.31281123641955 248.09309072809174 254.57999610079236 248.52225784392823 288.67615122817637 134.9918754558776 105.85152347823512 58.22276804063311 45.304252064579266 33.65285149649915 37.74472376280953 27.640173179641874 18.751826346501858 15.965782517174734 22.023910782962947 13.231588234533298 13.006710578570427
360.6466151478709 308.45445014240704 299.1525243801527 217.51939866612656 135.56959684742282 121.19240423983753 66.1295752345484 44.46538465397715 46.79114413241422 40.784597409586674 36.892368349192246 37.02967237990856 31.05272074114131 30.69306672844915 30.87918584826191 29.37163545277749 30.036458371251168 16.76840101231874 14.812062993245371 14.483635694537574 8.391247571102591
120.06043091543548 101.16774877987129 140.41477819315244 74.4573355641236 85.72927661022223 86.40418477463659 61.87235613332006 40.43738194826213 29.662741711496057 33.6086741223549 31.983562886409405 33.13686085277844 31.39331000569603 30.55522143120907 30.246581756095736 30.00787007614138
352.88491591265193 241.450484278472 103.14642045887226 103.72010374677201 51.70414395192963 26.25305856296574 14.56125972036032 15.599075018200756 12.32103250012752 13.480545292531769 12.503535043788471 13.213473486186178 13.220720853196214 8.763623453624323
159.83845860013122 183.7583786580885 114.3361709855298 98.34701936150194 80.247533470677 44.17788226476929 45.472254935792535 24.805436034849535 17.73766235606915 15.679266254859995 14.951061210506355 8.468774595501317 10.703597159582621 0.6449441228008619
134.64769515873076 63.399287873745024 66.03867183673641 18.512371725605696 6.415322856808378 4.638422578157053 4.168704952207222 4.104172098644788 16.419118025392866 13.409943626385214 18.705383913241292 16.57376612351 15.459673466097362 9.390108467597242
220.76005016326462 224.04816043945448 190.1874670420963 102.00307132966805 104.06709980408077 47.63999824774679 32.849460505507004 25.584426455137226 14.394674238277325 15.832392287476331 11.251918284761862 5.806434635481506 6.986780275694362
247.79826851671493 230.07509550172637 228.1729551361356 217.0261067117485 113.5667592075603 93.10997650328976 25.763555600541594 12.233657958420178 12.274772614641764 8.474896752930146 14.339125221604075 11.014771715943656 6.130966552081227 7.037117664393444 7.697945656861919 7.1989482529550095 5.463354921639369 6.113174407432891 6.579258251976872 6.989755766845853 6.97646427189745 6.8903794715153355 16.674816123631807 11.601785276631913 11.40334557159772 11.537661539288893 1.5458251362867104
319.9923438915331 356.3914024997172 334.27938876504805 209.71179095767368 271.5363818689057 178.41781707714736 123.86938280420017 88.98677865712439 53.519853503159716 44.287214529376314
191.7822750490343 158.46593663801585 127.57067195716853 123.42886178567822 70.83145996840557 38.373598315477096 43.225387045586196 23.000333186402614 19.07966546371217 18.424033555708164 12.341483681960785 11.396771109789924 13.945607423090063 18.65872496186873 19.122616593351136
181.91479376184438 140.98599302762375 133.29878703519 99.14280077734765 63.793586881676106 59.24475973355467 19.573200457310822 16.18494448953996 6.012429286695363 11.621155672133147 14.774286413346678 13.949541781787019 12.900425541935293 13.270189850952033 13.118699564944674 5.425292917299834 6.178140450584619
125.77685925365998 130.17627688619154 144.33582547544933 135.39609739738023 125.8178492271077 90.06149586738145 66.18940609165504 60.190479563738634 48.63207653936602 33.50796129390453 31.199146546483057 28.09834118172764 26.086639443884565 25.222682778746176 24.761462481196947
282.90306407973975 300.9314548957884 296.0042909674156 322.86638097480835 366.48574290606086 428.4086703805539 467.53791141049015 443.33156144637877 470.99837668700496 483.1476244962786 485.55363567120753 489.8817560482636 487.38611446888575 433.81990851243455 197.85093893493132 257.35828336261784 398.5194618001777 203.95638587696155 65.59473332302082 80.8529451097683 179.35040283745556 161.3404603355893 55.855596948150016 25.608471025876067 9.628961053535631 15.418834440722021
109.05625807241205 99.95065120410504 94.53550491465099 37.30615866952578 26.23814679798075 13.420967212575414 10.329905736509682 5.58258043419436 7.45421454804396 10.41196460385843 6.797373684820723 8.580488276113385
318.9530138737906 301.93093856399605 130.8159102285526 74.44206847015937 77.90080660074918 63.014790963202 64.28240492663019 62.03963770328769 65.624884612398 67.07060030560517 50.03832402773675 52.32209553692252 52.78518417272134 19.03908962731426 5.52945896272839 18.06760884580327 11.598711033868511
319.79355321749637 299.57309310945044 193.1330994744602 58.68497629801865 69.41881603768773 6.504434546867364 15.4410299415577 10.993364614689371 17.35562697741033 15.776307681605411 13.910726990697754 14.31704532254483 14.411857176203348 3.72618346534018
367.7876232258929 346.829795961352 242.8214363291312 95.1554786307278 100.56527706646332 23.8776120161953 22.483493977155103 17.967985089685488 22.434004464662625 25.230196144631794 19.453283481973365 21.26788480026453 21.43513248041433 22.04040669282197 21.64175297922728 13.588532346631434 18.7215904791055 19.06451239131699
115.28799953904067 100.65755505908228 52.77765479699026 31.668088894010637 22.050433802165514 5.076458602289674 9.201013606870353 19.312797814359605 12.200553615605774 15.847683469662424 29.642194683048157
107.60068345656418 185.31505524588695 178.7388323641507 209.42877727804196 195.68234812936873 207.27283563603635 241.70101647347659 208.82378765228813 248.0036650469488 277.94365011123006 227.0515388466714 280.19607402430194 119.32055319790712 56.23864213594881
