269.5072906117004 229.30706824743993 272.17662978345265 268.30166430886857 175.87757941810654 126.43844330306108 92.30927657124106 80.50681626212348 73.33390915843181 71.1461691896671 71.6736215685123 71.51767841927433 69.82397627667609 70.06247725891029
95.94643887638641 102.83469440010391 104.64496083760035 90.8156027993247 70.34718311315406 61.524786286923565 63.354340987220645 44.923638460381255 34.07907257380362 25.232255788499938 25.16904982270191 23.64565813232856 25.31916453601296
300.4195139144071 258.9096895389874 283.81027480922916 242.66161877053636 227.02143056344627 188.9001166468749 159.09377892724774 105.83489132312619 78.87625932722943 64.08938052653951 57.898925037127775 56.679833636437245 53.340879217436495
253.50170327936365 249.50910490471534 267.86345367822696 238.89253441387552 231.1636682915818 236.49068436094936 216.90225746196825 237.34252691106906 203.5830267772116 206.16249517019062 210.30276540110546 240.44770069920884 207.75095025730093 214.20099733854818 229.65870265238271 253.84662195649292 228.5007476379978 233.76176090026007 249.99681723585405 261.70841760592515
152.89016280001377 107.57906247854382 95.974666615747 39.133088266914186 21.720924995555745 39.60871064671215 50.01393792127491 51.39785348492605
226.37525068957152 127.18314033579053 167.48774788453514 178.2358987966795 117.39119563170289 127.64865556611495 102.04563892674919 68.98411745806041 68.76341615773367 58.58448214707136 47.465434931323664 38.57784326967249 44.358825772103906 45.06214645313999 37.921724982517446 44.271327443679155 44.96877288260852 40.47949629513573 45.33463328350324 45.30265825077112 40.54006699742743
351.729536844319 328.9112468357367 287.4072702821091 209.13209175590262 130.4357674629035 73.87939308828136 53.14309294203714 45.25750859674872 45.31219847050276 40.79983545444027 42.41648819867746 43.812710392658396 44.1990325037546
349.7129316286947 285.0556945624931 278.4986495886288 310.2282928620628 353.19856222599117 375.51413212501103 384.5610374647836 389.34954425045447 389.2299068619727 388.4386863626979 387.61524608282195 386.56445791011976 385.36972381257624 379.4805194250861 365.56282471700985 350.2822384103897 333.3117558570274 314.7608118357861 294.4455903168422 272.3871820471175 248.69447732682227 223.36984878754032 196.74858644283526 169.2156814806312 141.40922752986853 114.11955192422793 88.35326612538073 65.15533193514882 45.45916846626762 30.015629986158313 19.002881662283816 11.99395856293628 8.097472254878882
342.4030417103065 307.2045456721295 276.482241874552 175.88448096006445 87.73926443084467 38.149588329877815 16.989474276584684 11.952014778552597 10.92450093568114 12.180873152181778 8.526865124679093 10.17364884250315 6.51467929152597
146.00962961072267 218.96336359354734 156.75840908838882 99.83908802913784 84.334211173636 79.4845193531842 36.59824936871743 23.154398474895416 14.476024195790597 16.473283176301447 21.15053025580956 22.875452225688484 27.355197553387157
304.6971335730931 235.6546510820877 158.78218842968937 105.79063960787055 85.03975875187777 73.23585359526948 64.62171319932575 61.77568741558359 62.26855730879257 65.23614478387297 67.03516584982304 68.03099840480981 68.50329431217116 68.67780120002064 68.69444687086609 68.60308366863761 55.896536092607306 48.34405332829066 43.85679061628544 41.20399374908485 39.640944336438814 38.71567303303076 38.170770703266754 37.86128482395205 37.674277244120816 37.56653868236322 37.49426164403367 37.45085838157077 37.421303016094626 37.40536254525339 37.39477212634588 37.38403046831253 37.3741235489856 37.3699701341991 37.365964129816 37.36241483043582 37.35740551293205 37.351387327193024 37.34869841358182 37.34831689070782 37.35092072826457 37.34951529475097 37.347125445463675 37.34664950176436 37.33877239742179 37.33212241313172 37.32673183562622 37.32965186898597 37.33002325354679 37.331818843416386 37.33235340932207 37.335176923736775 37.33844487291861 37.339383199390056 37.338612486529826 37.342703517814286 37.34923376028451 37.35454639183304 37.35528797632706 37.35820851063407 37.35839456319759 37.35509740687588 37.35294489183492 37.354328339828825 37.35348161019707 37.35414365795763 37.36099817284308 37.36316858818601 37.36477914482557 37.36659451263689 37.37169677874076 37.370623667347964 37.36879406706091 37.36693099958586 37.36405077482814 37.36381658700358 37.36689028578539 37.36971635740404 37.37162105653515 37.37056282912254 37.370714015915205 37.374728928998785 37.372862955532696 37.37209389171099 37.36997878673275 37.36786748311286 37.36284111982937 37.36162095741645 37.35597386548484 37.35647141063967 37.35672326426946 37.35802562249879 37.359255116135 37.35767241833119 37.35592287739734 37.35766730619567 37.35559615994165 37.352897020420095 37.35143558628219 37.35088428864995
243.7633960516083 134.2496161999106 125.62860779537806 77.71988793808224 58.558357075134296 35.65093242512896 27.17268662356328 20.708473316017475 22.075299785614646 17.965648647042674 19.24452280656441 15.408563738021973
119.01714487108123 141.44741854121145 155.07881507989683 75.59164200138035 55.435063358747975 52.17829198447656 37.91432353800686 41.65452526839716 43.471172099998306 37.28117679535098 39.841929491986015 40.24388159572528
378.28117529673557 338.9721948630253 355.90934064393565 300.5462579776383 365.9568477980478 252.10955420847068 351.3266197672766 193.064741338551 299.7365704617289 147.35706779577848 179.10342091611798 83.37174465087148 53.111830412271985 40.26402024717507 41.491812050566175 38.50045380346655 42.03012343137119 39.26731836583176 42.78953770287711 39.847244447024856
299.79340857758194 210.42447894353407 128.03986623342163 82.56341801351242 70.55079252270097 70.82363648816035 73.59671860876564 74.26839414501325 74.78368323220286 75.18627679376401 75.46252216538979 75.66040648178354 75.79745478987057 75.91086797122065 75.99296489155985 76.05720258426061 76.11360222547856 76.15814695963414 76.19060374083192 77.53096373331886 76.92770482838844 77.95231762289752 80.66957551454462 80.47575986212338 83.81864294584642 74.64178835836667 88.84803057507574 73.71353198330308 71.70132036206437 71.70132036206503 86.749217651914 86.74921765191624 85.40510273368301 85.40510273368035 85.40510273368288 85.40510273368062 85.40510273368346 85.40510273368074 85.40510273368346 75.86322221189222 75.86322221189585 75.86322221189556 75.86322221189546 75.86322221189536 75.86322221189533 75.86322221189533 75.86322221189535 75.86322221189538 75.86322221189532 75.86322221189525 75.8632222118953 75.8632222118953 75.8632222118953 75.8632222118953 75.8632222118953 75.8632222118953 75.8632222118953 75.8632222118953 75.8632222118953 75.8632222118953 75.8632222118953 75.8632222118953 75.8632222118953 75.8632222118953 75.8632222118953 75.8632222118953 75.8632222118953 75.8632222118953 75.8632222118953 75.8632222118953 75.8632222118953 75.8632222118953 75.8632222118953 75.8632222118953 75.8632222118953 75.8632222118953 75.8632222118953 75.8632222118953 75.8632222118953 75.8632222118953 75.8632222118953 75.8632222118953 75.8632222118953 75.8632222118953 75.8632222118953 75.8632222118953 75.8632222118953 75.8632222118953 75.8632222118953 75.8632222118953 75.8632222118953 75.8632222118953 75.8632222118953 75.8632222118953 75.8632222118953 75.8632222118953 75.8632222118953 75.8632222118953 75.8632222118953 75.8632222118953
266.8070211401029 286.9937946608288 210.166012547113 175.75117975168172 156.7986697698218 140.0313408703561 143.97597250780774 149.4421821368331 149.9539137876365 154.33055973807203
183.88946309506886 120.4230807220856 141.00930676296323 92.86946636285684 97.13256565792368 72.39851922713645 61.35818913919231 53.86880618327266 55.70464954926838 48.65362404550634 54.961964094862 48.869480051388834 51.881635271514384
328.11552911176847 312.1498765023202 321.09426298033975 316.7275796985322 298.2899241365903 254.3483682074851 145.8512676817949 76.77471423730783 39.82342885281075 31.665008209436472 27.172666175129415
275.5117005248881 255.73322789973417 270.6331787950393 225.06085249477002 231.66481017317733 147.55517583916927 106.43056872286994 85.23902616807527 62.27189788227446 55.602928437151775
245.11975552317554 270.05334203121794 208.84679079299772 182.27988026341166 202.561173556748 206.4174586742491 194.04438410363758 228.51796967592293 209.26388897912025 119.37308426029065 87.80222606428734 57.952997985561716 45.22523417036248
297.39378450521195 302.5108155460502 315.9815078670937 297.4443225360679 294.6125138738815 298.35981179105323 279.4327069959468 240.036552715797 138.6040628319331 63.003903401315206 15.398986102924177 16.005907480119692 27.82827955298834
128.23938930638326 140.8636986001119 160.0629770287948 173.24369845075705 186.33616020696869 191.31136099404333 195.01178440185532 196.1427430837367 196.5381198110715 196.63084867100062 196.60068856844106 196.53823898557968 196.47641040460292 196.42580298286364 196.38138842478412 196.34608796519015 196.31569155047868 196.28499693372888 196.2661909149527 196.25344642924915 196.23672810478115 196.228901663361 196.22456809528165 196.2194621700455 193.37767498971004 195.24700431919663 191.82776203584262 189.58893562086178 187.34797213031464 191.5368906474606 191.75306275543593 186.86725485946886 191.07167358834724 190.1149757414582 192.35053820768016 189.4204098964835 186.48861907089832 190.6898128422621 186.03751145740296 192.19036758833454 198.46719240917514 198.46719240918227 193.96203730203845 188.74407475374463 188.7440747537572 188.7440747537485 190.8812454430573 190.8812454430597 190.88124544306098 187.68230230789965 187.68230230789433 185.14468000122014 185.14468000121565 188.11090470266268 188.11090470265097 188.1109047026459 188.11090470264605 185.62425051337217 188.5548381777616 191.14736839137626 186.29726899861427 182.31644757035986 182.31644757035627 186.8128475067017 189.2688415297132 189.26884152971073 189.26884152971155 189.26884152971184 189.26884152971206 189.26884152971235 189.2688415297125 189.26884152971255 189.26884152971067 189.26884152971155 189.26884152971186 189.26884152971203 189.2688415297122 189.2688415297124 189.26884152971246 189.26884152971064 189.26884152971152 189.26884152971186 189.26884152971203 189.26884152971238 189.2688415297125 189.2688415297119 189.26884152971215 189.26884152971235 189.2688415297119 189.26884152971203 189.26884152971232 189.26884152971186 189.26884152971198 189.2688415297123 189.26884152971198 189.26884152971198 189.26884152971223 189.26884152971027 189.2688415297113 189.2688415297118
268.34150406281503 196.0730498331627 145.59391178125142 132.60660177777277 138.19275328002377 150.36601442970044 159.55051925134248 167.17311052707274 171.24851181246697 172.57261380067217 176.25366333811274
325.9327967733509 298.4368227678053 190.95838929541057 151.39046755842406 93.44430446715658 76.00117481565071 61.15658649293123 56.761158760631375 52.69231746688847 49.609153362660294 47.589386361471405 43.10052435145225 43.423968599344484
321.4267382320111 337.90941388232795 266.90692360108164 246.3155573247509 229.5421620803127 198.5571419358373 139.38434887172465 98.78971369168264 79.35489934814987 72.805247282442 69.99338533320983 67.67070024316992 65.61426036906182 65.67810626962446 66.01414178649642
311.0252524766693 292.22433154428217 312.6409510207036 309.6855514715572 293.35606347384885 324.33875035340196 337.10185977287887 318.7442448920024 345.09342397564075 349.99671889080855 332.8292758103365 350.7254649082743 350.20414043041586 334.22369484771997 345.89966266982174 343.2222369912661 314.6876759247761 323.7612071192209 322.4928015190224 305.9465817928265 297.9077207357198 293.11614133150937 294.4230974125733 264.29854898483774 259.3626537129483 283.52590928609163 254.6823273316688 247.2654897738935 279.65413249260524 252.13796645715016 243.76005416167914 278.7353083703 251.64625340662502 242.84686118863962 279.03187909607476 251.6234333600885 242.50249207023137 279.2438179437578 251.75387458373908 242.43530834900727 279.6372307308519 251.90617811948306 242.42245979237126 279.8588213295621 251.99897637320112 242.49328598795347 280.10940508760535 252.11462888524332 242.4902444085822 280.39922059468677 252.2975473636028 242.60462593210949 280.58843908394493 252.35935263489745 242.50767749027398 280.90308037232097 252.43187440176675 242.52630444252918 280.95011920659215 252.54607579498776 242.66132551305867 281.1734964654407 252.62344597102447 242.6390062080069 281.18268414117506 252.67424517310553 242.6255563934005 281.3837173778917 252.6809045137688 242.65443502740763 281.4323216373079 252.77484107218467 242.7371739462863 281.5544965645916 252.82109735093752 242.67442854207061 281.6197622840635 252.81750281787345 242.664346251487 281.7189160819382 252.8446576815385 242.7236674912493 281.7646589928784 252.915618670341 242.76395269155347 281.7104087538682 252.9083803964563 242.70417841663604 281.8410026033306 252.95433009082106 242.7233916745851 282.0497604725282 252.99935125032593 242.77896878947521 282.0130789434307 252.99841818249328 242.7724634961285 282.0387544351659 253.0285382559689 242.7861880740606
249.17279314845183 200.9974094218937 222.21178268851693 246.67300797809895 160.9492457193843 99.30986020512167 82.02928204219423 64.86113615323764 55.21046038113171 62.61782543663371 58.44588835142301 54.66378622505907 57.35337938462919 55.31601359588574 54.223038858195125 56.00000409754902
194.30936647187332 229.24536228994327 170.78064487179688 186.8243949148684 206.7971434917985 170.25547251144033 169.3990878913822 182.77641491567041 119.51192688540405 88.33209298195219 71.17960869743753 60.96561355433326
393.9912553193583 380.0587548381346 353.3123893473434 395.6358349056019 381.46988504233565 415.203685500282 406.2416049573531 428.2888918249181 405.64770606732975 428.4546056931052 406.84779617185717 427.4864486371639 404.78897718854165 425.22637946613276 403.0899400365402 424.40040986467113 409.72326912519935 428.4359076578003
210.73877772993745 179.15506630634084 206.76324280161873 199.41280318381962 278.70557840457235 244.7518127255219 318.37418313782916 213.56491082111486 308.98643580118073 174.9842806259293 291.40155453794154 137.1394443394332 269.9366418933746 108.03402355042101 251.9103739779418 87.71187473058016 234.90968683500944 71.76048711458397 217.05507107777493 57.553937658357235 194.85676368748204 41.85378431133325 163.43176007996485 22.35418387716065 114.55066422638963 15.369863486854065 37.36279889437525 68.74707453391272
288.363529884667 237.7368239316582 222.9934006814239 156.3564349080603 116.85756030552582 106.32862274905499 99.28075874222284 97.62144750116899 97.31876697283965 100.1335879011793 98.89774819578749 97.50688018264172 97.54269566180795 96.74028487509379 95.7287925565003 95.62820601905553 95.20111411902982 95.4357363580271 95.17661101655766 95.41167500497316 95.25390874230011 95.52221143824985 95.39157294117267 95.64255077752007 95.50842241134923 95.75439768498876 95.59293588422476 95.8341283521177 95.66846064760854 98.62815846931295 97.51967073542941 97.51967073542895 96.83876373093874 89.03930387121386 91.53600450084201 91.53600450084197 93.10633554692373 93.10633554692399 94.09527114053047 94.09527114053012 94.71660895553006 94.71660895553124 95.11255205587159 95.11255205587223 95.36144273267368 95.36144273267273 95.51996553653906 95.51996553653872 95.6214273576124 95.62142735761259 92.14588013676293 92.14588013676054 93.51597054090006 93.5159705409013 90.76207563521476 90.7620756352151 98.88687532673339 98.8868753267331 101.1587331831917 101.15873318319058 92.51569611394146 96.30554207286823 96.30554207286849 96.30554207286832 88.51059871513895 88.51059871514109 94.04694060913656 94.04694060913774 97.46975753250946 97.46975753250783 97.46975753250784 97.4697575325079 97.46975753250764 97.46975753250794 97.46975753250783 97.4697575325078 89.46849759318394 89.46849759318975 89.46849759318928 89.46849759318948 89.46849759318937 89.46849759318938 89.46849759318935 89.46849759318945 89.46849759318957 89.46849759318943 89.46849759318938 89.46849759318937 89.46849759318938 89.46849759318934 89.46849759318945 89.46849759318957 89.46849759318943 89.46849759318938 89.46849759318937 89.46849759318943 89.46849759318938 89.46849759318945 89.46849759318957 89.46849759318938
297.815285127753 322.5909164538091 243.34789691223267 166.43303510699934 95.65399093980476 69.414315975015 47.58641736484017 48.11862752996536 33.97290087744283 38.65283219364456 25.758830365440847 25.65018005561277 18.793890625045147
166.80533501322503 185.55613291313776 113.84309029362848 45.89798182600473 20.877697879063152 25.823087688650045 28.91921446859178 25.019506493043853 27.29030549796853 23.490862268577146 25.857245680382274 22.596622087123993 24.698909173115624 22.13467342431146
64.12969334189104 65.04448958227582 17.80774430813135 50.718179429813446 7.088116411184493 55.73374622851076 131.58019108877022 55.830979818126174 123.01206308590851 197.7891510376412 79.91533681526127 166.14309978248562 224.7751225522385 94.94580592235789 186.97878397527543 233.18947316324318 100.33743306431029 194.1292007662055 235.89451678374783 102.00713506880855 196.86385965973014 237.2665077339854 102.64235273179207 197.86687969105958 237.92081777454197 102.76385587245402 198.31839875946602 238.19665635517384 102.88002168011039
297.8698508421859 268.0371171707518 319.6722672860897 299.2940374636606 353.7817038564082 376.3403001899157 453.3836762475501 461.60413036096264 515.2859493064685 506.5640189525444 534.25555354935 525.6322902190184 538.356099950445 533.6438238765596 540.5177747835598 538.0241769691993 541.7060135216448 540.7929113370782 542.439656600797 541.9951110842628 542.7433974906706 542.8514138281273 542.9650414183927
320.651547108761 270.7102506111375 158.7996437223692 54.738176174408984 26.03371004429421 32.61640112271485 39.48295578415262 37.2356374131976 33.62817104600478 31.37924371794533 30.078836991838813 29.358063281552607 28.972450620822475 28.78412863620548 28.69603566408638 28.64928169893678 28.627958398472224 28.620931913032912 28.61385509086567
271.73591596292863 291.44557600021665 225.797890581669 198.92738383678847 169.82584703239752 142.5814086086043 66.49129075117904 37.108970304409304 24.285442218297494 19.834071246758985 19.04340458922588 11.833312729293601 14.575485022795133 9.421268176671605
317.17486026330994 262.9186091557704 174.82247007710282 137.45992821986775 85.4722878282211 59.78424727184208 50.254642140553706 47.00783296317006 40.41867809976442
264.76575810788137 271.4595051439862 323.76866488801437 272.8336955008404 245.0525152442601 247.52021116117723 122.08624454785789 45.82093067521438 19.415819939671053 5.033908399817613
299.1362288505474 251.19327734630065 259.39897323887067 191.57326509861235 160.3988597349339 82.71529610457782 44.30731260184431 31.6009909123874 31.560619338447143 27.429398672794655 30.865147070667618 28.822316358413616 31.26183913718534 29.833081754405104 31.546937899639836 30.5296554528703 32.59429911854018
127.45990269033452 140.0062105271377 79.30464131109919 59.309775398865206 54.05151666260882 46.381749859319584 47.884690269869516 40.40064786054893 42.752907555496996 38.10504718974052 40.93103967530556 39.9881002033105 38.94262967925744 41.482193666875204 38.98617004090093 43.511329114946975 42.85007476122765 47.51641023465508
360.8818886057238 333.39110163259375 324.70972582006044 289.80216150362065 263.9488288511416 264.1129216708238 272.3298235712584 275.51211744828964 280.3293402052459 285.7082371861266 289.3117904686463 294.13380851141994 297.35085405236674 298.52717946580464
274.0341177167815 291.34695117863896 207.84217805370133 155.38081527553044 102.5075055744091 63.09277721633321 36.56183992255388 32.77919476225619 26.890706171205483 27.304683949617537 27.48066997121499 27.209388590439616 28.40312255120415
220.71117897349873 152.7370278249563 164.30544349707174 111.20898612315186 77.81757330910484 54.10980196195928 48.15757258002168 38.42672294401529 44.4292610817979 36.72229294623529 43.36799901511879
191.6383642922062 253.6574056965645 250.18679345765275 246.31859495989454 223.99559517080954 258.17444913128196 258.02097977204033 264.5055112242901 256.3337955943928 298.80529120642507 297.95572353936166 313.927923787003
290.84520638854667 305.1138726659481 267.3254517567071 272.9269267375437 208.95647500347238 169.12460840543048 147.50819164353052 140.7063550817474 142.0577933597955 142.71103196885366 142.52152087742755 139.68252704440133 142.5441916647861 144.31544104886922 141.2655121294827
331.03198431129056 344.85974897547874 270.1389466639403 295.48713762005684 297.85870623912126 175.17708941097743 106.3595859176824 67.39227855666931 59.246212173602835 48.19552757081457 48.42720500148202
111.05409271605656 137.10156626049684 97.91612366932877 69.70055810029713 52.06072816509372 49.589590216664284 39.695652731462516 37.1001174904561 39.58370909264038 37.6515802839332 36.815498291400175 38.63508072827691 37.57360209998916
201.9447378696938 108.63049418047652 57.18335133024387 69.61075599343562 80.15642077505717 80.7319941836099 82.67295800776584 82.18587869315071 81.86612207112981 82.7330299851708 82.09943556501237 82.8340895594854 82.14303865721831 79.53742918463595 81.47415977039925 81.43002585677098 81.40274825350303 82.4465946012838 80.93870753139969 82.19083888651143 82.85415339311207 82.11896201599723 82.81765161292364 82.10270551074402 80.5392276759509 80.99140442908221 83.93871436013573 81.5112139302295 82.49215213500254 82.04783938225737 76.52459760147451 83.31080876769741 84.01601132518368 86.81765900443422 77.94742273371666 81.19666007892522 81.89722494205824 78.5396215237477 77.39386517721857 76.90639749952621 81.71539774164361 79.59664908443722 80.5464014531146 81.83332470378733 80.35916937041895 80.56262374020714 76.73451075789205 80.68317502414804 81.3378395904354 79.3189656939687 78.68442417971872 82.01936449097926 79.87910920538557 77.41667021582998 83.14257888496343 82.69238029538518 76.56911194243912 81.59973751979595 80.28171035231234 78.18338543348757 82.33250621913727 83.8026567009614 78.55367325576127 76.23457086752953 82.81615951498475 81.21655565058255 81.22988298988814 78.88163239429991 79.48047951443166 82.11360073702731 77.82218855482152 77.5685785201506 83.79241377250057 79.25938160002367 80.51021274731667 77.83789056135322 80.232303630704 80.55967138145324 81.48733395976264 85.6036951547266 76.6288980328788 80.9629000620466 78.86686982434148 81.05515201477476 85.61148064468476 79.94406860788361 77.9443128549168 82.30563803110218 77.97768450337186 80.34938686436541 83.73969403319892 85.35670576425754 85.35670576426308 82.18426678802894 77.214483027596 79.74230841656139 78.96947730118517 78.43852680333433 79.0453603298964 81.1633343635521
238.54058981821478 249.6255527762218 228.22571794987695 150.6001072312968 129.90005556479113 80.44597403666378 57.86806763542701 52.516372302257984 45.6886398447681 42.94199437855711 44.06675408806451 48.2047509341144
142.44332127018808 210.37690366885573 191.62379633295413 119.9506570586903 108.67047650824425 81.52487838735182 71.00108141749075 60.039418107604554 59.49140279602546 59.728139549870505 55.417254532995024 56.36172046236472
248.55762832449497 209.3902318003297 229.70128826784415 147.47421269600827 46.40062196404065 13.226811910353636 39.67158983886229 47.0535084181742 51.14748368636566 52.16409575522387 53.415305334721786 53.46509813870172 54.23841158278936
255.498443550229 316.36263233831704 274.32096053009013 226.00298164970036 257.09430486425526 240.5729086260835 202.01694866929827 206.78150936826765 208.36939636306667 171.93552070272474 191.67225862449484 205.09974411904363 167.20981907194545 192.05885752726203 206.45693095370075 198.75446107766433 202.74367194185322 211.08987866229953 237.34414201456133 217.58262772874477 215.48461838122145 242.75880882855677 219.53812999426708 216.1704572993913 243.36650600609485 219.88565565086074 216.46761085439445 243.34629186493316 220.07886523349973 216.72637494358284 243.36871436933149 220.0926896716422 216.66871785189232 243.35658968657796 220.14681385641967 216.74076453953438 243.45840363390187 220.24556007306643 216.88144545014868 243.33164553454583 220.2967094169618 217.0505108920409 243.2586242340789 220.3600963472704 217.10995171694006 243.05266524085798 220.29445356701814 217.13489694943817 242.9266682082627 220.2446374507124 217.1881002766841 242.68048455150227 220.1964608380378 217.21201021665584 242.74167991868194 220.1990262156875 217.26269023691174 242.4103954608643 220.14238643596178 217.30452400697914 242.23418170954764 220.04396522584494 217.23278468697194 242.20374994064807 219.97951306962796 217.14674888663583 242.04602094254625 219.90829591788622 217.22404271964717 241.78844335844272 219.8959813556834 217.2936811274407 241.79996653978256 219.77182463178903 217.18048536495925 241.5908439179664 219.75270775212553 217.30872717174535 241.4167547082408 219.71458802162692 217.28936805395762 241.32843220397396 219.66532780436847 217.2165300035333 241.28550043765418 219.6126405035404 217.24059283666662 241.10107856031317 219.5131290786108 217.18645027902465 241.15981206614782 219.50931839025856 217.19908446073165 241.0904632968477 219.49463968427978 217.18014163238013 241.0288874010807 219.417512651881 217.13382911729403 240.83632574746912
246.848839175778 210.31976511978655 133.281363241613 64.37483474276583 17.71383770692916 8.719268202437444 4.8085002874579
272.32397095615096 288.23093293563085 234.19351355047985 236.6283744306844 214.60021160950774 210.22440042037863 204.4854624697791 201.23959931950884 193.69691475450225 193.81564452733397 191.95957452837973 192.8386321832076 193.8354196685274 194.57110673971158 194.56876441811312 194.5091093933929 194.47730541379073 192.7577198889969
317.68418896899817 224.84361965890233 251.7756135915475 182.88679773764218 199.7277441183441 118.97932621566481 126.4442786214745 63.00892361840414 43.47837953471106 28.926791973061825 23.6236187415385 20.301281471126252 20.51866926271269 19.641166416850922 23.957887798761046 22.287975839793265 25.718114553308382 23.908316358499427 26.768294381704134 24.92707116504478 27.39322464530818
77.74189434793927 165.49575344625174 74.51450368690057 135.69987567836412 56.85589881029709 122.8937690356145 51.122866645013445 121.58830245946989 44.202486581152705 123.21812709259049 42.56507785955122 125.64444026346791 43.234798403778186 127.85991722861435
339.49559622741714 320.26582656685434 282.1175784461363 216.68655096068414 162.51661540341635 66.16887443125952 24.87620257461791 23.05611343032519 24.720703271972255
152.62541117310187 175.61209719178834 117.65690015335989 120.64881879227461 79.86750258954437 72.00894504022949 48.01249920656312 40.62132431665665 40.93735107811578 37.4377988293798 35.774503172110066 35.1682867967268 37.79814080049361
290.95423545175197 194.99358446972988 212.25847746505684 163.26754486125785 174.00895222897455 158.00137146639514 122.62437812689514 94.13510912164577 95.74859729576403 61.90476627993374 41.05109184577718 35.09389150503623 36.88557628630041 35.22306822464166 36.06155032353318
286.3402969552056 245.1173660333354 189.86560700300552 136.73913597421028 102.98950279047253 84.2397242874958 73.79796302457788 67.70351660198408 65.30205476571642 58.15675538745896 54.91304692661053 48.05335165096571 43.8723349719796 41.32717344281794 39.77190876451596 38.803301924911445 38.1952715063832 37.80668258802209 37.55739043465276 37.38126267479771 37.2597919972389 37.170603498639565 37.09431471151124 37.042779399638306 37.00002549124727 36.95958500328431 36.93231330927143 36.901914550030206 36.876841246861666 36.85682108997693 36.83735343683582 36.821876772640046 36.81206318078653 36.79839937868517 36.7945792942245 36.78643158834663 36.780474215092944 36.78218655423196 30.383810598443667 32.34090921348424 33.65070715377768 34.96285216913677 29.528864308025117 34.384677169361396 40.640645047584925 41.35591672657257 32.690951026055046 36.65377096131815 35.82504334835781 30.12122178024782 34.44700976572265 29.454285786249326 33.14671926164006 31.80096053713814 35.87377871975599 33.12575309989316 29.915582044763216 36.347282999013835 31.02799244002455 35.35994727288498 31.989225291559357 28.041464461838604 29.674946364802548 33.48443420478869 31.739321420188435 27.64288555104185 37.4898377157204 34.2158216821712 28.388490592133635 29.75732660636926 39.442101805243595 40.143427774682245 32.93416279529863 29.401648158417057 30.404820872258174 28.187675137762888 28.187675137753644 37.17938307749908 34.272374525718256 28.227667274884165 28.22766727489151 29.855141863238163 29.85514186324022 30.98610171614499 30.98610171614951 27.565555436494456 35.78154846743694 35.78154846743708 35.78154846743649 32.94754090580563 34.013206216310735 34.01320621630995 34.01320621631004 28.284357123448146 28.284357123445197 28.284357123444817 30.84152690830292 32.096582264527456 32.09658226452868 32.09658226452788
142.55057954013986 157.32064684108195 185.8535969597821 170.08102988666505 193.33815277272063 184.27595892149984 159.4824795613753 178.83754795257798 119.48904295690537 62.35446370986743 72.12135243605496 31.85230737155687 15.213034507467531
264.6635885777361 288.82410052012386 271.04435548429444 268.46328890136283 276.8153169981222 296.61682814945874 291.8838704817202 338.3689391545172 351.3210917957537
264.26054653651204 218.45320001764767 268.00438285153473 217.97323912854282 124.01891865659307 79.39646424988005 46.702485533448005 24.148587537038008 25.012111200122266 19.927624494125908 14.94393863591773 22.459237200224766 17.77498924637885 16.97074044201874
292.2918640650346 263.3507184197315 310.834239093285 291.0528101454372 206.05148889881193 198.31655249171536 119.56625111912854 79.75789413059911 65.89795724713571 61.55975734041654
335.98211562402514 294.72076739407373 333.14892008242344 344.53941739967945 391.0810383177742 405.53611205963455 415.7861817914119 413.08917737003407 410.71387798323934 407.0806235817836 406.91908018910743 405.8168578426445 406.79985108929867
302.69940577849326 212.74953825929123 220.3176873343975 216.39710935276722 143.10740741412886 104.1420551130013 94.41072871334707 70.86064244416875 67.62290594438797 70.73870969983672 52.74365479756515 52.736574981056336 57.679115965816514 45.80590464242308 47.71523565458394 49.7165647574555 41.971625692302084 44.801584904065805 46.7270653199908
288.77844190718844 230.59377710552354 161.58270475943797 96.26782158661362 21.486866120721494 19.06829848966828 36.246074611803124 34.33126718951249 40.8448399133299 35.29506099990726 39.67507809638237 35.47615077886646 39.08359226037649 35.47358224035234 38.72200556107719 35.348895401962096 38.45108409423104 35.16837801653119 38.25703538969564 35.058726894069764 38.24380523833282 35.0592991073109 35.56381390018482 35.559158358015466 42.196157893281914 37.58009558888066 37.494014091973916 37.7335126838776 37.733512683877876 38.081437911704484 38.08143791170472 38.426978953017446 39.842916407473794 39.53982879331336 39.53982879331331 39.44550214362171 39.44550214362194 39.442099729975354 39.442099729975 39.47418414048945 44.47545367381086 43.154686364635005 43.154686364635005 42.19851673590042 42.539462267759966 41.6244443070842 41.62444430708485 41.019799579674725 41.019799579675485 40.614863887249484 40.61486388725102 40.33935424353189 40.33935424353052 40.150188042452896 40.15018804245252 40.15018804245239 40.1501880424522 40.019203141085406 40.01920314107999 39.92549709039148 39.92549709039205 39.92549709039286 39.92549709039311 39.85772341919486 39.85772341919558 39.85772341919562 39.85772341919565 40.212347709749174 40.21234770974934 40.21234770974934 40.21234770974934 39.9953147929869 39.995314792986115 39.99531479298629 39.9953147929864 39.99531479298651 39.99531479298611 39.99531479298631 39.995314792986406 39.99531479298651 39.995314792986115 39.8720918859028 39.87209188590149 39.872091885901064 39.87209188590065 39.8720918859005 39.872091885900865 39.87209188590056 39.872091885900446 39.87209188590143 39.87209188590098 39.872091885900666 39.872091885900495 39.87209188590081 39.87209188590053 40.83751343387941 40.83751343387818 40.837513433878385 40.83751343387833 40.8375134338784
196.48129199360693 122.8431711168919 96.56805701052909 25.460339684935395 7.360249012808347 45.960460872174515 42.76907537902259 82.29540491129596 79.48695203460466 104.79030674781637 99.88029794971735 114.67985389584203
195.17645285909953 141.19759466557318 66.28188372908825 14.220604001288113 13.912903015580348 18.78345923142582 24.274959976855623 25.856852317767867 26.610664928799025 26.935876401616948 27.085797376124543 27.175942737342574
336.3457810986611 336.8151075006195 281.4496939686084 264.9726531799276 170.4447018105064 118.97934350413864 97.27661218480524 85.66064676241128 88.03295062084256 85.20768231034748 88.38368036726541
296.4453690262224 264.76650211276217 304.2564224079102 254.60358895813425 168.20058040808348 100.80484182897905 66.35759894726205 52.96198400191737 47.365496751983905 40.662898818970575
170.2469922606564 171.6994015096005 206.60810425842118 149.99103376926726 175.21799806290352 169.21487406951218 122.3173846660182 154.0732898254585 154.89393772095124 109.92780102403067 159.58791371685234 150.2207841937509 108.82613466279912 166.18993911277647 200.65520711862413 131.55150165885112 194.151985431839
140.86235567547996 185.60067537836076 122.98356708028237 138.28607022019807 121.43212455654485 95.83624519025979 54.24396255135317 37.255572614624015 40.857597755598974
275.0323669628241 274.28513835622783 231.0528953884185 181.2427273110699 102.0284147456029 60.827331251039105 44.66314086812938 39.2805891722267 37.697271408477924 35.70182404541433 35.37930397585304 34.1114003182235 33.892082883388625 33.103728599579085 32.885639509271115 32.39299847978824 32.09838340418513 31.91695618437142 31.543351738774362 31.598984743968707 31.130529842577165 31.354473344859286 30.69575290071493 31.160486498535047 30.44966795587796 31.056124157570125 29.83439802582967 30.787891078596342 29.688405141133767 30.71766475008365 29.648358555243725 30.69328087991297 29.628762753658005 30.67545717106425 29.61375481051708 30.67142840252274 32.53761422197065 32.030189510543394 33.95969826265336 32.60298294217909 29.578554231182533 30.480622796806333 29.965033798331657 30.197095502040888 30.197095502074877 29.3712408397698 29.371240839774533 30.458286700464484 30.458286700472424 29.517111331678972 29.51711133167095 30.599466843645835 30.599466843643 29.57334422631808 29.573344226320888 30.642391382613045 30.642391382619213 29.59106093218843 29.59106093219112 29.06115974783307 29.061159747827524 31.207856125208526 28.489461759065136 30.197928635648 30.19544919792998 29.21168564814115 29.21168564812633 32.48715398943487 32.487153989440436 34.23600556517539 34.236005565176775 34.2360055651751 34.236005565176995 30.918687539459324 30.91868753945052 30.918687539444825 30.918687539441816 30.91868753944318 30.918687539442875 28.82772539330461 28.827725393360247 28.82772539329642 28.827725393357202 28.82772539329379 28.827725393355557 28.827725393292827 28.827725393355067 28.82772539329212 28.827725393354733 30.109822927106457 30.109822927120224 30.109822927127325 30.109822927125926 30.10982292712555 30.109822927125837 30.10982292712587 30.109822927125503 30.10982292712574 30.109822927125958 30.109822927125553
259.0468591895769 328.5725661490233 211.73234399645753 156.9805429129172 128.56116448248807 112.53514892631577 97.35863365906275 96.85132504475574 93.98494648468369 93.3561817965466 94.93513053109733 92.84425300326386 93.21311624299155
397.38574132971274 348.3639441856707 265.6783799303906 143.6174122947998 73.50071756037222 46.952744868556174 34.595426769037765 31.447444389980006 30.502724349816905 30.694089282205997 33.62457919536388
273.5186486634846 189.71892467592806 185.19054411921474 156.50713935222126 134.75837246496522 141.76512549060476 111.12167035072811 111.07587111520074 99.17748237961631 96.5510947548864 79.71320900987135 92.42249933228392 87.7742601615298 96.4185558998081 82.98070975221793 94.18044599858912
365.370300503128 327.36618212764984 337.99252051389146 246.29376499962538 149.5869251710363 105.65137242154948 84.76502428603085 79.26423674978707 76.39066231835511 76.22808619650154 76.19152637153681 76.22031035585042 76.20273757733584
106.16823977128342 203.03688726355904 153.3388786235569 209.14568159116942 132.47896366228295 179.6015202368418 99.55510429263155 128.98418095838343 69.04905560805302 92.52114935748453 52.91643902447786 94.58619167805352 53.84443782765645 96.35916882505394 56.09567514453767
331.3190281448075 246.97631448398013 180.70733157841576 152.61422811612866 146.19616175510734 138.05954030681926 103.54272773367924 76.82551396029272 60.53346937748793 53.86983153676564 51.24970302682915 50.19540373120635 49.76316186595062 49.571703501918236 49.48394803697988 49.423995205491316 49.39877863984125 49.38180676719936 49.37382769172314 49.37890728995437 47.607458424594306 48.485859758296186 48.05702477511898 49.62593086557327 47.723053572174905 47.66898252927876 49.42376402658509 49.242622325064126 48.45499139079352 49.79741056794997 51.952126795938916 45.13015964992054 51.40838557994449 55.40649321445105 47.396199985164756 52.952479384781974 49.54431272472277 54.15768520260063 48.01412393087747 56.43369950988058 52.245752054690776 52.24575205469312 56.60911283791263 52.39478288280328 52.39478288281167 52.394782882812024 46.449989936176884 55.426962689783444 55.426962689775195 55.42696268977133 55.282375958313175 55.28237595831747 55.28237595831365 55.28237595831781 51.354194143242765 51.35419414324444 48.44638107752182 48.446381077524784 48.44638107752604 56.86207973585571 56.8620797358539 56.862079735854614 56.862079735854955 56.86207973585461 56.86207973585473 56.86207973585453 56.862079735854515 56.86207973585451 56.862079735854515 56.86207973585451 56.862079735854515 56.86207973585451 56.862079735854515 56.86207973585451 56.862079735854515 56.86207973585451 56.862079735854515 56.86207973585451 56.862079735854515 56.86207973585451 56.862079735854515 56.86207973585451 56.862079735854515 56.86207973585451 56.862079735854515 56.86207973585451 56.862079735854515 56.86207973585451 56.862079735854515 56.86207973585451 56.862079735854515 56.86207973585451 56.862079735854515 56.86207973585451 56.862079735854515 56.86207973585451 56.862079735854515 56.86207973585451 56.862079735854515 56.86207973585451
387.98069389571725 363.3241339398115 284.497739682155 183.63603431734225 96.97018914155676 65.6904148402108 49.449790757352886 52.02265521072311 47.095422506884155 54.815996083353276 50.71951933483503 57.578196218272595 53.37331701651722 59.32234001594516 55.304824796329584 60.49936043177837 56.6463117199128 61.29076489849309
329.68412420758716 339.7031288622836 283.9598601055129 251.34606244845045 166.17749066175617 104.565384155493 74.7126328158417 69.10945704028883 64.0887153914994 69.3929942866541 72.74824851742075 74.34827700759772 75.41790021080845 75.39145054617543 75.6740377745789 75.59675346262395 75.66912029156752 75.55902827084724
238.7702651117054 173.21206368933417 123.76791281917596 100.4788705428168 95.55918086046607 95.0522882443944 94.67306943685415 96.05334968600145 94.98111388206802 75.9429944070064 63.76241423403153 58.59032911685964 58.4057362291608 60.277876308798334 62.34484435175608 63.92217701590513 64.96367603877262 65.55847777532198 65.853167889816 65.97482346909719 66.01300858407268 66.0067796597971 65.9807157201385 65.94214573341053 65.90668454797314 65.86712488670223 65.82910478661931
310.893542525437 241.84212163367513 167.08714300673142 82.58818236689876 32.27839704109599 9.501199205834379 4.847860747569731 8.466866512828302 9.777433553364112 10.271301903468812 10.49696894943405
284.4862629781073 244.96937254862297 251.31824195097528 233.85626369767476 241.0110667367203 152.7150213082488 90.60933505488072 45.847771606502064 26.701351474259333 20.79916557737639 19.89896682164569 18.955929900888613 18.498683497262192 18.303331241307873
291.5846642575431 209.3446586659728 151.5617641537367 109.57334133823502 86.02872944771467 70.46087023838996 56.10017710645629 48.83215230221472 44.69636318474726 42.42460840076774 41.199886319711176 40.54879967001402 40.19974735788726 40.014984656365314 39.916211493801335 39.84750807730752 39.82165820656872 39.80709343997199 39.7961133506392 39.79363846139593 39.786728147222945 39.778420822719106 39.77271325836343 39.76897192952711 39.76128652337176 39.75748413986655 39.75594216126524 39.7546017170255 40.01359350136696 39.88090357843643 39.81690475862975 40.06466985766189 39.903140792329715 40.10950824851793 39.934743159466564 40.131047578319404 42.79284057085588 34.5519489510326 37.28379056019557 38.51485083270959 39.39697370326146 39.865011096161254 40.10866927419743 39.34565178414966 42.6618554458507 41.541636601904536 44.02589867247701 42.22784120554891 43.9472654518534 35.04454827584581 44.77231083541641 42.16022928093417 34.397145774305585 40.93816164406712 39.809054449942316 39.48254015653683 49.73499688132494 36.711910992538954 42.61628898282166 37.876209844361064 42.688043817644164 36.51964704330534 33.45832498312206 44.06282398722271 38.208376905487285 38.134917660672784 38.80134389321193 39.93500094033032 33.54915900240362 45.602631308507625 34.20960504914841 34.2096050491651 35.974639767921396 42.00661016809015 40.02608272915957 36.297288832618015 37.50638386092144 31.621668786738933 44.120597993193165 41.90934732287459 42.7872556361879 36.07403525970032 32.95711330209263 32.91672670898162 34.049977230278586 34.04997723027923 44.205000652899635 37.267771065526894 37.26777106552133 38.7760158774679 37.75244193265692 38.16262095656368 38.162620956570514 29.338372279265638 41.91787372109613 41.91787372108784 41.91787372108327 43.156906803587496 42.21232615120236 42.246848060332134
225.47457221631228 250.3844748238613 299.8196979398506 198.13764183999132 127.56109886006864 84.1776269569595 52.29495265962218 42.732198391067385 39.39387408502142 40.982211623696784 41.077366432088226 42.58006159310063
170.81809032542353 239.08108553795853 219.04515738725863 291.5005821297641 201.89355570253176 290.31479859875793 156.74146257993692 253.8138044582896 110.26258082192693 225.9652696865058 88.55880957290098 214.3766736628436 79.24319932400196 208.38634572331677 75.02893068339246 204.69167034986594 73.22138504948386 202.75042127548085 72.75253951799154 201.74207834509386 72.92678944701476 201.50641402587587
202.24124953031713 126.07349431726941 114.03666895306569 53.33501529622794 35.01217950971763 31.36344774303354 32.09870690620903 39.69142614660076 39.908130979634365 41.897789298217646
230.63261110551642 199.8432110931558 173.5702884101117 129.90529077211156 62.69989920022279 45.35802050048451 27.019965238118434 21.588695759758 13.858859217294796 10.95915957037299
327.09585893562536 272.44574921849113 266.48830020787176 225.88249548741175 202.38314982077452 211.27010882101698 192.31579810938211 207.90255554417212 190.52659944706068 189.4399799027823 183.00507232046164 195.2975694489754 178.15055633624746 225.97528740751335 179.73208916740836 241.99472493269852
268.7008792740223 283.9351963856566 306.7143847948106 353.05376340410754 385.0618657851614 402.57945427730834 395.91187556701095 384.3297052740512 331.2368836166631 257.98580363753666 163.26711767746036 82.32521737875496 57.978817001157815 57.11500064006428 57.62333926986217 55.97505325716342 55.01603557155237 54.47810647373096 54.192457539187004 54.040228978283885 53.95449505282149 53.90293027226502 55.527887952728214 56.40985935769267 55.193695419119166 54.55378159879169 54.217701830731095 54.043554891718614 55.61111454770287 54.777378212157956 54.335892178124176 55.77281592370613 54.859364937376256 56.05802130072278 55.009880996924245 54.46172663461543 55.84882125860767 56.59862534172452 55.297410325004506 56.305574909756544 55.14309743425069 56.22513189981813 56.80416970275768 55.40065273473996 56.36353660622773 56.88159521350014 57.15946672778194 55.58702248945732 56.46574653992141 56.61923573669173 60.18690978972874 57.55437383544535 57.50314584851375 57.49110707957017 53.684601621217126 58.36621639950839 59.757899136382726 57.13220902451785 57.24433328226375 57.063212054615136 59.143160243372336 56.77925938134404 60.289661107771146 55.34549275799171 59.448013599092555 58.84489732933461 56.16754789840531 51.920807702990324 59.33141746913116 52.903447315247924 59.97617912526484 57.299068443117214 57.35479911418913 59.63726531742771 56.35226478252189 58.59267130590381 55.971287957576436 52.88491820230537 59.958866876438165 53.395022716558664 53.395022716547984 56.546052332570035 56.7707534567586 54.60222738839088 54.60222738835619 61.06803268273026 55.97467043250294 55.97467043248937 53.947019628347604 56.87561480009927 61.364678195605165 57.97814435107744 57.97814435109412 53.3994964868833 56.71142501702367 54.28478463591241 54.2847846359101 59.33067450974232 59.330674509806165 54.47734477494593
274.3011293562253 236.2050965180817 223.75348522404227 158.23058660024512 88.5652183429022 42.31861776085057 22.520749977128418 19.225126911833907 16.946397613901425 19.475213889705362 17.752299560600783 19.350182881419325 14.030551172699155 17.042467582514185 13.270131250538643 16.0578896366019 10.547631592335552 14.094803625565213
274.5392117212599 288.15483332830024 214.8620827007506 228.00039590604953 240.63043314580705 242.41780868561082 246.6214529392368 250.63435110764644 252.24143741869923 257.24582793734146 260.3204636807461
344.1772006158904 225.0500400787792 217.2427776793993 238.99746044627304 204.37421726232637 136.28431463153325 82.12528850635897 51.71839454226816 41.588461290807956 40.43897450024838 40.13641833450937 39.00573221248698
266.4361183258772 291.03717022174504 258.44123467039066 231.3429702682267 200.99767099198525 110.48986639914091 59.597245661587515 37.650889498130574 38.79279693580301 33.26311044212513 31.819056050686623 38.25340339566435 36.04678808347418 35.22816617855019
318.1380490444894 306.0747445475919 295.55097125795396 233.42072774455312 186.71471813134096 111.28238021683129 68.71097431419452 44.918377830368534 41.25771840617687 38.06708097058269 36.77275367720242 36.56009875360527 35.35245414007699 36.34082350410476 34.90070011943902 36.51361292490948
123.58823606683596 123.87826763872481 57.639774454594715 34.79301442361681 18.1436906860649 13.409814389353555 4.369301363148893 7.207081546868959 3.2118913328681646 6.931821606843797 5.519378314228044 2.591245829779736 5.178686163646882 1.9177210624509398 5.226932478483904 2.1721407863751687 5.141790156059801 2.35446785063738
281.29605278324846 260.3223052028164 220.77306417088306 180.9294547181326 91.28805327551527 39.90657152309647 30.385435119713616 32.892009561932646 31.59545993128394 32.95966456291506 31.415734043272874 35.2369083737871 32.65687553794281 35.77915489051187 32.97613934449468 33.07785672533149 31.605777278485185
