227.58924463481472 209.73699946521404 213.22709063900518 217.86854046768093 258.8137971367888 265.59451115805024 160.538294796356 239.7091144605172 112.92927123417553 118.3722316012885 60.216306932702274 68.06521680767099 30.023954546275238 14.818852520188827 13.846481529220279 9.82646605629539 203.04287277997452 72.27136623037951 89.64418592033368 28.01846240429079 12.077923960601463 7.901327633377249
317.52525969144233 360.1324960329008 351.85448282042194 355.9920481829641 355.8794992757158 405.60822653830326 205.93701644153623 306.2900866066681 121.60401161172702 44.87178501880247 19.219653852291746 10.378669217607062 68.97735275404393 214.23868077906204 78.30397655828894 124.8071128543478 160.72908452334025 96.92166125661319 44.10773345440241 21.739265289515195
164.61664469416093 124.39539865761088 137.7456795849188 103.92151978433265 64.88509699351229 226.51750370043777 224.84658847843195 115.18871175065843 149.30328895272666 67.71267299128336 31.13653551562355
110.63745815845986 95.85101468791007 5.97379549684951 18.005042481887234 16.84928384801648 3.8124556786998474 25.578396575525826 26.52374895057817 16.839529639828918 13.689185344468733 93.99767257400217 108.06347347252579 41.91400573602934 16.38610538165629 13.330782977595133 17.321587445095933 130.39776625579566 59.091158812758955 72.62924901822791 19.29848703675068 13.61598443852288 16.35461326583943 18.058322217667687 95.46994039777233 182.0149370224643
240.22672496619182 236.9122007180164 215.10847258239568 193.30066815216938 119.8105719240018 94.09898197256163 70.63188425335282 67.0274146806861 57.79147416819419 55.70309200772425 58.84626732891131 57.56219438537416 50.51327406521869 334.48226588108787 277.17183621789525 260.88311922024906 118.37440215043364 72.78624562791339 39.48146785117866
309.19317833979085 242.58829072051446 112.40376605416327 113.4487016595808 65.9463598288203 45.21705214737294 56.81113248866868 50.83258159491649 40.6896550490234 25.22310584535353 172.0121204360979 165.8068008904507 225.13773272258422
417.1078837257311 368.36867270398307 208.05843807903295 88.55113117375889 230.1687794769518 230.89586269908122 110.3415249283044 38.270841896629825 113.51215657438955 123.00238764882 55.227352278725164 16.925617496395663 104.76271275201572 111.41308661246754 121.4979062903458 33.86252996881441 5.881338010763916 22.73245330342315 31.480776933865812 34.641877529290376 31.242014022072308 88.90550100840282
275.629181940419 230.45702794375532 213.2455171271115 153.03669359302876 61.048425374703776 165.66131628327693 162.62420542495957 95.89725184557513 68.17121237240261 42.530876293079054 27.574184549584608 23.684070766692937 22.515840368290203 30.485595799026928
193.39059135347043 247.1726465871133 261.77552129134597 268.84608807124215 200.10714598861873 180.42008470499934 188.4115600480518 141.2278829308184 227.32341475012777 213.19908039856125 303.2457690625496 384.91595485285376 190.95221530801487 201.03535906873816 173.9244710517275 303.6305939723728 326.2405323603869 396.3772587620198 458.9161595776126 221.6490011797259 173.15675186628263
267.5057373070953 233.61465795394125 225.54328437574512 225.84018929580208 134.9396184032663 210.34359532652394 181.82744783900773 170.2683752027987 101.0787227987459 64.07446001753021 53.037874585213544 75.24323981627114 28.270045876676445 6.3946989477823
178.78744979815713 231.39727533174192 177.41790340934986 143.02302205765724 89.88956931270833 256.77812106965814 83.12279147893685 90.6559210560505 44.1088978422259 70.62595903924341 40.85190882493241 47.82725634380507 57.56006171740509 202.9790219699239 55.5517395804856 59.14976024148205 23.40971213610435 26.13073303037946 9.943155899237077
122.1383317854256 60.09084007697945 76.9915892076886 24.037887042344334 38.908104616516475 26.41664599586028 44.63016394870292 90.754402878185 74.0508032357202 68.31537595238203 75.66241327509549 85.29473145494202 29.747437979773792 45.816005968378256 29.345254063770437 16.756217371129395 3.497292048969796
397.20287858305994 368.77739827382123 267.9878453138926 147.26698172556763 85.74714845754968 65.50758784924749 215.4824747354737 70.64460515957954 240.90610646044482 244.64694321189182 220.33049853255355 163.812544306267 72.24987932359338 23.953965473372744
311.2562573634747 259.19216522935653 242.2192369086517 132.18445562953133 49.049307017637375 379.7267799143271 116.027672866677 240.13061875181057 238.75819128249205 201.16630435647255 212.6217033033131 195.50000643577238 75.06744316912717 29.4122458721447
193.5127824951996 171.81072955746535 149.00061316102295 113.00407655093015 28.678466612281156 22.508958090665978 176.71452068970984 220.72954839942562
294.7624196522007 235.99974078016106 240.61307071541717 163.06797396532022 199.47171319349596 147.16175700391352 133.01678817077112 152.2497806895731 97.44341772357768 87.27860039834941 66.61678895055041 39.1607645162409 252.53791789443642 136.6828721328156 121.37663228423264 115.94349058511192 58.60591685631155 47.95599569979551
253.92923465594205 143.37246477519597 102.44418579036248 66.2241528620649 65.27903268791783 51.5625033732514 40.856198032154964 38.198533652440695 34.407318187304405 132.44902483881557 89.69373797159275 50.89724864066807 48.321984812051966 24.548386714951725 19.44546957885386 21.449650600377552 21.757152915765015 151.15401224053
183.3958810923442 199.3260759929167 189.9739627521001 197.37234005930102 200.0859894165019 204.3345286547332 54.44292271523717 134.9358937152458 37.22722485905421 39.21819062667576 57.4969672579936
72.97035213617096 97.9622592520729 134.14280243039062 136.1039084809111 38.06275777254975 76.02480351186058 31.835819821600555 46.79559483263408 55.20680262473827 61.93140476352369 30.377640485658205 11.70110332453162 29.737036649188163 19.628022131620526 6.967819781180041
302.63046864784656 325.1323793939182 311.16965439600335 332.55146526990427 201.10285628267113 188.24880721380887 124.2304470992396 203.14872889184062 198.64024249182245 191.27838408814515 166.98308086926147 155.75551520600706 166.35069766735438 89.32081404133986 76.3063636933074 43.912393540424645
265.10651059956797 260.9779316125065 258.63644549925385 280.6608353983864 259.790035895448 299.6602510317093 302.8158108626913 242.57971090884354 194.56762960304135 81.82053412767964 53.30204538657288 55.05174316365634 76.3512994127345 53.551302494998374
95.64011221112473 131.52713393105407 176.549677657048 139.05617074601597 132.9115636759176 96.87148086384407 97.15025203146266 74.72587042101983 26.439901531422095 14.395879849128901 11.469667882404652 30.89167307316929 68.96430379729767 11.289240099848998 43.31533520562519 41.12044850853653 31.967167123604508 32.3518873739368 32.24335106062308 37.11248163744546 32.97756404864527
316.37408027925795 269.89707293328553 144.7211398424696 62.25472055619252 19.811216898559852 9.76464721570538 275.4424652527768 209.74454927695035 269.93884004310536
69.52118206937678 110.32466015370545 64.8823063645443 86.45353581307573 137.23755885991983 94.7545887540126 115.51017380114861 107.05240145823132 109.90535315979683 94.35542127427104 95.06839021811103 223.43996580058874
104.20814820364458 56.29058100527587 333.46933568698086 181.64243431237264 171.49686225923503 126.13094628914612 124.27821798984282 98.18916368697802 49.62113303043344 94.15979403169082 266.85339249565374 197.25226098725642 37.968454098235895 40.78830096381681 20.11422854401463
211.29335070020954 182.53867374182096 178.1977291691036 89.58912964677947 174.86503245523485 218.33853888539164 120.07969991870407 112.87676330655361 52.171295381457774 12.77310482652763 26.051377404638707 41.105667846799285 89.56362501798031 18.187666813453202 12.38201234451454 18.400923190403926 17.16616393660999 15.02011335853765
284.9604310849533 258.1441071715386 262.467888483818 229.2831540061855 143.9794728310327 92.67925706013196 47.846210541758836 56.8157297310109 37.11895469440437 27.20438154319307 21.86931684456746 19.59272065376776 102.85532877851938 89.92312793063647
111.70519765861215 153.6907901480801 138.98657656808658 127.69517213928407 162.65581544470672 210.7491156804162 201.4235232846667 218.869938236601 253.45350756036117 112.48115948656803 212.00458366640123 80.94856901329047 205.2791461061603 213.46066110481632
90.2364031713153 123.52405046747553 89.15797148794783 56.61813853033245 51.868740817830265 45.87772322903803 148.096595668552 99.41644122505794 66.81959843703211 67.07907728614795 43.164932861290474 39.34288861653106 19.46535701602647 17.777712590579252 14.972577462563642 18.656852564330112 16.160031971439487 5.999132198264015 162.9876102643934 246.18625348587858
96.96856975319643 165.91781732768172 71.88866112346781 60.34610821061019 34.06126271866458 159.0645568454599 154.8952397167807 68.3086663543799 90.2372449966267 24.180763890612415 25.07789859134944 98.59513307678645 179.83435917026935
257.47756782780465 148.88275305228953 90.55177102547128 364.6695501693022 220.70569029424294 219.14316082133107 135.82967405477015 79.55073868416063 17.60804209701375 5.007550718372575
294.64958709195366 352.2286291887881 344.4890889565767 391.1752874989966 485.9973576866093 365.5560494659747 379.0199543414905 387.55823692245815 403.50375894827226 444.3382975132653 494.61132744148506 524.5396127873217 537.0930207771338 344.3537078635303 503.2867012936262 259.78264013655917 457.96643079163806 295.17893782770915 309.9393036544485 330.379538533498 359.0014247186641 442.9894414204926 481.785736299256 497.0547822442936
176.1506161908499 150.08883573907232 84.79494738168385 179.8865123769776 11.118693359372482 143.0168232754018 217.3904911311725 89.18128575169091 272.3275470093114 332.9044971813234
257.30665866858266 179.28673718019496 350.9278308032745 349.2333397192958 192.2099419068408 77.48577237633157 117.68330986819215 106.83450816469585 45.80040744008232 23.942932497426483 17.97883368407951 13.359738077246957 188.81875313781717 319.7590654491362
164.60785892026203 178.7938339780572 99.423545605575 70.19883864096491 73.10523443620691 52.45537672691355 42.01238049339579 39.67595205753532 40.38092881752475 23.899566814872852 20.88097685481935 24.724000444795813 22.76026578585769 25.65282776267945 155.4946496685286 200.22293847863 195.63167905207564 74.3207946067799 12.992540754359183 20.682187981986008 35.90005003484384
210.6166438306833 81.84412617004615 75.7001834191954 41.85620615750726 10.888361217373147 1.6579939479840284 32.87848263918435 32.81156477240997 129.64409272351472 125.79389197623962 76.02997223310388 45.58981831849163 38.59366741117583
286.6438913277749 243.1910981035719 238.48148332043093 218.2250693726075 208.14237068412018 220.55671709316724 192.65653602951392 264.8053789681731 265.7645694517476 173.3298123687906 339.3787037627054 303.80743177160383 372.2499714037662 195.02304457300184 207.17089150633004 266.66361775242126 138.846142750553 196.68013014854296 118.92273423511853 107.67457967882609
161.14364121664352 206.485345942557 121.55772032754854 126.19365147541154 269.44676019142037 343.21793559609876 394.88863473430774 207.0688784072685 109.38901154759962 163.87987485455002 85.02448036107064 23.240851345029487 49.945377493015975 208.8240837718127 117.91544004226353 217.42091633102223 83.0452817571898
136.6203794518987 111.62690794867913 93.90684654958669 48.09943482044629 14.36440774507608 27.673431076683137 25.593947665455513 11.838487540702733 29.247531157865225 32.09627429675817 23.9212282999735 8.547720935379179 3.5507260057199264
223.20591839063792 241.24606644369186 207.20248319964583 202.09371984858362 240.1239711245078 249.8688158343021 201.8240899661601 187.34995580750055 201.18426331045916 159.52816722721104 125.92999438130978 174.1298391808473 222.53013718714823 239.35401153985893 301.5697928975937 289.8223908912194 299.5437114921481 252.04854800955678 114.84696835715862 188.94639063506335 209.32207108458462 232.7976186927307 247.41445901744137 254.42504473239129 104.46781198010802 252.38918024878137 307.45562131825153
227.05732860928097 126.750146047382 75.01117313051735 47.12743136572699 39.47404242672794 417.62835453478283 265.22174334426677 248.43056327123304 216.03990667608343 221.38034170713442 110.12263839665134 49.7596423542482 40.47626026529239
331.6731040219962 246.6460729923002 356.5542786546801 357.73873637797965 361.56582092319115 298.21381432424783 305.53654759124095 297.6477921059574 323.71234002020236 344.9402888267173 404.0213230027609
26.254925441879326 85.9838560877148 87.04192910497852 42.36339480794302 21.286531564935824 18.30449257434689 9.986833577656263
354.3201825588155 334.5782393338731 310.6197747003841 196.43340219159123 395.5363269216879 391.19535743471175 262.1064789269741 235.26257923214942 162.991995045253 182.2148856196775 90.6055955686983 37.20464936152548 203.24553911818253 305.0021342349975 253.37440413673508 183.50734780618077 187.5037777019265 133.65335703620684 95.00772347836715 66.60850199245905 31.272027139693222
294.050391607964 263.45959686560735 226.44748047084082 91.10523286834635 27.539352882366618 36.31044511876616 36.184388272436 15.158455201627408 24.51067580935821 48.10257748142506 47.90097016473259 14.544836264682246 18.516388505838055 28.57451135751728 33.47053457575155 157.0027277771424 185.74352746392537 188.74763198557324 87.45604549085273 29.43342997006782 26.456795578248485 28.246363866006103 203.93602928556754
312.00449501186404 294.68762794542255 291.8595134332785 289.2572542367436 308.96611997844496 303.79460599409856 315.05859088344374 285.8876522369895 72.30709218839183 73.67210285173893 34.97932860615859 2.521244725257261 130.04325971732217 120.09252250412138 60.185182581498815 34.30796510766171 138.2218360198331 170.7273632153262
264.5804156283704 226.77451508408612 138.15491338639572 97.57492677979387 198.6830362433709 246.97791821356802 256.2238294881932 139.2499681927712 84.06044366208758 51.06829562892053 60.56480549648536 210.29281685076634 257.40496809470926 324.79073381989144 290.34812855532454 264.12940579549917 154.60362561627116 104.2866884514563
201.79896690388162 213.802721160293 220.70442659743307 209.66270330189914 191.08461376005255 132.27158393895917 159.25389143436973 160.44876984475545 98.15723333732842 96.69057192407521 164.8763050298824 112.46432584351922 131.02544101989167 59.98832958684961 133.11106717013982 42.98196347808877 89.32646059201613
166.64414674973435 74.56207377040222 63.71793571235658 41.45544940378404 35.100545426150205 34.10444212341237 24.312964290154248 20.03203447086293 21.650028409346007 18.182105437288616 16.96053125278969 189.7453707174993 178.81590430692586 46.41121284872726 19.645921046776035 8.016338978037947 7.521637295367798 13.42337104250282 17.90580068817475 162.0452210453918
319.23656387782347 316.43713665266625 274.6967832257778 133.6412831836827 82.88224024657853 48.94560956064887 53.158056773788566 83.41509051470952 140.59128437689787 214.22758222591025 228.57322574881977 139.8313685678637 89.60823757653971 77.42816031805167 71.081397496098 69.0838393429792 67.7394772641983 206.05439873543375 225.21476892981303 72.47781701174067 239.58412711131615 288.48250683557313
249.15310232269277 230.12689529144268 213.27364308341365 188.23857605852268 203.32077106099317 199.13802442403735 241.90389732094772 207.5612650965182 92.03823934589053 91.79667452001839
266.6243036857924 166.45003971389997 353.20401845345316 233.32230206254434 205.4579694986474 188.35589224050148 110.92520274623715 77.82861931311315 33.050347570174424
364.21981961760815 357.7560949577739 356.57575678496636 378.0581712904637 328.1076224571628 161.18840784541308 170.61535585151734 144.36029964550576 116.53607766780338 109.63628737803188 78.14033155217959 125.79643403553256 114.84395749163966 341.1829938439984 169.5788006552479 275.76533310378545 328.232270323671 159.39360016989536 148.98221835920887 141.2708887488635 67.76189055191641 70.68316414042432 117.7695279358086 29.9877669338945
284.1326058027905 254.56113845420867 244.3452911047628 271.963369604904 310.70367304722305 300.97882373504115 298.0957038149258 304.18725978718214 265.22358328092713 242.12554964778036 180.4521524341075 155.2686035906301 96.03684147647238 55.89142109216432 32.77514249465679 30.451152722139728
168.31802546555198 199.19174431762028 188.4446644538512 217.08622019210088 233.29535943275437 230.17241921193911 278.06016104651326 93.88458553118744 2.885003504652482 31.27260783572575 37.43329858451645 34.14305248407601
204.56274228302334 176.37923430220388 209.417064340489 192.47064093342505 159.76383624840696 152.801391111503 127.21779864555035 48.831783764487376 228.31867329287502 221.9260058801705 101.90254937050707 31.56131156318314 6.4673805153265205 5.83746280222218
203.3469318940158 237.2233207100395 177.06868453134734 149.29405406681957 152.16945877312384 127.43749413935319 118.35529020526106 115.79368414466848 112.00029823353144 116.83305095815932 116.13717478903544 109.58379102367925 98.290900692412 90.86324128738995 89.94765271884182
291.6049644892087 207.83862346028604 218.27776450344783 204.24865460648317 219.8973098031697 281.66184267172235 247.84978464607778 270.66288837016435 251.32418713073284 32.464180550734696 207.92416901486757 209.2923007555401 284.9405063232792 176.8087758066939 285.36659620988377 216.5159198286071 77.21744918916389 314.4121894299875 319.93318389496255 326.28869904596667 346.5912718917007 364.3486601371982 376.4571575571687 233.70581249862144 52.99195745039548 272.6997813147841 269.385598352925 129.11745247748715 262.38714163163627 326.1175023712016 145.61805858223426 285.57921106749023 337.06329780313456 354.24560422509927 339.3233064325734
181.95693138228145 191.96200655445776 176.3022095742297 185.9759114159438 229.4848722490668 202.87418525870567 235.33535578410417 77.70650306082614 46.55819929216545 9.299890326702053 38.91164480431446 30.803240334006855 80.45375239192123 78.19398135185976 82.7111296826502 72.09002561226791 75.17502258828469
193.3331640963982 101.75810308591181 75.62769329603024 45.513353132284564 25.091880851939344 23.9680480950686 107.45261043475232 26.54117887968697 19.16074694571873 22.52672882804247 33.28642518762281 28.650634092787914 29.12028692911579
246.1258419921293 212.7621393894767 229.83939024312352 231.5216493107103 203.55601229378874 107.1805973912376 193.10852670097748 213.58979379848972 213.26210547626542 104.70490034912511 34.45555335413302
315.4924053295251 291.3989452310824 270.14897205131615 245.89492945564942 110.82821846039914 64.77161456580853 27.44469712898167 33.33222367807143 172.12063770129103 66.48172745623317
143.7301426260081 242.38266500957914 244.9921469651052 240.1293816547923 236.6411122387512 250.36530954792252 249.3050039197323 245.39686851585125 246.37010537993072 187.70286955241318 182.66011960404919 265.3119595062497 183.9302766495667 143.59227583534258 77.62777873541178 106.52622515680847 30.423682853652668 40.8215533766288
183.00481415903485 208.85115967061842 186.9329240974968 212.22764403920186 224.09904797082478 191.7851388776494 204.85151801245286 84.41860150645365 35.83550870386702 20.51747308358477 21.72537373845543 22.049581723703724 7.700250443242532 10.404938511376285 15.762066956214417 14.99365703987437 13.692659889667949 15.102388131830065
396.8873514889918 366.5876072749415 317.61358447269885 285.95401375669445 279.27404972702584 140.50983554721424 59.90203345076049 31.537780351854177 35.487279159148386 15.738860080393696 7.234950098059209
440.2129155592717 411.07553239778525 371.25519920990087 333.45428659911335 165.46056628034103 64.19339723918537 30.770179330084574
369.2392996811815 344.99688204093866 201.27826050762877 102.78849265850842 38.5455919538183 16.233998090345498
141.6801680755372 156.01736943520368 144.8763496823876 162.95897785665926 158.83474691190847 195.99689734597004 135.81183236868083 107.76603667676682 145.85840234445894 114.26988713055958 102.08993541907843 68.55691093554589 109.1449185999382 56.885091445818276 91.273305197008 121.62240618591149 99.58638544377915 33.784942259540585 19.49715087937626 18.348682046840047 7.538616234719402 0.5739693235726364
238.15944053960564 215.16578915819147 172.3517161018959 96.61788775430792 47.71647198722648 52.4142693604624 54.567696102709796 138.59592212560295 118.08786846793024 116.28451770696651 45.380318760147 9.543066788455777 11.757380812182273 15.279349619889391 39.376268751884325
224.22985182680122 170.47273377916608 144.57784513778824 148.31655247880204 207.84441769462495 224.8853890368094 113.30035115329126 55.7523325460187 28.926031194206157 22.3545215040123 20.180386171268268 10.038033929795327
176.88988220412952 94.34554630397335 66.84589874678294 67.9095232129384 58.20434743796343 44.71515091138455 42.626501302311794 99.17252330003697 147.32329277354322 185.1738621334399 188.16533010440858 88.69783609010368 39.874372422745 31.062769504916442 32.22834909176044 110.43189866528921 119.07749128974774 39.82205690288292 29.07663626685517 22.243101218273274 21.932131716712004 76.67450186334058 148.62633661990313 143.00624504571738 223.83262058496635
289.9283511625227 211.27033871404726 78.97623931085779 90.13248592418718 16.381943070419013 1.9494737635602029 9.399151251548975 8.82551514331743 12.352160221661002 148.24392901953064 143.16416368151204 53.3217235651607 14.386059425163397 149.34772378874914 148.45779038219266 61.18637523004067 23.022332903757633 5.894074292145893
349.47728221838685 314.3571534023717 267.5823440150295 155.3157838654593 71.60478651669705 41.59640484803548 27.377686543105117 96.7881663505365 144.39187903853824
127.40734978983582 112.03776493545368 69.91284125189247 54.37081967515954 52.31787156548312 54.02368897579501 38.227282678561735 31.859110178919078 26.942973999482433 28.598754636801868 22.781678639676322 13.994260899331538 15.18579220149129
244.74321739407438 263.6727215005219 237.90996149703489 131.70305626533678 179.61397160000223 101.95541409031938 128.9050022182288 118.52531286128932 101.64356923064568 77.34782532905352 57.96029952094232 57.9662341761125 59.243293451571674 52.15969631515973
368.29430194515777 239.13187757010346 101.12627511721 101.10880915868897 45.90659271042791 17.3452890779033 17.55249336292366 5.944443812894427 11.858978178661356 320.8091895497666 237.80063127268073 236.00557650427112 224.28480120316183 100.37893453405758 77.88956993978402 53.28824751204658 41.92772889873381 30.280756908102354 28.684393551208306 24.36158764284528 336.59166819279073 288.4498693686515
100.10114961160232 108.48608359724854 120.33326864771263 118.34399093158522 116.8571818926343 77.34626112032355 76.56536840605781 137.93450994313253 116.35307641329432 112.60637038314727 118.20475616936457 91.8875720192699 72.92271701177097 136.48787865160915 91.07206926917061 76.16820467664334 64.35633163876494 94.72008584916958 81.10188055165477 51.436545914289965 60.883889173805606 52.81356104785888 42.56495584386197
320.1763913900267 235.40063953727054 228.01291253005587 106.78112609856728 116.29045117272065 51.3280800819665 22.060688508628065 7.286726077929798 5.726517712267097 6.534796035647454 8.347154389260812 47.8067578994818 202.7701190519806 258.06572752340963 263.5928297183147 135.43124165630113 74.87337485333337 44.01221927949823 23.069277176966636
165.81159076122682 165.80497530716676 144.40589376791323 162.34491485006276 16.10223280222479 22.70972097455841 12.773588514706336 7.073962405877807 67.64670790971373 66.42559268229918 49.105747239268815 8.729724424384823 74.36814111579235 106.94431554048226 129.69735918227133 39.41448541717617 67.34992023615511 124.5594339872353 66.22633220118722 87.78369736068998 57.967201781967695 49.69742454830814 37.696163001124 108.76924995057294 111.77628270807669 50.08635632812585 115.25056696903708 153.83339009754243 168.55956754026911 125.37409961618212
336.42477328992015 316.4538674740219 133.5386593502195 70.23580419897011 208.23656435690097 59.00301164738409 13.906353080467166 12.109798063151214 9.803978040878594 9.137496417887444 7.71438963521856 7.04827542013117
175.5596565441189 215.39951294540356 210.33436160495208 279.64765091771415 331.14216234143845 338.38618578070606 368.7702786715101 163.21764583224203 58.04187494148909 24.522350530818414 20.007592854752865 9.6496374851349
156.67777484359428 67.74353605511114 31.622664229492912 40.39720011597197 40.52385159519425 39.712130480127655 24.659523631432545 60.55151742941427 282.500825776113 173.49820435460455 160.79718951489824 76.91789758482801 20.752706870643095
288.4012524170085 284.0957666966139 258.5621836316713 155.87600223538294 104.6599297413463 48.53024727585567 28.392631369696442 66.54194911203189 383.00903271044166 300.4919562742857 333.58495849058113 334.78384608586816 240.83855572397687 203.64027953673923 178.72306723167182
232.72968457612478 225.60627429241916 223.1575310524259 179.97916332229434 80.23150741356 108.32467872612959 110.98848717496678 98.97332741651216 27.838073759711637 14.882209506163209 38.66475137579558 91.20989486092391 60.60651821430046 21.44679021024728 26.95386393556997
140.40936532109984 140.60111448571763 124.9800735427768 154.84001949901224 75.45093955878146 38.26969920077111 23.273464147250348 17.740496373054466 19.617628134814286 46.90937965268207
148.2446569225065 166.01743784575598 106.77423581628358 155.53165864296096 135.3575792171388 150.48563976518287 157.4905653169755 151.2050615983927 166.90507703041402 178.4491484198096 76.89200762548623 129.2065844870263 114.0601963935662 36.96124450393164 7.960174633725631
265.87753111307154 284.08851228306247 263.7303440818838 267.28887782491375 282.0418682318348 224.3152598556615 255.30381023625839 326.0724569460873 242.52856514488406 360.95676478409774 209.44445637226755 146.38764996352072 297.64792368669475 159.45402179665174 105.11952501671371 311.91136730592325
211.01799762711477 119.53410172058949 55.464382402416206 267.50720771447914 236.07712431228634 220.95283381306476 105.37861094468656 44.68032494233086 33.74408551757459 29.839974256338913 187.10219722045733 234.62823433065617 245.26212842183293 233.7161167710821 242.94944858526998 112.55395315206948 40.5697192257485 32.90839834374533
238.20544398359465 201.141994730842 316.1603925898319 324.85560805460125 259.785584704947 141.0349152787629 121.21303916562752 140.89498517127186 267.5800585800557 295.81235773598047 134.40774023006426 109.3801182747592 40.99085221365158 13.254932901476847 22.985800358328838
338.35274816328496 259.13328066687546 264.0991185116609 218.40079499162692 223.93519540377602 154.2216943652263 122.45429427817335 106.53448598778145 101.22857882388155 150.9189828703357 181.42351689011772 127.86518903319157 101.86572319630417 83.53510292644488 50.27217329420907 71.28649752715982 56.09131997659633 116.83694599342121 161.72998062019647 124.35369344867767 147.89237433787034 126.56246722857101 66.71695716452663 28.393984079078713
374.5690681547003 370.9771031822335 254.62400870266296 219.43713354112603 190.36236585751882 212.14934797851927 212.62798701928685 131.94798931538486 52.05043893237164 165.95828758345394 162.51530893894693 70.63320168417123 22.839725551195134
236.67092355036695 188.97858176690866 50.34069275069506 25.233877855899117 69.81075212005656 39.21565762226895 77.19606224148576 83.49539153773377 181.65354078418738 92.22517879724873 91.84722744477412 110.43608315805649 32.38035568565326 57.02535438937283 23.303741350465607
307.68243976575803 168.4576796583616 87.85722358243221 209.64146945535896 198.18669853166685 77.5844353302288 27.88102799377256 163.656896399322 150.13949445292076 52.01051190779902 22.161462470688118 22.13345151499381 23.893946665383012 138.36735028670927 150.15231021616793 108.65460555928712 67.7764090863458 33.89600422685202 23.994094801965876 20.759201688793013 46.79662448181508 190.13207497192772 170.12207884240428 69.48479061153687 27.394741627928482 13.367477737814507
210.7829955341518 189.60669572417447 200.65390632526774 85.29345255117269 62.24739757221639 40.87527422659499 101.31089316178621 93.91926480616932 12.992562468154153 13.188477292950017 35.29925909071514 33.11654323406156
196.76187483149096 129.42774209128748 128.03538889084945 80.95937729749869 125.730976838633 206.37585349833338 206.92824302972392 181.88648669559075 93.04927871820622 67.6466175853323 56.20583688987462 152.4173574637803 142.2962175616237 136.07044376783494 62.173300561904426 43.88773844834133 37.955206864695704 29.275812105262453 27.233739785955304
263.0027525066187 144.06316713526584 83.19570389876525 48.194618802959745 30.20699455219768 113.86062621016218 367.89244424288614 227.57153435791167 232.50905960477493 129.33421412239463 61.11441890814264 54.63036481803758
126.48464499660976 97.50974526989584 91.26802999011257 84.0328853655447 77.85002750759836 50.3214369801773 26.57586520000918 39.26649289168799 1.1901990846490256 5.854809769984998 10.77275581254751 93.9896546537908 184.9590042820125 180.83287167751237 65.38207823584838 119.62411642485169 40.69759049263803 10.633124403124851 4.293485954062008 2.564529668067755
214.3260577753969 192.26733889394814 199.76557198953373 196.91422310580776 149.91816330814058 55.70807234277049 69.16183814518271 140.59992210932742 142.25233445473407 143.48392497319523 48.07963432447809 14.461371649838558 19.259312190894732 23.170048435625173 31.748817947540417 35.54011399731564 263.51218995655904 304.3154702318907 244.89200692843346 221.8576467504681 243.61470295436857 108.39779044743612 51.25864746845057 20.466331368246507
123.6919213806874 166.10773669715667 158.90611687101097 154.66758723460265 60.33114659199643 108.16221703741695 37.82115766880975 54.05566834678263 9.6133623142082 14.448650151756555 15.823230106440835 6.959465922342982 15.707412881687409 10.655695675867184 15.090508825546339 23.0271569887356 21.978687584404536 20.07543827340039 20.449831818387906 19.745224167378826 19.69188785322112
296.5966137152116 269.8296005783642 259.34067798236464 225.15127601550827 216.12847723996467 186.13870422816908 161.64743539232705 120.95751047969839 126.3698523181721 63.91376313979267 28.42787818095644 75.3339091854966 75.61831787569353 48.725612390442066 44.72958359857677 61.13189346266671 106.13253947864176 99.01297812686458 136.65171226523245
