256.2519534504699 283.4985690649763 259.27342737692305 271.20420827067943 136.52313056727286 376.3445951164808 350.63136308316285 261.33849274338127 177.34881058145547 68.0687173818683 52.661940977322985 10.349499033584431 309.02372577411205 327.64235718463954 328.02865255168797
217.82272708536718 170.9815066286767 145.16080129652434 182.90002842621902 217.8633012771224 215.50648126771776 161.12405017019069 109.61852986464243 125.51367959063433 194.87677919027988 167.81520554442403 193.98989005049387 189.35253340186313 120.6716125611576 50.61293239468907 116.28276401098059 21.46729941473369 32.990399111604894 34.27275279627266
318.96243959480023 336.28413110225404 259.46664746856567 182.13058019914584 167.94506538825453 160.87313491780347 213.07471842593426 162.18052404613732 116.4674314417722 137.93447985607085 153.23547154483134 130.7183432642535 99.37558124206942 137.87048345757285 145.81130727750067 193.86732644566032
382.69860046468517 285.5500639707576 259.450014311489 158.98199614802618 288.0740935420131 245.687720019472 122.27019963669544 81.23126802665965 68.93306912906273 53.89916382801671 248.62315570313356 204.68855118927476 92.57266750072982 61.8682025699553 56.40350107292702 49.55137458310614 241.84825191422215 194.1429743761348 86.66716896739237 57.11681243537232 53.20013193719349 49.046925283063985
308.8110294320826 326.82328709692945 282.84257096477256 290.3775365289023 302.9625767819565 201.18088659557665 263.1323642906933 206.68724597125532 156.31944297270564 238.22432894880302 181.4577685217465 177.52953970736087 173.2019089200277 148.86299664811762 125.25797325948069 134.5509256126411 103.90468719067563 74.74718935254555 144.30666608588137 194.58388070933114 103.29706089759594 159.12027426793475 147.7313941109996 158.18056413202072 166.4970360580289 140.32742100713892 128.5487413109786 172.80304710340775 130.31148241741073 114.62245857805364 135.70130918364495
447.3365852418223 404.302426228575 274.8699328815742 215.58066978855524 139.0033792206238 203.0578021908174 134.57294114394568 97.57174659873493 187.0486737591176 125.95470290601253 98.22128701387844 182.13285725314947 123.52674748000061 99.9097173435143 178.97331999542982 122.04344692853276 100.38596339179685 176.35492471112917 120.65006370174093 99.95260895793915 174.50618549987755 119.62764641231995 99.50812304263263 173.0035324445564 118.42479364773907 98.61245128139596 171.63922698118202 117.42151339598928 97.84100011998237
214.05439844140335 108.02381829362236 131.99060281696774 290.2198038019091 222.73398599411902 119.67882044557047 58.743349320994206 148.8944112695521 288.2675570897522 242.37468003860988 144.31501310861117 75.32482629766224 165.99141147542716 286.6394464776694 250.45221532310916 263.13246427092105
238.08546275561335 198.09043379527367 274.70800170438406 273.54526494451295 260.08710544264625 275.28128455272747 261.01527079080176 273.5677829692454 279.7100415747646 282.21393716332733 150.28048582081988 207.64957932520795 207.91017742251208 201.73047023199828
268.4561588140793 233.621500094885 204.17878424557802 221.90885850239087 191.74489594981836 197.6344190069964 169.09137738591372 195.69580276379673 104.30293634799925 121.22513728958653 109.39934787017752
148.3391239281229 220.46283645680327 174.33034024613696 146.52873748172877 130.9574796572866 72.48014563292848 101.27322009553023 107.14543076587151 102.93714509657019 46.24101853297651 35.566432260816335 31.72310192649611 15.027175604501776 119.71480540730167 137.28081008333726 80.72704188724607 29.00109870458033 31.94672675373543 15.798102860357256
364.24823299502276 304.5318211217813 182.78371793369166 183.12722158044159 116.64879029972839 50.14541781011423 84.73065780499893 161.34738278865308
254.93797716278732 258.34885183017394 239.4940566396099 244.3523407302662 230.1602848483453 257.95389262449913 253.86848876161756 241.26737160906822
256.79925477294506 208.32386323847192 196.43080345122092 179.96418854814686 146.52474223071295 121.2958599309875 216.50524466218653 252.73169396359683 132.08458418488308 117.66399491210788 125.33512238299033 62.19572850873929 61.09385572818828 47.26980551674078 26.893854463697824
379.9443178944419 362.8190430546567 289.3072990647957 199.33111101827274 263.22513978972836 332.5206846327041 281.7103585185415 251.3334065070305 254.406999981688 277.8987527649284 248.2350856819931 276.3001660608504 274.0182686249482 385.8428741184115
188.40228031136158 121.27955910835772 95.91827708752434 59.64382221926 180.2726671260163 224.16173213667832 239.88164104916908 117.18452868117376 92.05233395936122 46.944724082915684 209.27028994036195 231.03878382718372 233.18058853998937 108.99203233482443 158.50456337356167 60.87805674120283 209.19499765927506 234.08186738061477 234.05664433310665 110.78329276003424 179.99571100166966 71.46657985969989 213.0012965329103 236.00351055482852 235.79998127307405 112.95043532183452 186.64650645068554 76.1047449105974 212.35105251050211 237.3139023400846 238.08839962603562 114.77480037856489 189.17094738368075 78.44708851767305 211.5868898834838 237.51822695709217 239.384233327717 116.2793898044679 190.0598483028019 79.88048808382126 211.0644374435153 237.56381888064084 240.34765002004116 118.13760836460843 190.37043458826864 80.8167579889487 210.938520659097 237.77889332494718 241.24653990601365 120.50000725964514 190.80698090770767 82.32271921168956 210.694044827814 238.41373025527625 242.10425715097742 123.72052837006372 191.5620189952634 84.2108106074361 210.2886024111131 240.25182496637382 244.08828884549445 127.82014772450418 193.38967620638624 86.84323468866775 210.12584137675586 242.53803329962435 246.42884985455106 132.1455888232352 195.6968504647906 89.87153193781884 209.9508203143672 244.92492298423056 249.85583123324892 136.15113766857476 219.07722185036562 94.32338974720186 209.30518093296547 247.04990338390954 279.87137763913427 140.42934859610006 227.53569585660227 98.9342440469159 209.34973301729437 249.6728759734599 286.6335236282205 145.26812261948066 238.68184433707472 105.17668639173107 208.99262518911763 252.79644489822704 295.13649141880154 151.44945747878538 255.03501625593893 114.38159289664256 208.73966507899604 258.078529491215 331.06491799958286
258.8065624687991 293.8343157409904 210.5810659195604 187.38634798045706 389.7327196367562 220.46590368166125 313.5473003426957 274.18641494452544 291.5511771846218 141.14234820162184 128.813637292051 341.21584539966506 237.93668167338816 212.29300504817402
296.8203545596481 199.8939951955015 226.12603923578357 251.42982885100358 178.28545795540686 241.5514988687488 264.90524872419894 276.2838898086755 228.7542179912164 214.10873651738882 198.991836026257 195.04558669799792 188.4083366760864 181.8523991887534 202.15659944790212 207.70004245267017 208.3960432011336 204.736420300151 204.21061972609718 201.33758876776653
429.169343970308 407.7263248162581 387.5227984044387 371.0600912062603 286.6297731907976 336.5533189333197 402.9033960384841 419.94887188095976 481.6548080481806 398.12217491113375 392.4982776678957 355.8807952741136
253.15742412899706 240.01884397133384 248.87998720816006 227.60794358937017 334.37426858014834 314.42798594025027 324.099683873495 277.5590453149901 253.5654939547255 210.10767288260934 212.34308983867277 280.93233376624966 274.7343260105583 314.7316639899009
185.56507946346142 201.42594589251098 134.56682300936663 95.95335030153964 67.05447063203543 43.780886563526145 137.41907988958062 217.26317156352815 150.60773515476387 80.99378578398962 56.7661922140294 42.00141827652961 36.85421002714322 38.603828821779686 35.45491434398448 134.75245774241543 172.4465404142523
166.7817562861923 83.35566686035372 112.5742717759403 56.401365669148134 119.29340231819553 39.782791199275856 84.65698048464752 101.67212565182295 58.983046474344704 35.11334931736009 9.491519054811887 105.25034826203128
292.25152307616173 222.74114955572333 291.10184961032735 221.42546047455878 155.85762765667718 115.89819978079237 286.80916926362926
156.27425672489701 178.23512554813468 109.02085823585763 86.8310679383738 53.797737120898404 31.53002639847993 62.03807473194255 104.60929950453419 95.1061554637318 55.86101816347771 160.5349396343519 178.93973651416252 143.04296864874516 66.52755565063717 124.60898334993105 75.40719885384567 41.486053608426104 62.34218799195271 65.8261661462503 144.45941074663602
272.75719923929046 212.8477571589204 241.05078183841314 198.42978504052383 105.64085396790145 40.21318428174061 105.31395731016904 110.64910649030755 159.590013173141 259.7551225459892 270.9054485440484 247.42540661353988 174.7751669576222 121.04009449569777 130.6535979176063 132.18261784273318 165.5564534461339 166.0328342644455
389.06234133550555 354.34456408655694 323.9463261677548 293.2396831629569 311.17486588347185 279.26660248803364 352.2956821832422 340.304666826405 316.7195534088286 384.0437848007047 337.6090490703106 301.3939190427829 297.72937715177574 293.1261419450375 282.669279173333 424.3238450684715
230.61850678619584 289.92684528397774 193.667776141286 195.47546855495827 97.65680403046834 89.07330226017406 116.9459694475137 76.88562628464493 105.843283047819 84.94607540297113 97.29628100087882 131.451403722307 79.21508654780754 114.49283073355771 109.09738584527663 125.65561393874418 148.3475357513536 93.28655767158763 133.03296241383043 129.76714929743923 134.22834449503335 153.80121730284256 98.08697319871419 139.50854282321654 138.73661013126906 131.94585423809627 151.92711729015272 101.51782139595227 138.01030212101324 158.7839078761276
290.2972550416054 214.12920613005016 205.4885875306703 192.1493340696852 126.49589972993675 148.3774006642522 288.6759463101254 282.21143538010057 367.40950596475386 290.85027334940116 358.0375554122826 389.27413373733145 397.62406222524385
336.52469638572575 267.3439089393083 261.8800607325587 190.30232409303096 129.97011996298806 366.37152331321863 233.71823925474263 173.64809129958002 191.64983916387257 135.3239112139116 115.9295097881232 164.3749995685542 303.74902436907234 195.06540695700062 166.6706605082189 166.8441650969053
275.373870992259 319.8184167405432 296.8401348532806 330.3114349034035 377.19654997357014 468.14603243728646 423.1923529755615 332.7895843475743
328.0401521398748 273.27208225531206 233.04232254413472 152.7138971619694 179.53294347407208 180.9312106361425 209.99666897335118 198.961746144011 215.09783787569424 201.5573776053557 174.97129069619012 129.63516114893972 209.5816401438857 171.76603263796693 176.7706606457472 231.2019354320447
366.2402190146039 290.14555489382224 157.04189800726297 124.53293690903027 89.19462995778918 116.47674838055123 104.17470355218892 79.06878773028359 122.33973381093973 117.49728868248617 87.0794950570405 125.95483443500764 121.66025630452268 106.01213223055966 138.23308560122956 145.01559711430076 144.30531193646783 155.06405409364854 158.15121952453873
181.86617065187383 244.93386827847408 142.58664093132776 80.8045554897733 5.6236044593177645 35.192392894177786 175.06616772347215 9.756410087988806 43.46095764766707 1.5498656417606287 12.88518043123801 6.516022973029802
324.77888008781673 324.3993094013435 283.6899601690056 226.71904432900467 319.5635686600651 260.22994902121565 234.08915075502225 222.39099949280586 135.4802281598961 159.19034598698838 288.91632886893956
146.74908672195585 233.30004709993005 139.19828634857907 125.3030304045762 173.83582141575664 95.55175851390479 112.36486431374871 176.65104610361982 164.35238323212792 131.18092118057373 94.50634912371648
285.5596500618988 221.3644533101684 261.1817785661691 124.77371127588296 80.55204333785147 42.514432557393576 39.80696792947443 21.53218752338925 28.178385241561248 99.01814405134336 169.5531843126884 156.0100123249337
292.4065209059813 324.78179049348137 256.14238385560407 229.8227051141617 158.95265185638718 118.67830271048706 221.8686960917616 188.72626950825597 126.95201262987929 226.52293317696427 213.98567477096736 221.03326447126236 188.6416422681475 125.8814443467349 93.31405177588917 80.47361171378415 73.92017194761497 188.76720096618595
343.77672300625403 234.84245770461845 221.90731109861508 180.1180814783097 124.92989678132032 95.42837008743649 205.38265826854678 298.9065498355289 291.91881184628835 301.7011844028392 290.4540916297422 237.5230678650135 277.6798928657798 163.25557356888157 121.77870064108706 97.7385995507267 80.98723717957274 81.59657132681095
323.3902743828225 311.0406331493458 279.1254942119608 275.39742820758727 365.4744851591595 312.9225523499134 274.1877402508792 325.19455371092454 277.43181697054933 350.88384899931856 489.00044811366143 368.0130932452638 305.4822250025576 360.7510080722364 303.6705606880152 366.64214792349486 495.25431031691693 399.38949681819315 381.0569171699099 410.41171390228027 385.91490289928146 413.0303879571143 476.41801000863114 399.02957707892233
335.7572761591534 279.14803828709864 238.33859175408844 130.97397200808706 175.8019521985152 188.28898620834113 246.66133125008437 186.8320056761149 206.1569820904866 200.8759695265322 177.4015896296694 162.59026860078845 77.68429185242252 170.15464175735048 192.73054752140567 230.18727552411735 180.8853576124213 198.34460897938268 187.6434398436023 164.6791191529812 159.5867878982129 176.76381264146286 208.6214613494546 213.92243845962645 190.76361052717576 178.50291000196952 191.63379702908458 194.88574124020687 185.53312336465356 208.39350502081118 229.7821086992206
230.41656077617753 265.20304091826046 172.1729910565083 152.28063607411414 239.69148522754188 214.01024681743462 159.15852800510066 95.07273458379613 44.25205393421847 27.780384748742264 203.2870829173626 161.02362230707098 79.70832686671234 39.30143988265737 16.748539590669164
150.51395794501352 89.62190583288076 90.08677058141897 40.45429088881613 135.9062219309774 70.86742474732928 93.45622336805447 46.3019316304271 32.642056038799886 23.544473597368135 198.52722266732727 142.1226754078804 93.39646011878196 43.976985183309374 19.9260751731501 11.850608610202471 205.7921739038653 144.7715299807892 84.80020961612685 35.59263399911703 14.077726182757274
67.17357244841943 115.56304144638082 119.33218141099528 88.97105563543238 36.76886250839536 52.67742578294123 69.03083888442603 70.49610482712963 114.46870369286273 117.63793021484192 147.03885577058722 201.8954500304161 111.80948395464209 91.89678123888831 89.44554978717986 25.019496445700028 65.15013657406564 100.55683857419824
233.44293710443048 178.79016047744435 310.23467903833154 206.98528899537203 147.12050979458252 111.53625777811604 250.51474330468912 154.49441733583564 116.26129871486896 100.45352742231252 248.418838914597 149.81281582661842 111.80372975333594 98.7300331660702 246.18143036718553 146.45712831946386 109.4104693187731 99.56038430262049 246.03704058094192 146.02367854403988 111.15102982363577 100.38378550072835 245.85632776659244 146.54010402525037 110.92569452328544 99.99700692881386 245.7983920749196 146.90716397330934 110.7711983933242 99.79055591248434 246.1337358712097 146.7936356567891 110.57676696962525 99.5957747431516 246.1394229127142 146.60206174625714 110.52239940727488 99.48401094562976 245.99072816221872 145.97665256176504 110.08965943913088 99.01221801249032 245.27037165808454 145.3974715338999 110.05871631377453 98.63274030654094 243.96609832432077 145.96082322051117 110.37901625511442 98.54809248479818 242.77740111312414 144.59409561291488 110.91546234767173 99.28770351863454 242.3866521065229 143.23516417192215 110.88278438123673 99.31547393404902 242.70709187567007 143.0797092899761 110.90159330828203 99.10563612721921 242.70475999664984 142.97746166602 110.8114767472901 99.0274716177857 242.77509168671673 142.9958908601467 110.9019124467931 99.16653069021682 242.70261669703797 142.87305885409165 110.79294025413078 99.05030186113814 242.67470358258237 142.8975125676452 110.8152500429861 99.06663279950492 242.67379634934932 142.8673620588427 110.87596493825578 99.13990404032633 242.6546904787528 142.86362665136014 110.79845980936463 99.04404653272273 242.65906639639192 142.91942589812368 110.85439724403783 99.0912127403019 242.69944776901266 142.86885404265902 110.82358105948134 99.0687489603275 242.71799029788127 142.94896509653904 110.86101191454688 99.10646860246467 242.68039880093417 142.93384823722735
120.80957802731423 77.10267258950702 60.82537690489445 54.81797412412394 22.2334683381479 20.397230796207353 42.19509629648622 34.89650335052298 22.09978382501688 11.184696561439997 27.258873126165827 23.15933203545593 23.949500227860703 35.52729616362711 42.237053509763484 40.28196645224532 27.308904055033587 17.900355244296314 28.519617117394905 28.248030467888963 26.618409150441337 32.830651223062205 38.76298530679298
281.0787240239326 193.69299937498988 202.61499365345557 246.6539620021384 263.9708963732001 226.1396082473266 222.19705309081667 200.8345166907527 227.74514003124534
410.11533868955297 333.10445482453207 262.9718067903592 280.4549773755918 284.2549444197747 294.8824727895154 275.4391598509795 316.34754678271713 306.3548006902197 308.37224473653043 323.097876089858 344.3468205233206 330.0265270288116 341.49241169799683 331.3617672681862 339.0368327359601 341.0024985878455 382.51991951968597 329.2762725474055 334.3758174407097 350.3893802327249 407.6432276785074 325.9437570387619 340.76326814617863
149.51430400795354 172.4062977436654 114.89791449462483 62.261669739479586 154.66691769432063 291.6635487979378 291.566693070143 267.120468013307 157.52818483295687 221.24612872591277 104.62943055961969 214.93656613963734 270.35031032952776 312.97386258674914 371.3444734091252 189.47536880195577 106.63515862120079 197.17584728907082 100.24238010456759 217.6809808739468
248.20998524778292 149.91098707986683 199.44441453440368 153.6713394713686 131.74950334560629 138.0133065335927 120.14540673490372 172.79365130405688 249.96720552831334 203.23921329786333 132.37211846997528 84.26561587845129 56.27116235287454 73.694583037375 42.552324183327 37.80527219771498
375.3879042812496 331.0779091426316 387.7678210863678 305.9791333580641 224.5915409654932 324.0713765315798 251.28797941125592 203.90377339981097 337.66164189381095
193.4418016081282 201.53295090318517 179.24328832430916 130.01645841152518 100.04449194416746 61.956680465106 32.47749966006821 21.206942319312866 40.68825227274078 219.68761041565065 48.306908847026186 102.84968763128734
194.18548262528657 226.35035104236886 189.7068289079659 158.45101667615734 104.10757359432415 49.17258253357905 328.9961634982789 268.32389067772505 107.6144036712401 228.0810855705668 336.4457155144585 252.5848578301418 250.18382933043034 241.39599565652017 228.4800041000046
306.4470723291883 265.6064761041939 220.59154298676944 210.9333513386697 183.42421762561406 121.54287118056662 68.1959012813314 259.66603314531807 273.4988977170787 304.5800313506291
343.62414117373044 281.21810839717335 249.63251242577556 199.2065258335187 149.03242459259772 401.869695161529 344.5570799555006 268.0045076889927 173.54206597076094 128.32243287161432 112.56521151352017 161.06844667099642 396.52442225050794 326.17461556376713 207.9373181153396 147.50068980013165 130.95447016859103 124.98515593166721 166.7110640552034 389.4468236725411 321.10330115695564 204.0010273614749 155.93527445664745
254.33947585624654 174.45145396651338 206.08095523669704 160.87429575366608 106.60775567654751 98.59744434400729 121.81949099782645 287.4572918267155 245.1198462344994 200.76180660872302 152.57264244894407 102.63132515626043 139.1072198162361 113.25974950504073 72.1276201921394 113.80357580858468 143.616788520527 221.7715633443567 233.31146784320262 98.3876717878416 107.75961023289643
356.3867779127561 291.6357131158315 283.3866691657823 223.9649280610832 362.0192906621357 295.45144016827857 188.89142038433482 88.94567013315645 43.510805773141485 289.6506694986461 143.52135056020117 71.26973146859865 34.95591443919504 37.509563296062495 265.48775256081865
318.3795277655029 284.97453668709045 328.2218721528151 233.7034997224316 175.1533304133796 127.80007697577497 316.6960257475903 324.60031963731257 306.41918328730094 316.98065740444497 407.2998069216317 316.1266138543384 252.79355568680927
319.11780066827777 334.863567699305 259.7271585433772 226.00685679463348 294.2013636624136 191.7801221672038 228.90175606486017 196.03124009650648 165.48021594186434 153.063031793589 147.92778400786838 307.7424498418239 186.35625795836376 256.5343361032012
227.5832632893704 260.03387352061605 149.591952032673 143.6523052864339 124.89143753981119 117.71923109415297 101.99896550309329 90.696198551489 69.78737092626383 82.70973635795957 86.55781722399904 80.42586418515891 96.38928293869782 101.22840805332466 90.86903894367927 87.23573661881402 14.195846922838957 76.06153943527123
101.58567262553677 145.80056743128753 163.46948759834592 95.67724241348373 65.90084583677667 54.57327625378184 138.82606058935656 75.48387832336259 199.68163147729084 84.4413838962543 29.278733167026502 27.246487053798564 31.876292066329114 18.563007548480908 25.73995861301877 36.930755368698975 224.50704783271988 49.706319957031056 196.16590951143004
302.5893197683914 329.61356519948595 286.8170866569971 218.65094065541976 103.17427265278721 166.31221890574574 96.27848746335025 79.33378009538689 112.032606114387 126.02995355318605 131.36095647797032 123.94502784090395 85.72512307853928 111.12834762202597 108.74341362200491 153.72392890259658 62.13853811253738 110.07519668284344 133.41252628674738 141.7629775828929
308.8533824196993 201.66262894418193 179.29048840858346 306.9471447677309 261.1497525355727 193.06705752512616 130.1904183927711 208.53593481258125 393.1766748996056 290.05647968056695 302.02234046388514
139.73558500422234 167.24295091949585 72.66081496684957 46.50564037500431 107.36375834195326 237.30555050069304 118.99050037247461 60.437988407160084 36.466695975420905 33.767338125892316 190.77896281049595 253.13691139181523 134.46118803278887 49.00681959078156 30.33986537282709 32.68106643755666 192.10641113302685 250.77502993529612 127.4686676675513 40.40076492410087 29.179105010075123 35.11577153475549 185.03455062255148 240.25378379658983 117.86388283472078 37.60761211999309 30.778546262423653 38.22592091430807
349.1003180933036 314.0028718990809 247.65998760309782 225.37464556422947 163.85027064074345 90.48806696815676 33.562340440365155 258.24560821939116 249.12149305078307 285.4326762569405 211.60843736693366 244.53190498973646 239.99066163443655 207.15849601090392 169.65022627306305 157.10212961266197 106.69098959502264 84.96179244743776 81.88124405411749 219.18897985571914 213.3502992728735 282.97510176864535 200.18883120130405 234.75552111734774 233.87285839957505 181.02720351405117 170.46527308139986 167.1290029537496 116.61447288141011 92.33218496799427 162.38858056661223
300.96936534128827 307.774254919095 297.96868545062324 356.06860053880615 393.6907779913366 400.09830601063703 408.27359699687736 425.56729021930755 439.60576685397155 563.2187231262538 469.98372704775164 449.4583260759827 462.0520197310839 448.97617235719855 428.82689970977276 440.25176599449645 441.78767043899484 405.2004208763291 438.702899200382 449.2833415828956
332.86851814213395 246.87282061863723 236.57959147914497 198.93667318960263 127.80709957761549 50.73556297912748 137.23266408644895 173.7933790046345 300.5036423033681 262.8101678500647 245.1315980289512 281.61209761077555 268.7545772255054 212.89995472882438 205.90394221208865 199.8234551690743
301.68277027513903 218.57880847867014 185.45157534131533 160.123030508461 178.83530039371766 377.69560883480335 245.90203407618282 208.38173155287433 176.84255255004354 149.64489651143208 130.38067867591195 143.30208877806362 453.60963631182784 239.96298546274832 195.5523821435462 155.70147068127415 131.7718487609904
183.41675712846853 112.24092940170853 239.11554244124213 227.03796733615985 235.58318596670185
63.426237268456006 92.89859014614801 28.946900721456405 15.07407961035302 16.699322849169658 16.926748135947086 9.675557625769224 38.71415190699569 20.0235369594833 19.07528640611314 37.05081056603401 44.956365496773294 48.27695244275914
96.48151770273569 119.2254347151983 143.43066396387087 72.65369306210484 42.75160913752433 40.73871826241218 252.57926659261932 227.49420856856173 216.52483958700233 249.59198465054115 149.20949882900754 219.75743068849258 150.89930090410246 80.93957665339461
210.98954139552777 261.3228274226228 184.55361583572102 175.16388625065053 196.32562643408662 138.62118729320375 166.77198498815787 123.93809801755133 149.5731785891561 175.21188909885225 134.08640617094338 158.307723680934 124.659034925837 143.06636507418528 165.91255074978315
253.42335868164136 167.323399869486 172.36534400848984 243.91590238351137 273.38811304830267 265.7275963234563 233.150773974343 229.44729085081883 263.9709647571852 259.33559682946435 263.41815296741385 225.1087535910905 222.3587705012008 255.62933357955853 253.0098530560867 256.2981606890207 210.65535704589087 210.39808129654142 245.85763438970926 248.78986738484232 251.4641867457771 203.5152947416484 204.52980641343632 244.0256690588448 248.6481198750441 251.0444827905492 202.12984940766475 201.55010133213162 244.48749094485976 249.53382539147537 251.07713662328732 196.22676346636172 194.99570926437394 244.2346272353909 250.5130951475435 251.13217502097723 189.86369612628192 189.25642157580577 244.47963737272295 251.81452024591235 251.93026434653245 188.18828959627604 187.7047696774052 245.59403281270957 253.5151863951265 253.60584751595522 191.6005301143271 189.4720022170041 246.68541809778554
240.27395913415899 200.05685871124868 115.12309475359535 77.69398128424092 57.64602558884725 35.640169793874065 49.81027076561455 56.04539191276326 43.53367024502793 46.423489540315806 42.23049301269964 38.52300307058928 34.765873469828456 31.420353076332198 24.974564846990052 36.34770352597425 37.798349670523876 40.266687188826474
158.07916425708308 135.3966488109098 97.17052766239165 75.04909906550378 53.007253246253796 83.53911659263863 157.13159193993434 211.4782870272912 158.02003854828288 106.44552161827507 78.69350381079236 66.31647635376525 59.96671272580068 86.89948647529579 109.13752854704714
262.5271217798214 179.45742041849294 196.6650550436648 165.70840925084187 167.51552174899376 285.94990242539836 269.0372889335724 224.00132436593975 207.8638284595816 192.13918565095278 155.75033055238592 283.2148131844593 308.24064158444713 257.29906113188486 234.74760181401348 205.96777964093502 143.99427672024927 263.59539750006365 256.576305492276 249.3285428050705
241.5571712407135 160.24745045884768 102.23832055000743 65.24836907948432 111.21712341815076 479.0087315359069 369.71960117588253 261.95275911244454 227.8048729544382 133.14541398997787 98.46061304473315 86.27098619037852
289.94160777553924 213.87699498424763 251.22098135929102 206.94066785410564 161.6844985676661 81.67877584894651 72.95518792397097 177.3630772565003 135.35431608753 159.70355253331678 288.49582585630503 286.9628025831978 278.15864660404367 255.67574287786402 165.35387713791692 193.00781104373468 176.7643195516784 167.856379906218 144.29339819855582 90.06755470672255 71.11075839648699 110.4407419914905 183.01350240630669 124.48995216985159 198.57526247545738 314.84862451459503 296.61497510711666 291.7190051479637 246.05399467208002 162.48859423423272 146.03498225463713 162.21193571642866 259.3409996555779 297.1992570002205 164.3033552028913 160.39159420952006 133.13137116292572 183.7274582148376
326.09985689515827 257.9698198598599 265.1814319569005 161.35049628678576 116.76206890601685 396.9361084912659 357.55642546027275 202.60722481375478 289.3709356998058 235.17807464760602
178.65871889602 223.18114298652307 156.8055323561398 115.69636579764813 88.17603215857658 71.65465817147614 31.30938314703065 40.45820040404092 137.98756768263152 188.45097562855236 199.07916667638213 197.26900955916122
200.52158701138103 122.45575235048354 115.94065963808593 266.66290854465683 150.55016707063123 81.08356336118736 148.49722929159043 315.98084008642456 173.92377461371896 91.85159701120817 139.05977092026797 316.90660806847467 173.03726218082494 90.76627213039127 103.32879087898202 305.4001777828856 162.5694933824195 88.76308103123263 94.3876582088726 303.2333871722111 159.40547587523116 86.72093594832754 94.27428641702129
177.4238933751689 184.9261976075829 93.61378981878003 63.07690247505258 40.024585207364666 14.996860565130172 41.448803964748905 95.64341842813603 0.9970638425391538 78.78173220042284 81.29038256425203 22.64004860465305 30.006848755689564 35.02332567965523 38.3672335818464 25.630165040887718 47.42275604466676 73.64340466205928 114.35517623058072 70.79625073583428 128.01193443870986 67.39260544619667 39.89241342867749 29.624909260368074 76.19794394171149 82.02180615634427 65.20046995294722
256.6804214898339 212.57249526421003 181.2964079036286 91.80965832024013 288.9610278872783 330.23398085143316 339.0988094521034 228.55726327192937 195.54322354671254 217.27651074370624 190.27328580753544 93.94681292788813 285.95228391787293
278.4217627770947 253.8479367376608 280.6221312777539 205.22089556386956 163.94198065286835 110.71493057490913 292.70474825792564 320.6761734024 320.9860264339477 359.02116613195324 206.88226638142712 263.8960340985541 194.39853419878943 280.9641121093074 208.46282837525945 141.5778909971547 252.19263914673175 145.72510148320393 94.23659280012866 185.9815188423966 292.0245089359256
249.533954163311 169.89484997652974 187.66824389432048 95.99112566488958 60.54517953250031 38.550618231404236 26.844720139475474 28.29928751801989 115.80481556652362 195.46821086093067 208.95774771261088 72.39289489205672 160.68803065586118 151.94896225378085 155.874368493488 123.29695422028212 92.35904578060655
324.62258233597413 220.54556278178558 138.69855792972987 249.331442426047 152.38863709030036 81.02008034161717 120.61215115989256 217.19050758391384 123.2756453725745 69.16923686003427 159.3972915739029 240.0725722010287 140.78837351402407 75.97721308627234 170.82725900405092 234.6851018399113 143.38893219712142 86.59736373847113
168.61743956345845 213.1982581085726 206.71064494879982 154.51659535246264 118.9428146172014 72.70695873250828 124.45799631297831 121.62215041442177 235.0292537470883 262.58050709365585
195.09774487692226 249.2834533440351 252.94977687069974 204.87400680004745 167.5840520468374 108.54711546788732 302.4010084751665 211.2194035920242 211.91275627745046 174.79943257968924 124.1482467164081 60.469126758867326 130.99875976773473 55.3178506351962 108.29740771324529 54.34511790470099 50.628471128771075 27.937808180720367 47.327231109001225 166.05046270567817 139.5563345623614 185.82579475624576 71.88757780639206 102.46318799714271 57.17534547157034 139.72479836635893 132.1593006031858
270.7081539530346 237.86635960699482 297.15971163083157 304.44397294513834 222.65193091326645 239.34834466907475 279.3252939814262 291.89173224951736 318.60452994406614 314.685016573501 298.20539660461446 296.2629490694607 242.34261752085197 260.7888226078679 235.52620062976038 153.0930100628573 136.25103419676284
303.1101971888528 313.2869982130659 219.23211995778533 191.87507653325721 109.00621753378363 79.13694622192402 154.55292250977024 128.24223155239994 49.474434918558856 172.6916785154505 206.58623398973862 222.42856232971639 212.16008720181196 126.00094903224866 79.8934642856563 81.67017930736203 66.64063233921372 178.3597984445891
278.22231159546783 270.1035761977538 305.13534740618974 248.34139250809972 134.17164817223983 116.59282676285358 239.09493481614132 278.3044951123265 181.2355026255454 138.9689623229584 126.89680406357087 244.33466592758316 206.680225854034 210.19736544468017 194.44601893803983 153.8725280868658 161.65571377696708 82.60264173066626 225.87399190682441 256.7682215883406 203.8075105765432 157.25921874327173 150.70488220458392 206.86637597373374
159.32580063863392 133.95129070597613 174.99890805493837 110.72887303898635 72.02872447855458 44.35692410059128 33.67616994917539 32.495358259522554 12.525130584246027 39.5812038919141 29.45556623870838 11.277793773939871 23.634622692008502
363.645893175515 278.21106223724604 237.62980570563485 197.16828182253556 218.26276995228685 231.2189731554174 225.70167778622871 197.72263460777071 219.97898378281852 230.51921807325098
316.9822239881777 296.71914274666756 265.4537946388791 281.5518110017154 414.0492375205749 434.8372134413163 454.77431824669975 442.1984507525975 466.085779744002 441.4066570642176 478.7870783344793 461.43589336983905 447.7339024295343 396.67801429573456 375.574542336218 482.1833001111087 467.63946686158465 486.27141440094096 449.30227421355835 489.73458946856795
407.21866757042176 327.6151174648612 186.74511977562497 151.80695376054018 159.65378712871646 144.94035241352057 132.38337477479283 131.5651618541891 144.86704116880315 132.47469425389892 126.77645484079322 132.68966423782666 134.184001674079 101.67360015118552 102.58926705762923 128.15728693670275
108.35788008391022 75.4028118024855 39.17950939601679 41.09833327563131 28.531522971846044 21.28762321221126 35.57170888120594 49.011067721257646 41.15600764998543 68.60922555004167 91.42637928427577 50.362560582486516 33.065425887617984 32.771772853755415 30.440628438354008 35.99293035573236
250.92078688139088 233.98087888871035 274.724088690125 268.58414753674555 155.5347933772165 133.4533055054483 255.8540924543816 261.215675569655 248.2292292891961 349.8002483893548 251.8131974633441 264.92008244273586 201.3744925433402 215.7544975460417 231.29076867268532 169.50676617812778 83.69603651821782 53.04289981342156 224.8253996749215 245.25426492724128 227.10136254305755 356.82706476442615 257.7155447492234 274.42395061023035
230.6046159739218 153.80434862449266 229.5082247975551 166.7991921079781 112.73919782300925 125.92543270189394 110.32399437430232 91.0058165028269
131.80711300782616 142.5904767207456 146.9137537328757 113.05508709400571 46.27910359067263 26.040110907832492 13.852965188838333
154.44814465515466 168.3071182278618 161.56491984109232 150.7500908344745 152.04853546550765 142.28837422538783 181.21422852074144 147.01585834475728 117.23434892639054 105.67505213913924 111.85465105191822
288.9722812925139 293.81809457854274 280.30001414010627 308.9502501078993 336.6608610197272 253.7425512457173 362.2194775889063 344.5925610259652 380.32158268102205 387.77790354876254 367.2651848497566 309.64256854755234 246.18360435313812 264.948652356355 206.48940295987308 221.1395748460252 227.87661476127278 210.55948681781518
382.1585807463462 365.9158867686905 336.2275515958243 354.06597167565815 452.0574297764156 532.2669931168624 486.9111111062512 585.6363613291476 605.9457695507737 566.9324534192532 556.196001708689 548.5744860523575 547.3612073514062 552.6064158132606 587.7638418586163 639.0387445458509
78.63092193075197 85.67656923447028 97.44623670443978 63.2282960246715 48.166639280237916 3.096065987766817 16.94102828085354 14.299662621467842 159.24867469796223 176.1657144386976 157.08066693540255 166.7238975403132 121.08637840702963 100.3709823906551 74.71619785198921 71.7743887335698 51.33087653265662 22.173449341855775 75.98230944681985
