252.17821035529283 217.60714429178964 260.54048233004335 242.99696241469758 182.41742823292387 88.84313209801672 75.91863210757253 26.73758522147805 13.6736416750786 10.187725287560415 18.97115533734734 15.715163415884112 20.849876061812292 13.690709640896863 4.998393399622409 5.434240180730835
139.7628887811106 127.52527922404111 94.74096708362059 45.7461463283649 47.80450773285875 31.806788756837786 22.504973922596207 23.751167008355868 11.569514167830656 12.490676045259232 12.726750108302333 13.667650582372245 4.099961894654227 8.916754407619171
378.01247287074557 360.2672141224153 407.38388458133926 223.45028350627706 217.99262059509894 331.6476077718863 169.9335993185646 182.5828792835722 173.83866600007033 54.41073833886804 4.359658243549746 8.857591268437616 25.558385144865113 31.315310741505083 30.767772837099102 39.61054718296502 38.0102572657997 42.12468358023279 38.492013898405595 34.0535592575786 35.82705143882087 36.1136454814022
369.76859862827837 249.67391024193418 238.22866643341203 199.69088214036677 188.5827890206631 119.06632655348378 118.80427982949504 63.65852629561431 50.72452867352966 31.067868930333113 31.375053624832194 19.95989886963853 17.21811956399451 8.595902852928674 7.586975319557378 4.117819400545102 3.353269440268206 3.692105546849586
221.32419321911271 263.6921833936053 182.62268155537322 173.39144605298338 186.7323667674676 205.2204453951513 169.07869746426275 170.6623861213958 124.01824510260286 117.50228618578616 51.772189289660446 55.40459727310774 32.63812320645276 33.943478913687464 12.202373273198331 15.87716521129639 5.733868753538814 6.520343052654938
295.96018950412804 298.6353694449018 181.81483253871897 170.84239560156806 171.09874778544412 70.98030941200842 39.438092213184326 47.0588972515221 15.362207481591378 2.0569480290823106 6.67228067467691 6.370409182722035 4.094688015570318
360.31769374755027 275.905039323296 259.3694563959222 245.46972524089477 236.69969048277957 213.74726891482402 187.15379920518632 188.51758519957914 72.3571421841554 25.80962650665024 33.973499807087336
435.57039358913903 416.6332271492067 261.58234323812167 244.2432440685504 115.36942453012034 123.27506550150623 51.654698337974025 60.445261466605395 28.585595081163458 31.452258935048995 14.122861322163319 21.830740973235805 20.29266877300061 17.073877438514717
327.66598107755414 310.5863111262253 248.60846531561694 276.8787714038828 273.0378218872483 200.12787641004573 112.60316839945727 133.97126579216675 39.34486271196144 84.79160750771763 22.4490639588501 34.84825166826221 7.619811332702163 5.485735552655584 5.187253950037633 7.689925786082534 13.216591245625233 15.617937544441443 14.358093987876419 26.62116497658695 9.017159959156594
313.76835895167466 302.81921764450226 261.5471081162764 261.8759834513974 192.3616675292348 88.03433563382164 55.84924339929932 60.89277245619278 14.448597934121615 3.33243424637203 5.092409979282997 2.7159920738323566 8.97480511787738 7.357744016961494
251.68346105976957 170.13761238017534 188.97704157050504 206.94271669232586 239.46289491499536 238.1945933396533 180.67967132718834 185.63441804125912 87.53302381735848 29.839683447761676 25.522001937771673 33.66234052550644 12.174333915147233 15.628810850303333
328.9543843712279 290.680199784278 182.977850132251 162.52053711514392 72.46149269864772 76.4514611837349 21.83291104657139 28.723503539485154 9.807555833870136 10.51008958596432 15.307997474378908 12.69756744684338 18.763178719531737 16.221743671837366 16.539884532252977 22.372059502291517 18.64285374228041 21.148962211812805 17.716881092300476 18.45499621871074 15.266740260866516 6.525380299825928
231.40007740612697 153.51575118435238 145.04961093914923 103.73166877182199 100.19885178083896 69.69249180927233 68.35153967742454 33.18679291733081 32.397329986010035 21.74324169780317 13.116575680952188 15.35041642211028 14.470098251553596 15.983116110813977 16.401203213778977
335.71140487167895 339.61178038677195 245.09829297787905 244.18372388205844 165.40550767444321 113.37374691510855 117.33835762082008 69.54973666117998 27.86407443333579 29.80063717898672
231.31476295375398 194.94391434335026 225.05647196607066 102.17776205495284 95.53264051231842 57.91900521090508 24.254952143605603 28.079074163259335 12.61830802343937 14.722947703457152 7.292452850511156 8.508432998363423 5.327075586460305 3.5201342190286367 8.450107655633392 2.977110989968193
339.74358798061814 314.9329351635556 158.04990914478842 157.2375071477213 159.0823353811228 139.57848926484604 43.23771791281012 52.683309742121686 17.993174526544582 22.13052914140409 9.385336387907492 10.585500113061945 10.379328156446206 7.693800010771806 17.014311984729808 4.434226712277643 6.203321870641562 6.970106858777737 11.153898042325073 11.593251688388268 11.773292819874762 11.743177755600733 10.200083181169948 7.508437069650956 9.16406798548341 5.548212777492972
372.09124644411276 356.03726115215795 267.0215854364599 258.26403002409523 192.5259703910198 185.50018470688343 161.11034921639566 163.0345513391478 145.2640210335998 75.1058940958177 70.3477640172899 55.33627408948305 20.08742472377572 23.134776504076584
277.9231857256216 254.11631754418292 252.3619732389712 182.95919699643304 173.45009493621714 120.93585250301396 111.24375894827331 43.64978560066557 48.27952006993111 23.01114682964093 22.76955945520481 19.992000380816314 21.0253204648575 20.729050450589146 21.307517637049873 18.30891807396934 19.39602651952509 28.99916020716373 26.916809008090773
306.7750469781504 293.2918757352598 261.12222381833453 229.05666143683158 158.98602683332925 172.89016523482337 77.02694919767346 125.89705497177788 127.47445123160638 48.21759989554981 56.63056949843867 23.805780043079455 26.33204710364294
323.43072973989524 312.8480502365394 210.5145629914207 207.7309705614719 108.97258752422431 58.09144415796945 86.21382994759013 38.98514463765058 23.624125918114824 27.102749768039054 11.543161516866197 17.852500297079832
186.54096841911573 205.67263364065303 194.05586073044955 97.3622579135755 88.5640727415536 58.67536965933644 51.07694119949862 47.05903241036013 49.0527027413421 37.069145810681086 27.03956949042441 23.801671830989967 16.225513509479015 14.050339791203898 12.245854143790233 15.768343645005334 7.281992172115897 2.3003584793665275 3.6391621498476283
173.39039935992054 66.83961456196502 95.07386402260039 93.9538580274157 30.057423377537717 32.55473801387921 24.16939907111345 30.062153129989852 39.78074245290606 36.39609725650991 31.322344589784294 29.09767360867509 28.952049831153044 25.63865906027194 24.833068161329177 23.201396064495103
319.853763597766 274.35586309308906 280.26397796679294 250.81768692927506 263.81137343911774 154.34030754409196 157.74863201291043 151.6952221453505 33.70395812585103 47.628489893500635 8.144175551698346 8.010956021488216 2.716683536271665 16.056874035382066 18.522290970627594 17.32939283774044 14.477116656191589 17.521542703509944 17.682921747677046 13.030889923784834 9.251947834852947 2.920892877567392
361.3322911986695 346.2444472840948 288.9527189880046 293.488892754246 173.61837624091135 189.65310644504922 190.48049560052016 91.46528741142541 47.624886586800514 29.179993213937685 29.861338093381416 20.41192201407884 9.408429730427553 4.3104824751711215 4.347632474496648 6.985061507641363 6.33070329072787
313.13508643507294 299.7270027459446 257.64505868305986 225.20083281035318 172.49192202454367 167.68838887087978 65.13986899754323 62.295174835073695 16.11958608620276 22.025333383061692 10.122947061861353 9.848917539706758 14.323368476658832 12.908903789862004 18.513871270483296 16.33905974816187 20.176664096409525 12.15303367686147 15.105254982457787 3.9856231266854243 4.505490830942494 5.059813528583125 7.665532747228887 7.467526215767793
237.12209872378304 232.52114851906845 170.92197029223348 174.53497900302204 78.07000572032226 28.83522737571977 36.51892827071205 4.007361675601107 4.5768180505484475 12.474332735308915 3.1128062940032755 2.1983239061338242 2.387813782087253
283.1085619873719 268.55096896144056 257.39598599489733 269.4831054695375 117.19022022398919 51.69831008306927 60.78808890467236 37.38997630426958 33.99203151329123 33.62426058446902 37.28357196985344 35.492889144297564 39.79701538681031 38.04729596878674 42.094831976986825 27.14169095638587 26.378184736433862 28.599450742285658 18.172230990843133 21.035475413655107 17.122238739678565 18.69583293817097 12.289231485102478 14.633850242998578
268.6886958448244 239.00271641147532 269.9384771549857 243.76857989831777 137.71710963547417 183.36646546123654 163.1025351936044 96.90834143904134 97.348751837549 65.22260530972959 66.26721864583784
300.6129897732936 300.21004085159785 238.91679235292506 242.74475800056024 182.8457488413715 185.88617745105597 97.85824319117583 125.87117600506657 56.83794046296964 88.80296782250517 25.053216159773807 33.11358151236829 5.4941931344970225 10.744705656254217 6.512168934906352 5.144732014682984
231.06756622455322 217.7332467963684 181.26572458706363 145.5461337401839 97.06152791677113 86.3300337132717 14.686801347200609 16.32887560506841 26.609461957095224 20.47402044937027 31.640960933868367 31.121570048241797 32.559855775917995 34.07885478292638 30.700916322796044 28.849311488810724 32.11607195361171 16.169611861284285 9.181287076248422 11.440967106223649
345.8911190646524 344.83364924685475 311.609257741837 330.5492353599115 296.9067189789657 213.21542467469064 222.2914892294935 147.4910623478506 81.70870949170497 101.24677546688707 61.02572205445465 35.95716945738074 41.719162209563144 30.848850138961737 19.687291298555824 22.127112275597224 26.243794660526266 20.413619627991036 20.34735876062789 13.985111667697332 16.120464241443266
436.32276850572504 412.53051696429503 388.11097124973196 370.2476545566226 174.17446396093078 180.33384167617163 70.0172992360304 72.12622707534423 36.62130278607516 37.495047067314694 19.953001006332798 23.572616553268404 16.498911888545035
352.8102018357594 341.7506247422123 311.220022773371 317.0361346848153 252.68766729026953 104.06460817009827 113.62220029697802 41.51404779131633 14.245275405394771 21.372441684450877 6.9993178387884925 12.91853648035697 6.483809463047658
328.39881844327425 215.02900141774944 202.9067765573439 146.11585001334336 144.33202962941994 97.68706793436918 44.49233294823406 45.62595086266944 13.132889021779624 16.720518923152838 15.30005327935481 14.96280947221426 14.322535892191283 14.783645959027597 7.4374221300784376 9.720201120357183
283.08173188088165 263.01427953818575 89.13834124110805 96.78084811543397 31.37781200266705 50.54735382034473 33.04792122747539 55.44304731413398 50.25352355947534 29.391775569111292 115.38777436104085 114.18852141055365 41.31871934396546 52.65760423075397
364.2944078058182 344.75094284353804 246.20111909283978 222.35609655335992 166.8024373453056 74.94794723128553 76.15437799903654 25.495866606303498 29.0548770056864
188.95881477716182 187.89334161410724 149.89211092987338 163.34907250666882 174.79900564208137 189.3402456330641 89.5803449121465 42.01662499192112 72.87765456790044 35.169249574884475 17.479425131351135 8.595338640599278 5.15279670096802 9.407837993504588
350.36015945524764 345.90825487925895 303.3923777827956 144.88523082400633 148.87779772793127 47.91163079156216 57.174751565645195 20.82731077857373 25.17631338599039 48.93409262687277 51.79752352223477 87.62942395437015 89.24487570734118 90.22572485603372 74.93165564257859 31.846311353557944 29.071373083826124 15.99590524606236 12.108450673926244
205.6584572848756 191.6509938791542 144.07832978171305 151.705787937751 86.54255864321594 74.7206469277549 81.62865494016687 34.391787166258766 40.87152912380679 13.084696883479547 19.194269601794694 4.517034791798452 8.259278269189323
230.1747054288626 200.08795492793644 157.99538062882058 58.92281774046186 109.35389768383592 126.35963701507563 95.7164373096999 108.5342811060706 113.52627696613102 45.02040164975955 12.449952611471819 12.690415602954044 18.33797251151885 8.268251556146803 10.700481046464798
343.5001521102675 314.9612616945893 168.99514634267382 152.8260625277652 73.5371664662223 79.21044506207066 38.45034057577214 30.649227175077282 15.40671062970778 18.151488834815453 21.97974499263329 23.062780046065427 24.489307585474112
200.7312925627031 178.90746708452764 98.22032847005613 93.3988408645249 28.18248481601673 35.022616303732946 35.18686798578256 16.74515369790314 22.451481290932584 21.778724407035863 19.487426525548628 19.26481393383901 18.7303761797658 10.73043479725895 9.571436086752895 10.700233818250517 10.790258835731732 10.59984774328107 9.816002748901258 10.2198662016836
366.83501844950337 337.92080822827063 331.3874122680737 303.55844165729746 281.23558818943303 278.1016515351972 252.14012510781808 249.6188608398818 248.85112783454824 247.68845966461043 244.9893537630474 245.30676509403145 226.95303128521837 194.00244457388484 192.22112478675635 84.3027525104659 26.135702838117194 53.67621730524425
318.71528716601006 318.00558052305956 294.2989166004348 291.97904879366155 153.86996947839998 157.9241156690075 69.45471086637782 25.479998844017043 29.678341255371073 14.196929277029001 3.0780129450779694 4.565594177278732 2.694963588360257 2.085406929761419 4.0004299743069875 4.203290480181731
107.23475073644036 157.89251711272775 125.98211259778334 99.7014703109218 95.74213414944896 100.07484149764885 90.01831353586181 28.61176822863807 29.003073090258606 24.78640711114837 25.574347146539736 20.33521352875424 18.88064963139226 17.525511665503192 11.207395551199319
137.6622670714215 120.32390092484818 117.95489282014027 103.74496277184345 50.51337562370274 51.83168440496843 17.550939644636966 21.965535953626212 12.410898820048839 11.01553697048393 11.31352750258878 9.963769332734405 12.62281647925948 12.950023813162959
210.36515317323293 204.93065855703549 119.23882692435667 82.44017379658126 89.80192684566062 38.46773772711199 25.315573267544888 25.97231467038381 22.882488867253794 19.87092713353004 17.94930448475567 17.419261443158703 18.06911645359842 8.709433296184821 8.535618988607485 7.965931677796523 8.038568875547872
435.45799086668 412.378781522578 314.34916960380656 318.3669236365422 180.90724129918664 98.39396179878555 144.48298551697175 73.2737987993582 37.479882018999575 45.26918235040996 22.628520389400887 15.75463016611834 17.822228755246876 12.736724043524921 5.567477286713453 4.989273738624314
361.9380386799792 329.08600243879005 175.6139071009155 167.91764944119865 64.53714122925557 70.10697209569325 15.71800852907559 21.868865688337493 13.14329074239092 12.50311052064328 9.955583988791455 10.102164071130156 8.634912654991798 11.940738164830668 12.723100677502176 13.748884225845655 23.592837568989367 24.02564659384441 24.39351018279724 24.76593301284846 24.316121291991482 22.276763669703428 17.741441510347553 7.48135359969617 8.548321957803491
294.5524656971698 292.06292020456675 134.90502277806254 73.65305881831144 67.09402985175794 37.546274161456964 26.433977259381166 16.678192859804305 16.042758697453174 9.738832830769011 4.53441195973212 4.17119596618517 3.5860584752780995 2.9924571343408473 1.3415621153253707 6.068166699411424 21.16387556112515 21.644790989709758 21.18700152635483 14.383991457189493 15.521907755555532 8.101791782926595 9.719393011034075 13.451031797543143
314.9661549658355 280.83002808311346 303.8599132588757 307.9852845434676 146.46290643067707 159.50518604238775 159.78979855465425 147.93181046540073 59.23043653931898 64.96307106828014 31.785920540882266 15.42516444309366 15.617340739909798
107.87468498133214 95.17359441952765 128.34840579597557 124.19213122031786 122.7144670615577 131.35934993776604 135.69094018939109 178.71762050039553 168.3278514731077 185.93256398301364 182.40196142375737 197.07338289488385 154.76373795986586 125.99796611299358 121.240105947315 158.57418208344782 98.53672258756299 33.21190280996754 11.164581788883881 12.75473670605341
257.6276957022725 235.44729071925082 141.77249011802982 146.16319985523884 79.4684734364248 51.26158890561754 50.40553494683822 29.39517617935735 24.16701460170532 25.496886721326142 21.59101774923011 20.200934465111512 3.5386243287443504 4.179667491584493 5.572432211749836 16.601599169996092
182.05500859371244 168.9020272717996 127.73882972085404 121.31199615072622 132.9967843815065 156.43170623112377 172.64551821673564 156.64758709369505 89.6486280985862 90.276526633583 28.239306451399766 32.33372998156951 12.633036568966254 14.420720305555694
322.6263532664536 304.8281610191285 265.5740966849999 237.5261970654854 144.73453103078933 140.033517963674 79.95519402927916 87.69399570987194 47.37045682537885 118.37013714625988 42.06577637449115 52.00860566580677
181.1747486613979 251.7057724014938 234.77331512088705 225.99420901310924 252.8807693527163 253.4696150106428 255.7156011291265 255.8858234771068 120.77517816499743 57.6858650938863 22.581774524338197 12.168282693054644 10.8804994015619 9.667509244678842 11.32154401838044 11.019367654212148 10.493881867611488 10.24508656563875
414.10619148500086 349.1881684346948 333.81126570685694 327.42922563171663 316.12811717709974 344.5089891377602 344.8762819938006 282.29869732781884 297.5925348336163 130.30132664547875 54.74564403325656 70.76806186642409 33.441162840365834 16.477748930173878 21.924594070961334 15.628648027519747 14.279156878605688 14.895017511151977
311.30262685262903 298.2833968251982 202.01409815466212 199.16755057054417 107.57241784149416 53.83245458579758 65.45933819019488 69.26995790898157 36.619935474693406 40.17628810395122 27.736752723959192 29.0083818889046 24.567591942049848 24.810901124785072 22.098693650159476 22.007897426765105 12.997569000270177 11.954331030414558
206.5934121201669 201.15911609454366 103.93237464357948 49.77901666617973 58.09315974480889 25.556275780651603 31.83372283696714 10.445514554520233 14.794865305535629 4.3403183175595075 7.071607225718374 2.206066318685903 12.921333370840697 4.69247522459412 7.595842957761501 2.926302903390089 6.204510686574138 2.4098354066056014 3.4174474968409445 1.4799913039791168 10.465911630899999
299.6233951090016 180.51474711374874 169.8098883229546 151.9426546456221 83.73391692210213 47.08686545399355 50.125134471708606 33.90294145565142 29.41453185813637 14.80685874932911 4.103890220662309 6.300306490082255 5.210530680049836 5.553258401404709 11.265280107486555
199.99856074568922 183.48504863453903 94.34248476748087 86.18959873017204 115.4272321362736 70.37348513590698 64.96136517749792 72.86548233337093 16.952484593656465 12.09365626488109 13.474016451085923 9.443888882574111 8.719160296026642 9.757430539736134 2.7720996126591815
136.39469353016864 126.9291494559503 25.76151834280172 38.91874201959965 35.41830092843379 4.650194851638383 7.543088316482384 13.042309611733753 10.273635276278304 16.36167638948375 9.27413253899545 4.368971005291377 6.8285321419197
98.25355975443239 143.25322257751802 109.2810197885908 71.24570973383379 62.660785782762154 97.90983251196465 97.91736920509364 42.05156081711597 49.986965620494786 36.34904504831678 27.49043492517218 32.372359731266734 18.358850362853484 10.89184263211343 15.150511330837732 17.031512749827638 17.682276558642645 17.692652181811514 17.116598861457835 17.206505144302692
182.7456257417896 146.5407614707483 137.73191320845524 104.25500880358871 73.39451607924315 71.05662534778753 39.7429147459884 32.03213032187289 20.92618525125272 12.407549772861161 3.231175105333374 3.602751805180747
253.3517395439535 240.64463038821387 85.6920082174087 111.79968871749101 60.40540225240054 60.10434638944713 45.419284295609046 45.979559369131444 39.03005651951001 45.28261283561231 46.00652261365493 38.37380089605162 41.39190640793379 17.48694142524583 15.546208483353995 18.493870089285327 25.274843188534458 24.422355521562086 23.188867005722873 23.339822638495196 22.656954798102557 22.967821951651995
227.37812568951333 196.56907574606345 244.73280056367295 222.73567997764076 238.04044908684062 102.57305800359056 34.19289603281801 42.16130039830589 12.285709538967705 6.374686877720537 19.517137270760447 18.069443309696425 24.003472322928726 31.585094279303917 34.330955268325305 31.13542942727923
241.79012726838016 218.13142109470863 158.99832047396754 101.27813283476563 109.97562087847459 55.77445589250924 26.85561969362044 32.369535537272 2.40731248543812 38.69109910623936 22.512940119180094 28.097869817619298 16.161440763038506 15.275543977011653 11.952450666511993 15.74403456600174 15.228537219821748 15.952001946171606 15.171804637789556 9.809309721073024
182.2318266886602 205.34697919826388 200.2420134862584 146.26789075883198 145.83990968171773 146.0315496471582 89.11128586092426 73.62316578463918 67.4259026738982 68.3755548891399 27.05070841343534 12.42906074281311 15.411926214716498
398.25503535399235 278.23930290845755 290.19968442160155 187.5510692475854 174.9038220394492 71.53628674026822 67.72538405560023 25.55732958185492 44.17966584211779
262.2540376547898 238.5043047216393 102.42703714927232 103.7535817293915 32.439974806216725 40.86343094538095 34.033202235851086 39.700416168547946 11.998344350958558 5.70059598329673 6.415700239313905 10.07338295467723 9.816149714899113 11.826138144096724 7.720295846256342
232.5256368036605 221.52786181512795 155.55925138673928 161.47963135601282 74.77623189226935 93.74525176302865 32.55114817949556 66.86718446862582 26.514115258929127 31.116497636791575 16.95804272321252 17.8981721670244 14.927334843919914 14.912776459905881 12.365238247672707 12.180368981592027 11.53602041414068 11.383957890962902 10.523278663209133 6.193818283259408
325.94048304313486 304.34535647526144 278.03167080487765 252.10390318546857 101.37315915035386 107.62409471250007 108.25371179603273 105.29821018977809 117.02059716269184 154.90806701971977 155.73243369999258 156.12116956462327 156.3931109470842 57.16236619699111 69.12801296396617 25.41719718579143 33.072734389929515
318.30596163217325 299.3408932678589 242.76538449677142 240.1617414082516 175.3598431693989 173.2471950796034 121.64877298073394 92.22912776608028 103.8809121585352 63.88731992581561 48.11966529622708 50.85917524417257 32.88955714380809 22.52504645005849 15.592217504548767 16.215883389785223 12.478347452678952 7.314565388497839
152.08754171001732 131.85157909216247 89.81059031966444 83.81802977092462 52.74624913216169 46.9138206300617 29.02566180040223 27.183594065770986 9.848797664211792 5.9960058385075765 0.7731615897659951 1.9903875205400494 7.985365405631826 3.048581414567207 5.30224489689665
145.74820416841962 121.57554220403365 134.2352932558383 120.29023750135055 106.02459806855632 103.94949359553782 104.65909404990549 55.92966009357658 65.13921389603065 24.178838086768714 3.8103422079417713 8.318684196141767
222.31225561281494 201.9088815796124 262.7860196153166 108.18267196278028 116.186713958124 119.03043152350101 121.48202253796907 116.96001260867926 121.7340785403458 81.4035014947465 78.0312721479433 32.036176387311386 30.035056620532853 15.782394303088859 12.357475666239182
263.16871682106023 239.01015062370973 108.56197084195057 113.48983049994322 39.19363445456371 37.959379000751944 12.461916324914677 6.172110255936176 6.367966147744523 7.685000105191856 6.578414023583043 8.234431452974205 7.3170635917569635 7.865704745300425 7.370654660050972 8.330017170181621 8.304140832184643 8.477804423226678 8.462770119195543
153.34933485817666 129.40056700592228 149.5224837988817 146.08754404481243 23.050655579350764 57.165406728597446 15.199822655799345 11.403472774827598 44.44748598994461 19.335033274724573 25.416950511976285 13.842871287870107 14.892637531340371
362.7795741067272 374.654025965029 383.57080885575505 387.6470861529793 377.4889177350552 378.8721066405311 213.48182156243055 138.1656971349853 182.42085423524804 69.19798267866004 28.165862310273404 52.73278381415267 18.16676657330739 23.897751791074892
112.71687091366013 109.57648956439107 138.36979151588451 176.98182118313102 171.41936976886905 175.3326179770016 79.33432176176669 85.92588713604387 114.55229550979892 71.53848314812265 83.60050259106688 43.86893592464645 33.76143586556961 24.19932052158319 29.398666201541985 24.18370754853696 17.815135319138268 17.960410208040056 6.124835648530635
199.68400352294216 91.47679308643215 84.8211320522981 49.56674032587168 32.45336259894187 30.30221684288495 29.983117241861972 19.48584388816727 18.916631308330828 18.813088125709612 18.00587879243697 11.651647970132212 17.980687222963194
305.92456591515224 273.48283641669565 242.26488235463322 111.0769208698834 115.76034827565678 45.90678090104641 51.330261145812734 28.337293766758656 29.04789166348357 20.602581267820412 21.3061770536239 21.529613388008425 20.710489421591948 20.987715323539263 37.2863558783725 50.739164507192164 50.768437012814786 50.719112835975785 49.2055529410149 49.09789569748901 49.13272689023147 47.58028806334885 39.4492055676414 28.616174458406697 18.330695404193406 13.004201935541028 10.771737775524723
192.04303486756626 150.1336999674201 172.55453846380846 176.26142564539907 107.22565259545647 128.5202407049015 201.5996333264808 191.6668810656564 250.6572365414064 264.1858692407123 261.1046549802032 194.73038046105313 180.58033780874135 77.47638272029597 55.15970729345035 19.436785839873505 11.797656028260985
307.4692770066605 291.8403005683695 249.29551935989988 220.7527414755788 100.61241125865159 104.65218186650839 78.35730562858168 76.06957445830207 28.868318917545086 10.313634640536371 13.5312701942962
417.34159912824356 397.6690612756155 265.44933767557933 247.52327711758372 239.4181201488563 117.278244700873 120.91777472319806 92.47938253211291 70.82653988951601 27.812706423503787 34.81867617825591
234.3502321409836 200.3744644033962 104.66893469340414 44.10847137354994 42.65155026788279 24.487649319552947 21.33001245133561 19.47906094827701 6.367771858901779 21.658537931419545 22.602751084470597 22.408493395738805 22.286703395828063 22.117278593186448 21.820759321159798 20.971156125002977 20.293814456335586 19.551686444368027 17.851068251001788 16.28994339134407 15.801891099279757 14.595017973590336
135.99475607542863 122.43694371616425 85.49468655440378 81.57618581320204 26.254616050819973 9.040148525975685 12.078358407277022 4.482634718291149 5.596658216365209 6.054797286091426 5.4536337302229825 7.3090138067057815 6.378887272410885 6.532697029944235 8.532169290822656 9.166447193254198 9.476877215109667 9.752890635184128
293.32470630661953 343.17931933411927 315.06538652020043 360.6142810933943 323.37657227726936 324.711110730945 295.4204645781346 294.7597929699326 336.86389611811165 375.20587598953097 159.88208273445733 45.004985002736305 82.08853814336965 241.13756581115962 71.52673298343865 96.58402451249889 29.1344845551498 37.81152684262405 16.57979627456445 28.60615395869128 25.447055341482738 32.05547904112646 32.94847260197809 32.06868565439445
246.0170371735893 220.50737928652887 78.68538775394282 140.20753928222487 162.64723220408817 177.13411251963925 175.06310066526393 139.6564382236895 121.99492219314433 39.597033764172814 38.739538090190024 46.579945852795724 47.7745913024525 45.51133850755872 29.777163405074397
346.96395670840354 311.46285111690355 352.82469597088283 331.143562931896 348.7173248265626 242.0558565361623 247.01660130646417 102.78648423660306 130.26373447487717 68.72589054243284 45.16421390944185 52.73258233982703 41.818285438740915 18.819964367747172 11.756732897762486 14.35372425998821 8.663836391511884 10.751932223937064 5.5623683445327305 5.482694535178301
305.9885318757281 201.01949937128376 192.50010090634515 106.93986480648071 105.21154070364588 93.11182051197407 38.414473556502834 34.25586508959872 6.979156034892595 1.760158568507322 1.3648670703370447 5.856985344536663 4.4300456670001775 4.085601406011301 4.606600064144225 5.370710726057853 5.263998137893297 5.918856114041561 6.609477522637175 6.900539626684739 6.703725188198904 6.426553715234292 6.8306770782876765 7.107781521570212 7.4368420295902755 7.772140811620142 8.045136696708646 6.6001416168758915 6.495529151519914 2.1570958533404863 3.76667451280843
345.28243473099735 233.73989254630695 221.75318518601298 163.91668832388234 163.0235988640765 90.28543275285442 84.21030057287521 56.4059307643724 47.35756129287916 32.7616635702945 15.674187983633486 9.410406185576202 7.587980661440087 11.748044863838498 6.635547745045376
343.9335600783993 315.7436445913383 268.89876329771386 128.69274636051114 104.625035707317 54.57194744042421 45.27291185894644 29.37016036987717 17.155643511796445 23.93287778916873 24.2342007976857 18.922514996737704 18.04171562768399 18.651361657532707 17.426634633916414 17.866851961474516
283.71896525108576 259.66745441742364 245.32853759973244 239.03444955149837 247.86602829845205 120.45554796477708 120.1944244314117 49.167507972263564 12.353100860778747 15.495053962766159
89.75239230878373 66.40029999185165 48.37986420955994 10.895869931233317 11.728759851001378 18.871744239798268 25.8507126605374 10.106497128604806 7.996548588160274 15.122439562341949 13.535031501611849 13.469407831159355 15.656316838284711 3.568080277156705 4.435934339992019
167.91862332283924 135.89091431154847 153.67267893324467 117.0470341492798 62.904945335031485 84.84275976740123 20.148811819632392 21.36576217188475 16.340868409631003 17.75029747278515 28.891488992175635 7.154175507884657 8.62589945809865 23.421476241032575 17.79356906919329 18.027865085874126 17.55699244736159 15.893168042478193 8.580458495071648
374.2391084535456 371.03891709255697 357.0918362346331 353.5921700754744 381.8451677446663 376.9913145205772 409.79618351628744 415.3530241577436 423.481226787932 429.28096974665 410.66083304997034 394.80715311822115 407.42089304620004 230.62207706123783 148.58608274557915 10.526705972053618
332.6051104139413 310.80553682463386 337.7812804422863 332.95648614766293 216.3320621989721 257.8861439205185 148.24191600264837 149.49822257572765 191.16706807059936 194.42484498363032 264.8147693081391 251.7364876834182 94.11897464549325 103.77964250551159 21.17662905731424 34.46617482031761 8.078325503763574 7.41431361997877 17.22915258859091 11.649115993631185 21.88395498446248 23.360265943345993 8.99809918305828 11.538959968740043
166.51836709822447 119.12245529179881 132.2863207353764 139.3166557180477 138.0036974119727 138.19798326643618 129.72110098640624 143.1721216316534 127.44445767904257 156.92391750125338 60.85255623514764 73.75142446459412 86.34277781367986 41.52706023850877 46.61547132149247 40.04912605191048 33.67195739482858 19.254882210165295 19.893204165295973 8.152743313675852 9.033495463501135 9.243273272167764 9.016617372475872
310.85873384188955 306.790246515578 199.47520259625523 127.97500856106733 138.87691838479228 73.29235116922305 53.612126431909815 56.932803744503936 41.1642881855534 21.056493382200653 24.12196851927571 27.034421741603634 10.635628165049392 11.152339528791948 10.142311493347892 16.173819891972705 16.28821799990953
162.38798423029576 130.2085604800623 144.5458757981788 77.37579970560762 92.99284727734941 39.09381960835691 43.5891064949081 10.552918255934394 15.193518959982223 12.793088348125588 11.633059346117225 15.600888827809001 12.963225576741173 12.955237282836615 13.06188989627276
225.22572230451067 165.27845139132452 165.84298399320176 91.53027701608751 50.363232376912464 57.884905819744475 14.440026277473633 6.164309628743058 6.428129256188964 5.392681923856793 3.5292481970730316 6.597824452778728 4.165317138178233 10.408802656243383 1.8590860731752799 3.079985602884724 2.507572985266438
232.77051577686692 210.85783733036774 159.91611480262029 153.03362856826996 66.52360566003462 14.095168413188373 17.139038137825487 31.678559539084258 25.718147657106083 23.15141152437682 25.96663564699638 22.570317993843794 22.911113109786555 15.150046821046056 13.88378727223075 14.82258056515141
318.27365761690254 336.6825953637538 329.7274898185245 207.47787256264013 203.8235904375547 227.5371298392528 101.25990330238534 97.47484600186918 99.96864554505314 28.345852041521244 37.58587926470032
236.21744716303138 126.83186633682895 108.55244607058995 148.78990484438506 161.37884215053 105.98250749524789 100.62412886055198 119.55696119274083 57.41678768657647 55.48383718463111 23.988759782448493 24.887089708624174 19.267246351212044 11.543819508869236 4.307769772358067 5.975092976230444
417.34065025582765 394.48748353472047 374.2577703681042 186.7893553499392 195.5762827980627 198.9671074891657 201.38169657497892 205.3216194180881 186.44335711551312 169.14059367225548 153.2296438636954 154.36114622072657 173.65499978651323 174.8216759918448 173.81027972155184 174.94935237348307 178.5228800663367 173.94209828326098 136.56454217617622 58.32962101655257 57.427008724356774 17.011925708079353 22.66921777624326
