165.3492472513684 41.46354148227712 19.776196379285135 23.751722542351647 3.877179560014998 10.091662194195033 8.986354515113728 22.48168229884724 33.2053270773032 31.221030950973237
270.5041497331499 205.04664627861456 242.89523558793172 235.6574966355867 197.13853094861776 197.78333586161233 198.0874995117611 198.97586702921862 205.72451857050063 210.55068503476164 230.657576061429 225.14010232419378 101.20905026947774 46.39407678338875 46.73182692275074 24.57339957586911 18.86670116538269 21.14243282718064 13.249275989638209 10.370623855361616 12.434619835464208
357.5916054238726 321.80694512488316 311.1013424507154 241.6975347440353 156.74152908337828 142.85166569770914 96.62494800972618 75.7154174354521 69.36660319878152 61.3458923124829 58.94001567969993 37.812475039556666
258.0494915756299 267.13853487169393 258.9715488497532 221.24654853846175 195.89089772846924 198.48013843640786 118.63857174711642 40.0921572174281 50.26063256879783 4.0782265909632205 4.901449042140411 9.755763570780173 6.992313307952248 6.968245850748273
175.0369292663495 110.72649382863477 119.71628466227988 75.12194297088065 30.921745927905633 41.89706758602111 43.93882938248876 38.99638172742713 39.46603704751165 34.89098292069193 34.82522284745686 27.311427649375123 11.025547629390827
204.5936369804905 162.33893985863662 170.53683855913093 143.07126139429502 103.97423033359017 104.38514059812353 59.56027560815691 24.98454513140815 24.334215079217334 23.63939246987916 26.427097156429785 29.697036950395432 26.55863897460351 17.409218603087815 16.72793343388029 15.864346533094782 14.97483688642288 14.14655270406547 11.150088821081544 3.2768676182400815
268.70218671159324 198.59764141596906 185.27314263140968 140.55804069687662 140.81582408571757 102.99228988048995 59.81849064121267 32.297075186669765 24.981469892094662 25.031041313649112 23.929228162747368 23.353076366960135 29.240045277285585 18.66850254584949
86.64523967737259 88.11197307287173 230.1070631779931 317.9921232171434 254.35254570950093 106.84411351130855 230.73230009850994 94.84273191019832 184.83613883805262 115.83572281012019 49.63330329026992 36.40675564520396 20.75020190057059 19.013114491401456 12.905993079086931 12.863898466160332 14.3006650453089
342.0854616125202 321.8978344173652 320.1838384270848 346.9459135333477 329.8396495466547 315.74340633755105 175.2078966034111 69.60560977254109 60.56245891152951 25.17402447689861 18.20359912531606 16.485727517484 20.56784222570715 20.446527282019463 6.254918363232368
419.18678170611986 419.38051669920884 405.25275407004756 251.03062973851476 115.45657170796473 129.6311992977505 148.80028619661468 150.0811327898899 149.59937091312491 147.532864234622 137.370630469832 152.17838251742074 135.04798716557497 139.11501616425713 48.178180605529974 56.624638342253704
156.39728072167281 97.71551616778504 91.6647976210869 51.323352219168235 14.304232435273756 25.725561349756948 6.463777333238222 3.2883744288667627 8.185802496694546 2.909349149534358 2.319466973930708
341.19328371309587 274.87222345637014 272.35455199962195 207.5307341703357 170.33502239866706 171.25971923247744 103.94565489107227 48.227573495107734 53.256492261212095 55.37313500291715 54.902157506228015 55.41482132263619 18.183887431002955 18.205805010249485 18.265863655621036 19.14770407481898 30.314103372417655 33.68581130873726 34.32442634018751 34.98404377113269 35.429966868043216 31.064886897835056 17.9836933320934 10.731621579707062 10.740622291823595 10.870815392007458 11.052667797622362 11.179686634709206 11.420055968518128 15.33263398541211 15.783937866165173 16.244928496235957 16.687545534709898 16.472933983403266 14.567410943784383 14.65922030591221 6.453927826706726 8.129892628610515
232.86369366990283 237.3110179209402 227.22000829912682 219.30116289648566 241.74038137688808 200.92799458723042 221.12437138646303 241.6636139299594 115.31538124009663 49.5613014122854 79.68789278338033 27.966547603490895 24.799252073921732 22.6646189842464
153.06104650841064 233.3054606020698 247.4368034938612 302.27683309926124 303.7652451801564 142.7925634986315 264.16331450354807 314.31357691558014 137.8599783524381 311.6533114709908 391.67208812979663 389.75003207438016 436.5540851205534 291.25638539677146
253.24896216467684 301.8013243785808 339.50230621179077 382.04424449194437 396.713552211035 465.22332723910296 257.7609410086439 394.7032854142009 473.04103254502763 260.43888485401516 384.57039539942684 303.74421221725294 138.24012290177967 324.88603757625395 155.17167810154808 257.50926788789593 102.71474837392381 284.7703367024836 112.59475676651864 176.26963662622234 93.08060711048995 35.721170020971975 184.45467940171503 63.91570465544631 176.51690272588823 54.87605814294906 7.521902526804212
435.3038366869878 411.02788967738184 389.8052111119486 196.09570067778412 96.54154645697852 97.1849761320605 65.20124278563308 54.04907352339582 55.29459097988153 38.62059570634207 33.695591839136526 34.87728792363972 31.1341273656381 24.700759537287713 20.068740235112273 21.29804864894781
250.06946249245587 292.7057563222978 286.9789050638298 277.89366817958273 308.53959349214597 182.7814017889603 275.04351326976104 326.580734841888 293.4927871681319 305.02406831536365 274.18517926556746 183.529508037426 270.3342236668543 126.14876940415225 136.6168967727151 66.0797064995143 47.14139852409282 180.59326075779248 82.05856885243344 41.32168414856859 33.82494518123105 28.745965171835692 37.24943120859538 25.53700493509028 23.346123851084478 23.935199638822528 23.391436174535503 18.28957589348019 18.08122924469441 6.994345404134143
179.3839974111917 95.25918550229112 106.8842671450254 24.166424684257915 22.038395318866016 13.958884164907928 31.35515670515047 31.914460836628486 23.34520162616795 27.64466599088584 31.433100789279997 10.882046124281233 15.219804076694896 17.197547513033193 14.710318813786738 18.093766801206733 19.641531942613653 10.049974118924222
414.6365174079824 390.6703874090714 222.51095129851927 95.35505782164127 86.66216590787006 29.809542937795854 29.157860425859532
252.8185004029237 119.0514269132187 51.95965022614638 51.33571295713326 23.339744591275497 20.697357388874874 24.267379380604964 25.8611498744725 28.676892669997645 9.160200910722956 2.2575859056065193 4.49996936432533
199.63167203081971 280.1977779854235 304.23234111878986 319.48238327212226 308.04316303144606 286.0523262659277 350.4528803905211 348.3360932565382 132.6040690098895 28.333139220522458 187.2186943438858 58.77472842896402 21.74304019554313 27.04731286938977 28.917430681461095 29.524324762107558 32.7523434664613
388.4262118477734 371.44518869992874 369.28110995092686 376.1944935159885 392.62373557896564 369.97684495109286 408.91348853748246 429.20012265263085 392.46954469084204 353.5232632604026 170.44488036040707 79.14535054689804 25.79175482119598 17.04830801384821 16.132060535507627 16.188568830868178 19.95847129712347 31.214924052273687 29.201364488252104
319.85713844379956 271.5092800424572 150.94634661728 81.03166986096237 89.64293235022582 41.09011048543859 31.814678813469378 10.02725089692237 12.777428671682474
125.86343733334239 186.5494614770221 142.0361953755133 207.88363386424643 215.2821255213307 203.50708636210098 77.16005127283582 167.08074973962903 84.49891895330167 159.30744802320243 156.91115901931872 75.51002166098134 157.70642716919878 71.59908208032533 56.22222280297791 136.0604058227718 62.80291060292792 116.2781806661081 34.707426950795806 136.03543367047197 43.80965176735766 18.283814344521325 24.0409511608908
255.01828976694452 224.3585764671252 211.67944969159046 188.10136869036785 192.61631344251177 185.02596791898753 223.86898829748034 225.5756269373786 214.278396237336 119.21757709658272 43.315415992559466 30.86010331749421 19.97759108507012 20.969536154026652 22.76707585489026 19.864711208046927 19.076703748700336 19.26580298474774 18.20787311277002 17.884440818467706 13.089734826055114 14.19628456994145 14.768919463499643 15.137816727945474 15.407631624916215 15.681614707569441 16.01027683499636 14.275859786561465 12.155670910871182
352.40307300658907 333.8511680758271 136.72907364327392 27.49640330276839 43.421977727102046 7.074066195050107 17.131103741194476 6.5287136449041805 22.38675766773696 29.78758049595891 16.198447087192218 20.993829912024353 49.39936441339914 50.32005263878113 18.738027807812582 22.417474086926493
303.0961551427003 274.8991322185797 250.91549013418208 278.79756298907057 259.77421840827435 219.21041126453724 83.46728741719302 21.301109382907313 3.8635438542802074 6.782836821070149 14.117061637855619 15.903426821717439 14.001961928195042 11.417420160597318 12.43914789549769
50.60048140992083 134.31479740342058 174.2550660531251 174.1404769419762 195.73182077736294 218.03570627717372 230.5575684603432 250.70514351147494 257.0909689988643 256.62649941374104 120.69272129245486 176.52469298031963 63.79873884676389 22.907038663846574 79.50114134482011 22.495786833972183 83.36182057839272 24.763635502608533 23.55854451804152
317.22004650501464 354.3168285597137 335.6883381614743 123.23230966908547 249.67676745103523 89.21201021262647 156.6270928306714 163.41050998192358 64.96407407557041 63.57783663520931 34.91348201447849 27.699166197485347 16.027691153189984 4.200512721231226 11.340445700814449 7.854142514869877 8.464265842372544 8.651649503605919 7.778355775059548 5.471583002760644 4.6532955869638855 4.493672793210444 6.369013233677536 6.193430511547157
137.59471779678137 115.21358000332994 117.10795131220424 135.75130567904722 132.12982146164913 164.02407683544885 178.48311920406996 178.40143286584342 155.99204560861924 164.21270938259744 155.87165358675642 104.08731591964015 55.355205317588016 36.76824023802202 40.86300614926152 35.346645293129825 34.723879651436
372.50015102891234 277.34522154075745 280.8126183829895 146.58720226733445 71.08893409792108 77.51435689853636 41.17832937974685 26.348191733220194 28.449577073025477 18.546114304118472 11.7694427624904 12.625916613070418 8.09946600002008 3.4610053809218018 4.171630590777293
207.33488494878856 153.3892311640561 140.33220680718134 85.60875806241758 50.13879671523168 46.17895586430008 33.391616330863876 24.898569191206896 25.036731919644705 20.380706943974495 19.560627570549094 19.37799407265654 15.331195758570344 14.298765651896984 13.871082562949265
314.400092954993 290.29950963540335 283.5192820236338 269.4711754085965 223.12914358009186 237.5699644676462 169.54691700706007 97.94972807104791 121.57769829557276 63.5474802521321 25.022721526123465 31.034379693256227 1.0706985042474126 10.714613751868427 7.2347036539594205 10.69580923498808 12.097308119626748 11.816180947510329 11.779812332311602 12.255234406049157 12.599531808169193
398.2199583688259 319.9301140203509 325.82860937176184 310.56197870585436 328.52264882711506 325.77302911770107 318.1321690269482 221.61685276800281 88.48130867373243 95.75147876555967 28.957462275675326 5.505769722693797 15.755495588347015 7.629189553395678 6.044344394246549 6.553116977081443 9.960209398776813 16.491600047552648 22.245699361134292 15.773304747922392
275.34164813952543 266.0048758251466 255.2327603549107 250.0510739238332 242.98102011986785 193.78209941640367 75.70191834469044 120.09625331418803 28.975179066810778 9.340320744857967 22.256936265993357 16.381791233178927
187.10884574945658 226.88319193921552 220.96098327829768 251.8267315775637 95.93795512500138 78.19999838130225 74.52741304635249 77.87202362482438 72.00792675843631 65.2212267891334 62.46589465340451 71.73190975451922 64.12212082987884 59.95605250125241 57.2328955295234 56.68014465425617 57.73801605258438 58.127009935214176 58.642511333846045
256.3629457638436 222.75046618508443 211.79168022307584 206.83731671459088 170.13752458495318 151.91709716833242 65.03699906915894 16.145484728474212 9.62441031000392 38.138893526134474 45.56166445728008 41.590415330128124 9.649961557258743 14.490417062284001 27.1974494189745
254.47351173879477 223.04195819499375 214.44304769269226 199.2057533810987 165.44475283996567 156.38442317067518 123.09139601337145 88.14262405791561 63.44633199895676 50.515042295140894 48.46570874751176 51.01261467271516 55.82733450709725 58.652654864638 57.048544685079555 43.299732825012576 42.85971154087021
397.4884691474806 406.55989709045355 383.166552056636 407.0183552204739 492.117662464493 451.7848294985894 337.4110164989895 471.2028248365154 232.57238318355388 426.26812989371035 250.05409738429915 100.47898253234254 21.04069506828683
267.73587283287935 274.39720598226495 246.47377581960444 123.99420968655913 159.26426700596824 68.40550785809 67.12276106197163 56.8561204028792 26.20882261576044 14.381066352266329 10.490950046207004 4.559559184783363 5.54853815761059
241.77435178890906 235.3336708456528 208.4640739487544 156.41575422092333 175.58149277598724 76.57321413539835 91.76289320528383 88.88089432296617 60.51738293294466 70.35809280393308 48.98665798076772 44.25694446016322 46.61186066530971 33.64027539823363 5.993149475222867 7.543976662435121 14.776419794391987 11.865809747400679
237.42435386304524 173.44027255950087 159.68068520656885 98.35866199613626 60.41431563229303 62.38134260661547 40.71024757968195 42.72219598337925 42.766787458523055 39.01021154676955 37.662226869671926 38.004905385427755 30.688659986440417 28.148727128258198 28.622633794231525 27.231714176922388 26.744512726470724 21.854757611139092
396.79414686412014 390.3189284743156 409.5336846211295 400.60527498763724 432.63903304230996 445.7732302105856 536.2887948037854 569.8338178424815 294.3900461299475 289.9586496804088 112.51527118374284 133.97825849076014 74.55440175347422 42.79848888023831 49.072552938908814
315.66455184962126 196.74191534675518 157.5605360445955 103.55280996157153 105.31034005632593 94.94250869396762 91.66873322236876 91.40488493928612 78.84563460320825 77.62924374697019 73.47821328968526 68.10861839359444 67.05858370139735 63.683620423223935 42.053206092978314 36.652556033782254 34.609810955782656 17.15465628855608 6.611072205635622 8.34553461333977
131.62876320837003 74.77774643135493 67.46642035213235 36.52415962362777 28.209330845373362 25.5551216136219 22.401567943805485 20.750441195169188 21.01577795833846 19.650003967313626 21.16853175881165 20.489080391335527 17.979541421340944 17.0656110053861 16.83645738406842 12.945692426891119 11.847800663958122 4.990112874200129 6.764400914761452 9.439498169081508 4.754458267665269
169.4643606427399 141.88094243947262 134.33202072827436 138.4932710117048 168.8503617217195 159.21076629261898 172.1644010579855 185.86546685828165 132.67042330793092 55.71141954924515 49.70029646650392 29.105709906257832 29.537885920190632 31.821634745389208 31.532815824896407
284.58051807530376 199.62159058328555 196.71893884995208 93.00556840485648 34.61613431372258 41.40372996149929 16.041766922370147 18.72611978791818 15.889048742835989 16.686276079230396 21.117014899559457 10.39490044611364 9.455762378731874 8.658005601216807 12.136004024692626 6.911857010499497 4.734187146641333 8.379741840702962 5.335271181134368 3.991825640022234 7.598521567025059 4.181189955582956 2.4946485710935438 6.108898045678452 1.761159677323126 3.5767783149432573 3.549316538233812 2.9858153427263607 1.7311495612277483 3.662608002936285 1.6928766820607 0.45124939182789764 2.548405490647722
432.9397979415907 239.4327804327205 104.53052422753831 108.58844711897696 45.47605419503127 19.113544887521616 24.23970776764604 8.97393721331435 12.910967293032208
279.04976775257177 231.59304531323855 242.9682799132039 198.52025383400942 154.81761871841118 163.5057443565923 146.1580580497831 77.80363052459923 25.009226059113193 6.054113700385697 9.77120516047911 8.120073124932512 9.482839105418002 9.082824018088973
234.18965305949104 242.82270456916686 264.434432281621 260.5094361662374 119.18393804451863 159.04172392936186 53.24319283416623 26.655432444630016 37.56882374268582 23.541008799176357 21.633826534594107 22.330452003753173 26.16129485830718 24.693731600053518 24.43747774151565 26.250075544499683 25.379127007785957 24.774043319189367
263.24056845792285 235.17788799754865 197.27094283555886 89.49937761409419 37.816066525256225 41.60700873190313 33.95278504385256 34.759112265539635 34.633804772397575 35.34392275047985 35.69864717415023 27.568042807926002 22.406908474668416 20.608093131651124 3.6533261696132833 4.621409557138225 5.369901343631545 6.1905667672709574 6.788191532194128 7.451630431223869 7.943913494720883 8.107409457984641 21.400537809863877
241.5625464198853 263.3084368527867 238.1800660878642 260.2281913663909 147.72459055870098 113.33630852787375 57.633160853466286 58.26213295344466 24.45619345488138 13.396435509165773 13.322348997976569 7.687286420677073 7.744496232815251 8.140448061295938
187.38101610630008 165.04625445570025 153.66780498490962 94.72490535016274 45.72788314239596 48.17786895729468 15.143199953029727 1.6124403591412544 0.8547162130464753 6.619938540417484 9.152979382453191 9.098709696360878 10.251618387336483 12.41647128125998 11.181344150251618 13.689233537926803 15.592084063422215 12.341669881559328
205.66669693372236 130.90272760508938 134.22559134838005 56.90105070343378 22.295436897020302 23.40068444946329 12.896544932291674 16.764438320469182 17.230713578121485 19.35373772418338 22.897998226606653 18.116465489471796 18.786183796035733 17.278929021877293 16.61147079488098 17.714871101989974 15.062028342800764 13.903642966160376 15.259190732526143 10.804598110424955 8.804422105026275
284.3545966239338 217.79121763507968 216.17222711713222 102.54699447300675 29.79486501937239 40.11749689967889 8.663708284929033 10.380883221304764 7.215841000248793 12.464278811040591 13.533007554071762 3.576457738581383 4.438718416458548 4.8593217565746505 4.439363143960467
318.88226801112864 247.68487495080603 231.48233890871117 219.9040927872202 202.4955028760779 169.52777287314206 165.993650500694 61.21989415334176 51.77428898986181 9.302249889021203 9.285147595427265 1.9112974379998124 13.46508218379348 15.115478660360788 12.997696830817812 14.829881579273067 15.380406387901775 14.95457405673396 15.383207383898672 15.259450772774857
324.96811034670435 326.22212821710434 291.407976110216 294.7672431428437 318.2137556720412 283.77759910348595 367.35963730284004 154.18341452792882 70.11910623083915 128.84100792899957 45.41681624886899 30.870276396961227 20.711552330928928 26.43794530754771 26.637032797153 32.14282713677079 17.632922349917994
227.98485119318596 194.49077389855285 188.94906098219343 159.4072363159963 137.09148159383102 146.10312263028717 115.15262392137119 86.68699004285703 86.92371863690876 66.35277988420889 57.16136133236197 60.63898503637504
317.6606727441912 287.771135626963 291.2300715715095 299.22156338942364 299.2899627707112 169.75034842932385 73.88573403310492 74.01606908957186 35.30369593098382 24.862413234724382 24.478324553865114 13.9564463075275 8.085373766494627 2.75270784653588
191.18287728880276 131.83831726846725 165.09702076517425 69.59729959949374 10.023214819805647 22.91225193555408 15.075248270356905 18.374519241627958 14.64165811081647 11.811185360339401 11.709237978410387 12.5106005551065 19.666982038370737 17.01427933649781
98.50791274471956 115.99637643674684 73.28865098477768 92.90740646947442 5.775821429480267 20.861173421484903 15.54061229130482 18.770739687213517 19.849799818217374 20.524311651262067 29.6202232893481 27.173340053406854 10.442723676804453 11.00201601923644
192.30400521675742 157.27490223423132 195.34886855091816 120.37348582395755 119.95539292157235 44.528043503313235 12.904779496079037 13.576347527889071 5.4665789750174945 6.848147892771641 4.183238075445611 6.75673454088537 5.519960936378872 6.92983420918375 7.993428983057776 7.83637428471872 3.723805049719071 5.08877520828418 5.6331383014686995
208.86872546552488 145.58458580494064 187.82525357481688 137.19203284635213 53.85996612367674 42.47478973387115 14.092298895122505 120.57748832240185 37.59537392509651 46.2510598845075
283.79225882490965 170.27921623581523 159.58908494913615 73.39432440952712 26.641305607006306 7.055919807234607 2.9377774577892124 0.9234204015716384 6.795234219078888 7.833674097711662 3.0347241286832647 2.757040281807591 4.863596884680442 10.823624500042502
196.88607586072604 195.5587791154041 183.23450435073116 151.98233828939786 63.85703138261656 103.04203618083936 51.460079228381616 29.298300063945803 16.79887438239156 31.62329065462998 25.62790239455378 17.53720120615828 7.740296538622866 9.637854518496745 9.760452004110071 6.867168234717377 9.763831458553234
277.72526451433026 144.99681425516744 59.743236723925875 65.74908255787786 22.341516202276054 1.9347627454886724 6.133161940462735 5.700869972837466 8.284739968470024 30.870194709600185 40.14265811927921 40.66944602431767 39.89289565806954 40.55225559478695 40.742406101380205 39.151760503391095 28.1262071919976 24.077278948176595 24.676058439174916 24.80942955881724 25.06357416342685 25.165820569951382 25.43381593458252 25.99405171498031 33.24713645958828 74.2536633632658 73.77781264389004 70.89517990122691 60.22820981088962 49.69132473395653 41.237393323265756 30.194098352023914 25.03392087404941
128.25871200281188 138.55882115441614 85.6667228823665 41.35880830840882 56.575351875778225 30.455266378662486 16.294947569971157 22.030973905975003 29.097095412876964 3.440477490976939 2.265733448883976 3.1886091759742534 2.8171673296160384 2.609529190055736
316.3047931142131 269.87032947775486 241.06389722104186 150.09475671920657 156.95403296650125 88.90001265440776 42.84494420187244 27.65289351864119 24.16214780358663 20.5464375071839 11.000901962089108 6.356896195922463 7.648242013648068
274.15914303059816 296.10205877478563 291.2632631403231 300.4546888818817 258.97202121784755 258.7595596657821 111.19298588877629 25.84174170423601 39.750470539962066 8.328199786983738 14.79754999945642 10.528167592298068 14.678834030289705 15.592292204321108 17.056027795424633 17.145249973250657 16.823249899671815 17.568396055585094 17.606742289079225
258.73725615941254 224.0115608027057 96.8584125530361 35.46810248939266 44.15791553539188 12.92273360568763 7.014341732732738 4.885966979186304 2.8401970246125203 2.996693590874943 3.4494754069241664 2.973062946270877 3.352699435932519 4.166057881722722 3.293665856436632 3.886167481030907 15.404298462786972 16.183607454933064 16.797008697646095 17.88776572675714 26.89385195932602
389.87527174437935 284.17591238670366 257.89074988094404 281.404656219652 269.07265645647425 241.22861048331706 270.1944559103267 296.6284963061962 269.81369295916994 306.79381003940216 267.0647897106952 284.42782077534093 188.64140264167895 241.64871677705423 93.03311250400343 35.61500311695157
270.6430097490313 236.478212226595 225.6462788678898 187.07192401453094 125.18189087715385 123.42300508779181 61.815068130988834 24.54991625925954 30.79005466123018 16.964679597633882 17.26085100673293 16.761639449371813 16.140665885189176 16.068672198261268 15.941110194066388 15.636779833355707 15.612320638074806 15.010764564566804 14.38802355484346
162.4819026719353 108.574188082748 108.38504557189914 51.40621356852052 22.557829437087534 42.31676469429209 11.65437316216067 3.582344931627826 5.136781001986876
320.68022038969644 269.6294400146547 260.12654572956825 136.0640327926038 61.53906181714072 70.3726141186402 27.60186228431027 8.06201764014013 12.980365158615612 7.707482906138206 10.733511062151486 7.906342466060556 8.192411048088294 7.973395597822096 3.3934137378838813 3.389260077802092 3.2620152559971807 1.267293375374767
187.18614078685746 116.78598046933173 124.39794197367799 69.58463842760723 37.987277543428945 39.187115483849794 27.046647195951806 21.824374745507043 24.799015817437216 22.097502620756288 21.95550329228616 21.05334022751471 21.668894107615287 21.87210343161234 21.97332093165606 21.92270285552183
187.40418504791847 111.63781236833671 91.06513683079031 60.69807175396341 65.8175556533346 87.39830940550205 44.03748504698298 22.05477763287344 4.983338908878102 8.277034623368067
251.15490675474197 273.7266417303107 265.57899388822557 296.57982619028127 89.47826799535025 49.22112817229434 41.93323729829436 32.84250898722314 68.8908934809774 85.21394795465056 87.75980573241094 62.025808826086795 62.11523149082658 50.07345521535819 40.67388697485614 38.782326720168285 39.32625612712564
128.25289356878775 117.28094414392733 123.68492749808571 101.48340057840836 44.7531824729591 50.38812670089433 15.231072164151694 5.915400886336123 16.050025677070902 14.948014096205274 14.80844757360988 14.038859409999283 15.170295190084309 15.303528488304172
389.7415720598867 365.6066972147639 344.55213556451866 158.36457925678505 70.31633103093255 71.46975095548972 41.210526269420214 36.966450816213964 37.66222900034273 25.269654563326366 21.31771086950107 21.54596516064812 18.73629428840216 17.828910503970306 6.7409893999095445 6.896887223877927 6.746649465718048 6.675176816047511 6.607275456483851 6.479660098914174 5.623202082970939 3.614702521910736
276.60563297030274 202.1161393744728 172.13239467908767 110.49466649305585 129.14182892760292 56.258098642393215 55.2776059857344 53.91193523354862 60.9991382691025 121.2363673400527 42.479294201692056 12.689876817267958 19.98334961966296
229.63049893295346 237.91498061770062 231.8498964243647 162.35159481607639 55.14319785704117 37.89959775254836 36.44149205187674 25.185809026236328 17.72363048077027 26.941515006477335 23.593319305759664 23.090761124853138 13.131866419848919 6.3235493868669845 9.623595717918061
324.70192086208283 271.11627267144803 251.68351272049978 141.26946618093754 72.26478731260207 75.11261772335388 47.05845758632566 31.93728965260467 28.99685252799987 25.26200413856451 19.803812404599615 15.612385393263114 10.799006790123096 15.45159747840352 12.275260736955307 21.497455499378063
368.06884052114634 323.82441855531306 268.50266383195293 187.24413753480948 107.95279454694035 70.69175350437256 49.99949500643353 54.038656577528776 42.83924466935958 33.95269284912877 34.355137738248445 28.436707758923827 25.842962344049006 26.175705313687896 25.524674142805544 27.314230182302026 19.80216675333317 21.39063490053396 22.503449024383965 18.23374376284178 5.828841535681702 4.142729200626624 5.857472881688587 8.247472420490118 9.895611272814925 11.053593433252132 11.99500818296362 13.8297544129791 32.15939904647887 32.793978491050325 33.375453410023496 33.86630420297062 14.316711720925438
438.45000459639607 410.06024129192025 370.2907900329006 193.36710366670385 80.37990036834417 89.16895593805478 43.2422721884358 29.120690305469697 28.23092938086674 19.414506813807137 18.473333892793654 18.328426040552184 17.508922934643568 15.754298703605976 22.69300273124636 18.439354664913576 19.97148778432871 20.42453755997918 20.975958516855382 13.29619149274385
369.8478318238076 354.814056728437 343.65522661987376 308.1789849355095 162.6040195493063 77.69705692609769 53.436759864058274 44.091206290578214 42.388631788964574
390.6690236184219 364.9627738451218 212.36528511308313 115.54288345792062 136.6954757646759 142.0412425002825 55.850371815928185 42.2991424368193 97.61416137820649 28.554742490874023 152.69735375840924
330.64758795506737 185.6345103205029 77.709900384755 22.004539599877702 13.951031690270016 15.231772258026368 15.145602882909532 16.975040956283763 15.72927468962131 17.84463778306391 18.313068616885868 16.402387309153163 16.648620335283546 16.797670072960056 11.508847786103088
356.8468043622631 334.3251575971122 326.2634139723006 305.26426916656294 307.588615348114 300.1195891529225 170.76586746751428 201.266103222724 111.84029386331395 75.65560492956523 78.0992734873607 58.6481922104413 43.80235965478337 48.124603821341665 42.52321842077923 35.557814094812 33.7857217839247 34.00064707931865 10.885579698098082 11.822129312675397 6.085269531827988 7.8741127287769475 5.95630561611591 6.501965844408978
375.3071901341068 371.4190934732357 330.680044119502 154.81737341057865 75.28684499565887 73.4756583761032 62.669951257424465 61.750558935246026 91.08400221604425 90.27352733568009 89.01486672002397 88.80415948423085 28.54991510810314 11.781847448391513 16.867627099586542
306.9844635506061 204.55069188645444 95.86915657142046 105.7452637519863 6.337968988185684 22.60934202002073 7.154438872586631 73.50601945821593 241.05920071372637 222.93950469157753 222.53217605113002 227.59902470452852 257.74475502892886 257.96953784390166 104.44449515205898 38.49057583005704 54.534857382668626
223.0850027307823 151.98556291804613 159.78805164863704 74.80129048912356 30.275237940475286 32.8157957839958 18.595441208375235 7.523825525034112 7.611027032837492 5.317430517623529 5.898861955376947 8.686082827107091 8.971069775481546 8.841399218313681
156.31460282713113 171.2468444331901 173.05179635839937 209.99801537336862 78.60190784206576 98.3463483255686 34.05898616894138 48.156242255877416 19.473097937086447 16.673819402154223 16.32757494884175 7.649050118506957 8.056484935508944
51.29568977870357 173.10010858400878 43.039582622507524 25.178688353085704 38.41709924150854 36.57669050331621 46.77784295738179 42.47575861377658 48.25214241279855 50.45193890403457 46.609539358462285 45.181062792644134 47.72036449677242 45.81311371485113 46.62922016894287
195.40953175040661 193.6102796590948 169.8204107471902 172.62583857697473 221.59262404058632 216.30368437643716 196.50801927523204 253.19388170416275 299.0883591691379 224.98307676866142 270.2604906991028 309.56360766534385 284.95418369892093 122.54918880191703 205.04211268422102 81.73244179339748 141.9517423504861 197.5086221363786 58.4163600994152 71.08619389408003
267.93894762485314 271.33886071958574 258.91544302274303 265.7612166343513 126.24986344405322 40.33780232651738 20.357427003744462 24.168327497244725 17.076951560683167 22.495090775123366 19.64879763771701 23.045731617073226 25.44043869635561 28.155837858130436 29.06231064195906 28.425028284020172
209.9153592766104 207.4616647014202 133.34997460690153 96.83800896356591 98.1760820812486 48.56859853010603 36.167066312775205 30.0263359218902 28.43226451186523 28.649937566066413 23.677296653719445 25.27315232891766 24.14752087856228 30.099031803758 11.831488014451104
229.286339387675 168.22240538474117 170.21507425931216 84.2665107449424 21.433440161011177 40.05202638348918 9.49531358479333 4.201214485545716 23.148886275297667 16.09145589444821 13.372511114047773 14.166133028656265 7.469531299807952 8.035064428950836 8.324316797775216 7.570817527891521 7.552878947695304 7.820503928442612
284.2626900379253 322.85865973018247 311.6823496841579 307.09950272657574 317.30517300924333 327.38345523138196 177.68904167766868 267.27326514784795 130.2065268744904 157.63681251273232 193.36087639248365 84.07923847006738 190.49063718896153 79.0312189254196 91.59190662514631
62.39968984129326 68.03261378192974 72.14541886803995 27.209861660538856 44.46521540368142 18.552122613511024 16.638569141286993 22.334443311372425 16.275219388105885 23.554948485876626 23.784807132930972 20.813348987140884 22.838403523358675 24.075219798942953 21.811035503610388
212.53378162840352 227.20413562419287 187.61015551069764 118.66448721033511 134.11409133102921 69.32769335300846 54.252924405565565 76.09153750481832 41.023884975845824 25.341928156271443 22.928473458915807 13.529781607381963 12.075746697620248 13.184896681992823
