119.69156617164862 115.55364718963608 142.72238905934307 96.971884165227 177.94709267762894 281.7309379822107 143.68453638892058 129.90427325782227 102.48979762018294 53.28936091403961 53.230678846620684 17.626014517613758 97.75559911276802 148.06952208236882 347.5487634492879 175.9695381600301 146.7621405672384 105.89854969031435 70.16384866505828
370.2239401828564 346.78880399295167 340.76250659381304 334.50459231541913 179.2398010864701 97.394562874618 56.99836152984943 40.575642506376624 179.1681405556543 168.35317492599188 208.28350528490967
141.1352234345291 84.84284069142997 204.55740328250278 290.49226844724853 228.23544630868125 123.52859121987133 61.75765878293126 108.95678878691062 118.27571896810959 50.47858712629658 20.11577639383542 238.75315619833506 249.65757995062052 266.3954513195048 323.54076040212 288.7118434016934 277.76065705526 300.14383550936867 266.6615320775413
235.7435838446368 204.17192913256923 111.17329293066385 53.015401150221116 178.45160943558145 185.07073334356738 186.99654945684784 89.07052396079413 29.63531750124748 15.491864896165158 17.426263617190635 136.27931360293778 157.10462522345335 184.24330589423832
133.99664917049606 69.92354042469809 65.11383884858695 19.32281412808216 2.4080250335769313 10.431737777247648 183.87704851204245 169.26913437752543 205.24894970683258 160.06353736050113 190.10600059837031 158.14637816593296 77.11455605386554 48.21286517094839 26.78806933769954 17.707784133267875 24.656117573775536 16.00716823712888 23.156242146060773 192.838230328041
374.0996377495018 374.83726194678826 372.7179934630946 374.0521009462265 373.8654849487428 369.24280682780244 363.6150604142712 290.12522371624146 180.93147017021175 179.60157476096856 137.37078200839645 73.18837145034364 92.73802523450307 91.34315426968544 37.95876767450367 14.018042641333862
144.33434224614643 123.78247527399685 121.15210258466227 113.25719334327147 110.81610736625231 41.88506150614356 23.297545131925435 27.180845412482547 19.886203017408025 34.41259569623367
350.065435779753 346.0452799283846 307.71540334978613 254.60642467281946 101.72945411130512 36.934029212906346 28.364766961842577 58.72173540034765 156.28535532900437 278.9793258361518 155.28078227671833 178.22694541049268 246.07328722861894 204.93502746890826 147.40623099753554 146.07002902347503
150.87045365501527 124.59839993574758 154.14271735320602 190.80063640557856 194.93684837083467 89.54876096016037 36.91498260843518 163.40165469470946 254.31857266381678
184.7248136234649 95.0858049746032 80.26183042146079 370.1459047703307 349.3317429607001 344.82991156249705 454.98873119574773
402.66806721288134 340.76931899774985 241.83128882961307 237.48038638308583 170.8628957044604 130.71481607159453 131.83768094486788 107.71945815153666 92.51771020441423 117.01944490261984
211.37859769093654 126.43530019492584 134.0034533069491 65.92991917097761 313.80466242851486 76.1524373657684 80.8395751598716 29.368725494050633 11.24858638930976 16.121528073899 17.766788817347354 50.30511745824133 269.74613749000247 189.0359533115382 185.8352098223436 81.41448007740158 34.15286627494485
310.2089665168599 267.52337541859197 261.55882726550414 251.31281999073892 233.364314187902 196.30131130537845 201.10825170598977 156.56777256483207 122.99212158074346 125.68722092309675 130.6206348265176 131.99619901424867 93.63700738268571 29.986770123564586 89.3910639242396 136.91516150856353 136.0376004820043 65.72310976036357 60.27882636430432 47.58038389928382 44.57853332894332 126.49600539182582 199.53270596642787 175.1923187582453 210.70618689009117 112.07390044676238 62.17513670405931 48.70505893289549 46.002778464288824 46.871595461085626
351.39714663489457 299.5746803246276 230.87105753864105 230.06579963161852 171.96174885738785 110.40827364536567 164.6183013011164 175.072891676331 201.2314272153638 151.1036382423015 125.25947314868648 275.84232147580076 339.94236223471876
262.4378950268981 234.69529401117907 93.6564667935372 37.632667284272095 59.310694976374215 108.92363985883688 151.0273110657749 149.0856523248238 137.89366940599024 151.79678868647784 84.32486685666935 95.54531405538935 136.41176242647438 61.119000707277785 79.75472778028065 159.3133088783343 167.87693042077584 99.68829378115755 104.85922614638073
287.34439568062965 228.70682353970196 200.50505923412337 202.55514526071104 118.91057478962784 319.12505951149086 374.9979221617674 364.91203667619897 418.16321801641055 347.1890173239504 308.16583143805065 297.289613490113 301.2895097775449
277.9961572248737 207.08380087051958 194.46054785242336 186.1490817832027 164.35589155748235 85.05895483784101 199.52524821289626 272.5634869019794 284.5794411087082 174.13741778593277 81.74195440973887 9.369961721787806 93.50988546331422 147.31455668068398 122.97746596402477 47.96458026718798 28.48238401414502 18.133260988148773 18.481113160275687 53.114561660679904 101.61097862895224 287.7293506846702
184.85861889065475 127.78235415513582 141.41553805977998 93.84523506623891 70.93046391430886 47.70498676855406 43.08927252318763 184.05341493688843 82.59324262386085 86.96509717598674 37.76828450349553 25.431325657511785 35.4711310304799 32.67197695381622 30.259852092411133 20.582010484578124 24.69790316260334 174.0778237076942 205.64627899976603 34.72620978827034 36.81910636402692 112.99460898763515 107.97467604770968 170.76646592852708
63.75296697969987 41.89275995507125 16.761544724208797 16.03463721342804 111.89029929722628 100.86594823300504 104.22381686078694 50.29939149961367 42.61147990346617 26.620827200354206 38.36023444724125 129.61260023287468 72.53023893102154 65.25174917245768 52.08976934752149 55.99330159606167 39.736381467532944 27.09615866323547 32.451707002572604 26.12321161944361 64.9101071207051 199.11416471482465
356.4823741792146 289.130664472704 230.89904623724914 230.15028820394485 169.68735769886777 98.73580577585317 102.3872265531989 107.80758872686522 65.66553545745678 48.84006580025129 49.48967128406906 47.44170255209824 51.597213132211124 40.228474225152546 46.01107353971465 42.817795754059716 45.280135640060124 53.05721823394688 113.55639687760755 55.88306751364497 34.24890929032618 23.945740600042495 99.58869252885918 77.47743546083306 110.71945909546223
322.3866966801398 314.36003358771745 286.4579185524367 265.7397098462425 261.3364347805384 236.5841660339784 139.76495533580413 149.02880301871633 57.04145704834304 101.9940864773445 26.022011216425163
304.9792091102872 270.25182603274925 258.0090562489083 208.39533491120895 171.23051666418766 168.43548151076286 122.90646668699924 95.58899566390264 139.47278880183464 160.20781326514148 100.22072986437742 64.16018897905869 61.196836792974395 62.127021631509606 18.063618281553666 8.012440406101545 3.8019173361164516 2.2995326688897313
348.9927982415368 312.9833720653539 267.7921784776849 174.9059632586691 96.07883582610854 120.08360401875314 141.13607376376754 112.49077458854659 103.26935907017888 183.8166572057207 217.01489652585224 187.91308006293755 169.6624081335287
212.97216653818637 175.7245667469425 142.46356626621318 64.87547763198945 21.394924790841205 26.586386216282154 3.365059486625304 15.316503570237018 251.0008766807692
404.726588404648 398.3430772538754 397.314776604383 361.7667792583997 276.4667674961829 264.81156083475497 258.69944695276445 190.14476501326587 109.62632183955998 257.2152286170513 254.51976723941405 117.9555742156771 60.920763498928565 182.57923493749897 190.64061696782073 84.9856966411855 41.709046373306116 27.474030754364197 22.349030587670217 36.61945796266225 204.10969647594717 236.04436599381506
289.4318498736509 274.2846542439053 111.1456507903776 47.70974564411962 68.2074453070717 66.5749127846566 86.78705741473455 83.07867014151175 78.34506287875851
291.4942244209972 260.7386573499996 162.30709428905658 107.82575262516394 112.96417615643641 45.79439516143303 29.41063026166662 297.05291171029086 280.34058772444735 130.3417009968231 56.13009527679346 369.80125199828257 189.42498044754734 194.7505522307459 78.75678564578526
432.13223531668814 383.8548081450551 347.2329571393632 311.7671298235113 140.49950871065195 44.682267732891646 225.73495572583448 221.1359258253829 224.80264724358193 90.09138675051341 15.096929140588127
276.77746185649676 218.42025011768837 279.80851878658814 270.1470366221882 150.83192924971146 73.04980424240759 203.00097501263446 177.68951399201055 75.06079018540369 32.82356447555348 126.11222917020042 148.668152615985 171.16323696405655
142.16587248077482 72.46694355447447 80.3591217774018 72.76325750356695 55.566254283688636 52.547627991646046 83.52006572284368 122.62102330375932 192.78577278618488 196.30915579086806 104.26537505731375 136.88881188897878 156.75668388561255 165.894987648729 217.46363151660094 107.41621271531643 148.69151914412464 158.8615447323766 168.49387781128013
373.3997286643645 261.1810060033664 114.94556016349226 432.96093868131516 120.6544295401945 87.60432695319393 141.82817340535175 45.44118271016779 37.313056698863015
339.79080980592204 158.01488874312264 80.04703595733983 43.92126078432595 17.63679532240513 133.93681429615054 272.2806336805544 60.84879452327232 66.61086902886476 25.862629280268397 12.004396157211053
149.6479624675091 196.61083829230097 83.43320772257509 83.55893727548118 97.33997042573388 49.216195205157106 99.42471960671755 52.04717897665486 119.78902569892631 104.34629987619677 57.56028567293996 135.88123520898418 71.69124213133887 43.49711224685755 111.7671578403169 56.748569894781184 95.75083130142829 33.55635590241949 104.8821225755027 110.34961125205501 110.19605878319692 48.40143596183874 21.64529876308369 41.69891615071937 36.34692684005676 26.390270268333847
193.98608873622499 166.20248800933888 131.58482940800423 23.00444509759688 12.747807475368695 45.26612845117549 35.84824692496596 14.894892207447562 3.6157786097012754
289.56069090744177 254.86859142793233 229.97438762065502 198.07767001260902 122.33516548655119 73.95143488712591 49.40262077824756 38.1372848465018
224.59379447854423 172.7549669178845 167.0374965105802 115.75955938638124 106.91130658844082 110.35614551116721 387.6819396054542 381.1039033793525 185.67586144569938 63.08638152739471 71.45824190321574 47.254959525549594 15.16482450917533 17.373363642870707 13.658949464552068 27.31986246797769 22.9340634860939 106.6471572480459
232.51745686485788 289.24366927612635 200.7611902366144 206.48880545134423 278.33023813070696 292.8885965134769 391.09257170611147 402.1372976623812 185.6781366988618 180.48543903967646 292.44732992993636 186.620174156829 203.3378594628663 330.2084089542562 185.34314962559205 223.85415154956814 88.32853801091849 125.12544495154056 82.52054396164932 215.37361097012385 137.04727343627607 60.94300357732996
110.76900995460991 55.38337551498141 66.715415271986 36.58277508606175 21.484388744684235 22.499378354167344 45.12466299656826 46.52352408076674 51.924208102134976 26.31640808143694 10.564055836247972 12.961800910058821 13.960201781424026 6.793809672249181
135.07925643787783 200.27460254809876 181.25948844415643 185.64769448111056 197.71779184484086 195.4222992962273 208.94941278035466 206.8927624510936 213.46776612972744 223.67479844126444 210.45293435438543 120.52052415759849 178.10260856765174 198.80506252075836 96.42171198830881 169.39848747748326 131.95415753230563 133.76409791346452 64.3536805988614 130.95638626951012 58.12323956299605 114.11307156095071 42.01222176473406
396.1586871427874 273.5338097447824 157.02756187601668 148.79976677165763 91.97679335984881 71.63180177273965 257.7894639397287 246.14100885012007 130.4097184377227 68.9389847905065 59.321080534723805 34.30351162074713 20.535486253280858 8.550803009238702
224.24863437543874 255.8342254890206 280.7353956028268 281.81861354766284 264.2169706023831 259.3643379420112 311.15091700762434 329.6619482563837 182.31285937920728 197.33372977510726 273.9472378990357 116.90823700217933 241.93983935448847 306.75145586516777 260.91862101921805 268.0514692139029 323.28176065799397 137.86910911850146 202.57407362556032 117.02383162501881 69.00601712668772 87.25452595863091 225.32730331106256 83.83062418374587 80.39375514502566 167.91839052938474 291.09516377897245 348.0542319462065 325.13912439411416 309.4340420985456
325.61685675678734 352.3105070224621 387.5093829116689 411.33928187279474 332.45012245350154 252.74663481055163 256.2080945297533 257.3371472350247 154.76676416731172 135.96321267879694 232.00276005029517 273.88214064028875 151.4388754227631 168.80864794126376 250.11682340594612 281.37882213141114 198.89156925839006 127.95167025470141
269.2932128293196 167.0442678680248 140.6876197769908 188.94452471179628 206.6180212809337 203.0264904420033 240.77747593806302 281.06672999888855 234.98590750198684 265.9612793844065 250.87709494325588 240.2917604927274 237.1693057634412 234.6632954154637 226.3216349484827 227.6431774536121
318.38504809971516 296.99382396285904 296.3305227377917 308.82913445738 303.1793205274038 304.56991354168065 335.4141346679304 346.027578577894 342.01503891297847 223.16813671346614 264.28076252211906 317.1563211580782 339.22645315644445 340.1426075169665 369.93868079213775 233.5574025966363 285.5935697196175 266.2485088990028 142.36743446672477 241.67689266848657 259.9785908511981 296.790991728725
334.11137097098265 224.7036566147656 89.62006528772841 325.3953738252725 176.72392315953525 178.08232366314107 85.87394920050367 42.41598721424295 38.868822245994636 13.2657839060076
132.80065978020312 174.0402741110572 111.72189429190813 115.60501341841517 134.42677022479782 105.58818052085428 167.957323856654 36.16734697333548 171.29923811361058 111.24560395091046 96.92833301340586 19.439994520419276 99.56291168532358 42.538189344765044 13.5856909416239 15.757105472326511 10.093213249609832 161.50145934729917
317.4387557307098 206.64685079923055 122.99826058745252 139.33908017381822 119.22480899547998 70.50622183099712 45.47587976162645 216.516138504428 212.97768091670528 100.2938279233861 34.23005732670556
394.54994817971124 266.8589143229723 188.6042995874516 294.1044980972366 380.5374267409347 402.15781991188356 273.6567114692491 277.69733532292986 207.7806900859232 95.31205590724942 221.49595795546136 273.8440954818779 251.22005030783757
165.99824627171 171.1773024947113 146.35788709655768 38.00461315373952 15.008557456987802 21.86874876943221 26.438512278485124 262.388855830973 47.97505359928542 12.309955675250583 42.7229221311787 53.37922793445443 54.18634309099791
328.4297542660918 345.23783772966107 287.0664149233572 285.7600367357634 241.83998769108143 276.5038380532652 205.60896676770858 254.21081910187704 273.02127997886896 283.8233177084319 163.17276583913372 106.7365948622007
366.88668803526775 366.5921674794019 360.15560063822335 371.7806211623863 238.03028644819184 205.02493816511128 168.2653933669418 170.10344689217658 108.2117598593677 94.52462964338679 47.47914825236716 35.76325736647972 350.7226992642122 331.6403691586024 285.3491619249912 191.1741602274051
84.37266808477112 116.73552727946662 67.21537857059869 61.74009815212729 122.64882319057519 107.72958458597004 85.41020159706329 62.740462879161676 77.46132300541959 61.01183092586564 48.9965655934123 32.14227351631933 38.299352028898895 118.97586019028587 81.93240750081567 86.84056765059526 67.72136974995433 64.4951820499873
313.07506435330225 247.12979585141645 370.46911678966444 301.79885432631824 284.83910035488714 260.54835614950565 273.88943336145286 283.2718015473023 307.82530372123983 371.205244089048 333.46985984395104 339.8733995325566 397.5725096752545 358.73483345307915 341.1464200175442 329.7965760227063 314.91283786704395
223.49308861828138 148.25465233832745 67.08807141217775 244.22154860296857 296.3941190383161 270.7349317623307 134.83151554085055 55.85528132081153 230.4864814183134 254.1393826728324 257.2955359108903 283.2369559859112 387.05067283372784
186.3526096048658 130.89683859978638 334.5399252884977 322.30349973335024 354.9224284222572 185.65865220986356 227.3303034314025 102.56347868445307 299.320272033809 243.41465603014666 165.88414786076638 78.07879159480878 51.71591004474513 42.13827865489598 126.06473290485364 167.5705031824543 142.02658826823856 100.3207711089722 52.487369916440585 26.790827126135227 24.773191568625833 21.299920777096936 21.636085129304607
297.33449420123947 248.89541670909952 390.85336668821367 392.3879974712259 235.07319584540727 156.66081669484248 57.943837837719045 14.449873066162304 77.33160431529244 75.5987652333401 329.33332842130216 387.35201009904694
324.3311718340896 345.75578253157175 224.62748067851808 202.67908057607224 199.01095880244722 267.91886496384313 289.06100959509223 332.6628557150371 270.01827992946926 139.33452162289356 189.4317959409535 105.71497272898687 224.10681846854254 258.340567512473 118.36734035177264 58.06874411516066 190.5658481448942 247.65940411573777 108.21199531221087 216.96874579011288 300.6258525598778 282.88747468153247 64.23813900864126 148.99693693450808 213.52477653797575 217.10807431749868 113.5630840497961 45.12724422960343 145.59917068958492 56.75804758539112 25.52920310512133 15.242486141937961
285.88157864289417 201.55624697312481 281.10361325888255 286.2871470426849 141.18663385529817 40.77537665947153 89.44019463250781 110.81408731157076 99.21242276084773 40.844443195274344 97.72967289634191 69.26871316966749 60.05439756233694 20.42432757347046 15.259263217530851 13.886693166343026 13.626793985015414 26.707929939167734
200.04735962608535 216.99143849135734 173.35255003604303 184.08065342729185 174.69012888081926 165.43533178997617 172.1261874270395 176.25486965437625 101.99332390321588 63.53522450469686 63.06351570836071 58.30158305651472 45.518169295963325 40.43586481570273 44.54164630061951 85.64174144967139 15.225086295903704 30.69051635984606 29.227761416127898 43.38657229965772 51.03323023513553 39.66852974069461 36.488026847357844 37.76590646912497 37.0409199272747
294.43632745245975 198.00382501721228 394.3233382511279 392.7167302791002 228.98282980071738 106.53904287851195 263.03202234245526 268.0897985089749 129.50312090431564 60.62988793260432 163.85320396246382 79.51364729558912 37.786985992115895 21.747338818441253 26.387032606024565 24.337680090162124 36.42167879528007 28.62605472966405 19.46017403111032 30.45591675314136
240.83693081326115 190.8741532962747 185.20388382842538 159.32627873677026 149.72331589302192 79.8205772240751 113.42207131687515 59.79811795098036 42.37891267126125 35.68579764281696 136.8657260164001 130.67154993848908 65.11493702248602 33.8981618155081 21.568369196354375 21.70374909426869 70.54736937633858 105.97876879258993
319.81103713254555 315.7938540387252 139.01868760033005 51.493752741335875 329.94958120279745 150.2567655585414 123.22196650681919 128.4442056676737 61.40156824967526 6.340110257670609 20.976823171294953
270.87903943151736 206.125176064952 332.205570875721 343.6685134628552 192.1979287989189 88.43375124457086 160.1418851659813 104.25818408018424 62.5926055955767 45.16277887475663 64.22394823750655 78.87572858369447 69.32813527224725 44.40212422721891 35.5687189457617 60.26838780008991 37.57123203293751 35.952614787733566
48.411843384645024 36.990164814234745 11.15901023127225 22.294158518927 55.26773438483535 85.44025204542761 203.54493798926114 209.039652073859 184.13199989066433 197.96894503872005 206.1869249336087 121.25909767950584 68.78979436191764 46.45714503567701 35.817022600296504 32.116726098791496 34.944635345825404 62.27042207392068 220.99167856436802 237.9998209654036 208.66229543902145 126.22760526245888 132.08388286927885 91.84935943035714 54.536400797509685 27.237664781189864 31.413802190611673 37.989989994997956 27.045594785702836 6.558698938670295 35.612081312831265
266.5168231440904 236.92931138194461 243.78819632602884 247.97791098942938 203.58500384943187 131.03372377743898 58.824722209964825 177.93731498233433 185.94762028316094 98.25238222027377 38.823976263337016 20.31121770901877 7.501274882861322
356.38660173799326 350.92816833262503 336.83089886090227 330.49049057001594 350.45230759769254 345.34159116742967 373.0102580503878 223.31962103752116 90.5845970700616 59.90263458705321 44.78102905416703
440.77264194307713 438.9282501993322 433.1149736018889 430.5248094141885 405.455678391462 286.55947165712826 285.3092805135036 250.91872340603715 134.26571345612984 108.12851630262587 103.13448750633215 103.7723484165047 83.86593655212174 73.65072951464175 63.6040294011239 61.5711672236922 54.952775375211736
105.11729587167757 101.21659788013028 77.16637411712139 15.95230760348905 31.273427186054384 17.62819443636567 25.540021705273517 34.269638996989165 25.521518549424922 77.74103520840059 44.95858558272588 25.764926065956818 26.392941507034685 23.560832827677892 18.645771693692396 20.349836558184784 20.07731230778175
244.29612378153857 152.9784673461096 249.34116390424145 168.31464648935142 168.07379191003403 90.00822993760553 35.58247093869578 37.022634347877855 40.10681513636817 36.0057941007909 24.519041105809205 10.200352125539558
106.86087103337745 173.4226116322757 205.16852667223708 229.87685501069038 222.38335743651695 172.82094301370873 160.1651094091393 160.1049680936954 41.11832088673673 155.74594947101295 238.19740853508196 86.3827015625373 213.03099055759125 180.83645345509316
100.26622028954925 154.8036780105196 99.16899340782025 66.47125691650854 120.9677369266823 122.31988272643602 77.05160343521095 55.8346766920624 7.966320127534781 9.2712057618537 144.25849924007753 165.0809245511674 68.95019804419496 78.19050999940394 16.808894871360014 14.215549390526505
177.55860104836944 173.29292726476606 163.48436904094876 160.5558951309652 172.90269607497996 164.72279916923327 136.19769134852282 126.96047782595436 135.69280838825654 26.77259574528883 7.884063145074026 47.07333809042307 4.737730922674824 4.361163798821201 4.206248184006081
294.44851168827574 244.52582788210884 270.07887335162604 267.7941460463432 192.69839409054373 94.31921924264952 125.62558525598958 126.66837303223937 59.08186710057791 24.325432079756176 10.463340335913594 13.908082447912745 196.30530706482458 169.34778774453017 191.34836823630204 162.35135312370286 130.591358238738 69.80786544827558 43.48053106604403 35.644201287561316
206.56341556343799 164.48883192428505 119.80894304554364 123.27929289798331 74.68500200012639 35.26143073887965 56.96424379159221 53.92933348512584 42.198358155993226 69.09003424706933 75.90115376026944 74.79058163237644
121.54600573831708 208.82286578203107 144.007668100261 172.98172980591414 54.01404095589223 57.89058089817815 37.02631681358595 19.069024216919544 16.83566180841876 10.747950513074999 5.261260090352202
224.20828802560652 128.51432834023404 54.27692842851658 242.34379758351645 279.19964665119943 269.8982314811494 274.2696921195897 134.8115344651572 45.88078034118874 200.07707899126493 221.74587530448707 223.48628782392373 207.68464557324802 283.81959828020746
129.0692773485258 150.51338143659845 36.43780953268152 26.70961479589186 14.880847060861273 10.822491590985999 43.696431624919335 73.46431648287441 46.71713919551094 108.25041041192772 103.90036856156138 46.5510580243593 65.63352538139962 31.51797623925249 25.879217506977234 26.11132953865206 28.292163418292883 49.988487698569216 247.11312282722616
239.89101283897293 208.0722618982872 198.85841291194012 213.733952423218 188.24725325335461 322.52256385568717 336.90419733733034 228.72153756771613 128.43955826167047 91.9436179758776 71.70820078710487 15.975435759733136 7.464843225496861
177.917719413235 143.69056822856425 94.74732667352484 50.269144004946305 122.98753560436182 173.20633923216354 160.78678624094206 170.07509590536247 83.47798351805169 28.672627124599156 6.894952329187793
319.17695602055755 257.54861891317717 161.92705727741546 174.65756065866012 96.98819970408918 57.65541970461064 75.631151471262 74.05175341510954 53.94596263500588 50.460492351126774 129.5914751278271 106.78596017890725 74.01302930094874 62.978858324092215 117.88412778498986 142.20195527295311 98.62905818107372 56.25759261787019 50.87776899464991 144.19779602949717 203.61014786063592 217.32041592777722 196.9522153038753 197.08095593242345 109.78739525827707 81.94543366946372
230.76200096077974 254.93764760270489 230.03149292374815 207.93546679027293 307.1164880557564 303.5959932644404 300.33788034558563 287.1323378397816 273.740843607439 274.3325043035309 268.7389349385352 388.64806764036 255.33855641094794 252.7392764708564 184.85039453372116 247.51407102613658 259.47217662259806 339.69855905062434 395.0596296877798 209.5470428709784 215.34726015528764 164.74497107369723 239.87244788346655 142.4866007820607 184.7618770469649 125.89090019161826
80.60560221290163 46.294121313698184 193.8367468842033 259.8015855835507 194.55111278637 188.5453765013623 90.74646248122284 50.14203369187538 30.199006172089494 28.78901630183925 206.74200666002412 75.58071181729592
309.8766408698411 233.1975285117262 158.36476321147447 147.54801374332283 101.38116938025057 63.07425728618154 138.67851255107703 107.71845425132491 114.79375650733246 58.247892977535955 14.38354167560445
367.56571987740745 328.34161620758357 241.7725666536514 147.9279836077606 68.99268435364083 20.984749223124673 193.66149329931247 190.99541394555268 107.14178453883294 71.15744544229068 69.19599194340616 30.757330287136416 8.38395318492944 120.83852914657852 144.71770571333678 153.63593709282878 151.8529243288412 102.48167759493046 183.26671993835504 135.13956958335308 67.25393721133895 108.083193215975 70.24831283452023 101.07059751982716 194.65013453956524 160.37371930153242 155.0407641869554 68.28690331755458 149.84048251643853 202.08061497367294
311.53794356546916 337.4162309386245 332.84001378850206 360.78531565209346 391.368724124743 400.602805518624 430.2669652148608 203.690314469203 281.19826259908587 95.40852991244468 162.3754585698523 126.03205503967507 90.11474145548029 48.24868365407433 28.220335831561147 26.71210950824391 20.272488096711815 11.963620538925571 34.713090949061545
214.33277710743144 242.67144416802145 237.0000819426487 289.3206442616634 322.9665381061378 313.44810066166804 130.45305350234457 207.9465661307732 63.11428972236465 44.784479992295424 25.09038684359973 27.476715210067923 10.826593405307742
340.8087552751667 326.97385679262663 316.4934928692474 285.98650316286927 270.54105761712316 264.49804505205407 215.71060225282832 160.05666152018654 156.16905511996762 109.68599346684516 86.93482444052448 67.0440640523002 49.82077743814914 33.971666862002735 36.599238496574635 296.843913414819 306.741539952955 281.67372241710325
376.0954275275015 314.8852385256683 271.74135240892156 267.23002255420477 206.81760789246732 139.25730570674048 191.38066911384493 182.56034699720638 135.3230004847783 108.73947005105298 192.4889706083565 199.7343166707751 197.71075477330916 140.82630649836253 120.94345309060694 173.50791382770342 205.47474436517953 211.24783138767197 129.01828323638736 90.0178336353573 58.38697959522855 44.75747751806052
190.39506782648755 202.29700473336007 200.40717546893546 144.5419910700741 72.22713644026503 31.841675194584273 32.77884000543825 27.977983958909995 16.857410391133886 30.438262814180206 46.52895718439864 46.834539959410826 58.97646919416795 74.78889659105123 43.26343204147449 30.743481430002422 20.46138959820036 17.208534347928683 21.075605004670305
108.8936329247012 89.93513977306951 79.56946999482615 32.18940024925295 112.33366276613867 207.15829732166947 149.37337868316263 145.56882805315632 77.72280120230127 25.87997837650437 12.547374088289562 6.197541004114835 91.11188515985533 104.075237267395 178.50550336358532 148.20462941248422 161.62104822662758 72.41598656628082 24.5568101519923 9.986462369539804
280.1552820955242 200.65328397980682 288.9941069438364 304.03008491324096 195.20004010236622 76.97404909529646 21.542729447079733 125.17419710268585 81.4202355273988 1.0884389001796373 32.66913651586524 27.5880602107588 28.390678621351025 36.65020460648959 34.25818902374337 125.92139200704419 215.82842522421421
138.23104322234056 85.3664319106182 92.16605260433334 64.63725184144184 230.40557775187366 97.39347222938979 330.1897882316016 330.2859711507784 248.7564378564274 99.53063426703838 41.55526785527899 15.647832011308546
162.2362792643991 98.21351292305359 96.37953683797048 91.86187796696584 69.49268613259177 56.091358447211235 74.63751035777669 78.84490741710121 88.52413685698728 93.11125817981912 81.75337609731895 88.93569084698251 87.33949676922323 45.71027199954078 277.6000707389343 245.5516738430342 209.74053967274477 153.51192968949118 260.1275277632703 110.35800131889111 220.80942568496633 224.10964843262025 216.53952805649683 158.47724312767102 72.26716113009324 122.59771179582401 58.75911690827496 24.303818561170864
368.5443214754972 310.68032080264123 168.15972621369605 166.67256410955108 169.870164769621 185.0954436958378 162.43809257134646 169.39073983034302
197.68868692085965 147.93375736178618 124.83462530071735 92.63185898669339 177.03825714794797 226.4399139826028 282.97457884446357 146.6867872881718 60.8290898440115 37.17630935786606 224.87535157720413 221.38202120882718 100.79156903894285 52.97643592391527 42.040401404582475 64.54490849149629 57.09841268835739 47.546039856073115 95.95066036414072 229.4816932472993 163.38176025455374
218.70665721610598 244.0675054287106 182.41999435646176 121.74939754651297 102.86740170561714 188.24725597486963 174.88179667194578 165.51953902317274 114.38665727097532 83.1671325407158 71.88494844205258 68.79736125388547 64.35614855752704 58.00345377329148 238.7290978197842 246.61411437584758 238.0868831566366 199.59129822507668 173.9293939769546 175.72566392785123 91.40516838353552 45.90457902119556 45.95100526405727 24.09860546297137 19.727808938722138 16.869313264437583 240.66332099140533 263.14707488249746 146.78539623719567
276.98389021453505 219.0538069969189 197.18736488680008 194.83217633144736 117.44794338768547 42.38054933196543 12.046689670245168 23.02229962364468 46.43142719584585 99.9198115985845 168.51230157556463 176.38798520257487 268.659112549658 267.0131409394206 113.62529054647723 38.94144909096801 41.09139988008045
148.43984833352812 92.03847132919792 147.41201331371332 151.76290643085161 97.70671464536828 108.97652607959702 43.51706591637828 66.21396301660295 15.818959572917368 104.26922388653219 28.32105061455607 124.10432332232561 97.65658555986128 84.34862105341226 112.01151236350861 55.255314507422234 52.272487519010475 51.913250616481285 33.32200362243123 55.89686472279346 110.32176057861761 40.86152458147821 54.5650499979477 26.446204808811746 15.436282161056463 22.497619117649815 134.1559546803803
287.00237628931865 255.19840008424526 314.0582151424016 314.2085064568277 281.638677064107 273.92372048580756 263.84260942710364 145.11789840423617 186.93071202593183 305.2573432842613 184.90518124482048 239.95465400388207 302.65006533250806 276.9815351523126 296.1179964498717 228.92753698981537 265.3355873705835 112.9922263805041 24.271226391820857
332.9967547111503 301.98793095135085 293.1348690691746 237.16790158182744 217.04290205353132 218.8058123499008 201.49115028632028 149.59991603646185 133.70603420533374 143.25572488876784 93.66382526767116 72.69843790272505 39.431411986137284 26.74208019789608 19.420736970459206 16.02688379265045 131.5676895176496 222.04661796426134 170.23758183906816
327.5031336086513 283.45804452073696 283.5563307615933 225.53677618988286 199.16980493149464 133.3108137964461 110.54425895783375 85.47342077294537 47.68307527079386 38.67899361655212
207.53352804061302 282.90946697969684 247.58440785374358 198.23335729251767 182.59603189811864 142.8859997414219 189.3572951774578 169.35420304475207 154.318541128489 179.55839512434707 195.10851985031934 169.37072264272533 162.55086204669212 124.97534317370548 92.10991091875631 81.63468061389192 83.58376181516846 54.614756372228605 51.93493415037184 45.36551829719302
354.7067719297434 256.105362541624 121.3371932212702 31.015285021452755 33.368921885778725 21.442096233883333 13.375715400059223 7.323296910002406 6.718754830962905 13.367102455302716 1.9203944749686073 13.417518792624854 3.440337696251617
329.62545109349486 282.9643951148349 254.14979882722767 135.36748112173612 49.90403369602681 16.21100522258293 6.151406742628538 120.09457647465209
298.85294890541314 192.49118493628708 119.89932939008487 109.66543843312485 57.95292336051426 35.18028736978894 37.07847827025226 32.43700414905981 34.84450217927046 32.30505712475728 29.383224387611524 30.191383710663537 25.51397731217187 25.735347877908477 138.29612487658514 209.09429660186254
99.28753651585671 89.6880170393156 136.20959444852636 168.646207996797 85.65998523133632 67.46195016735068 63.32588584437775 45.006501751541094 35.52867265504782 22.76336895530998 43.47951906668692 48.55100976465755 30.707423279467136 15.715697080174333 25.672095715826252 29.544757919892067 35.75216361567645
200.01484405341188 188.1441496800408 73.80266806614397 153.08627764276338 101.20028596110829 56.430243705995885 44.37072063679885 164.14649336702945 79.3672720824069 50.75027757607488 82.18445413614533 189.5613909523208 82.57838780245798 117.85037264862214 80.95328815076581 182.75975777563895 83.94200009219061 154.7493335977262 69.95776981928323 77.4568515037127 23.826285657846114 20.737719310203076
299.4115119220954 250.36902260721254 394.45031367566503 403.85361566416304 269.5757741409104 206.31618338406935 408.7741094536833 404.4387242928729 261.16581747585394 171.61171458621862 100.30191991016376 37.46088102444993
