370.317523156982 329.60704516307635 316.38913880785145 306.2423557939334 200.06893584945328 156.9346249774659 113.0608948004494 64.80802821853979 45.51649275971689 45.962756514537816
263.0670551403842 217.52609859636718 181.6376937594173 89.45425620616939 34.86256737526225 9.066883174490192 13.409938989119942 16.92512492357231 25.226449203020884 25.701591630892104 32.54161341777271 31.550934041168723 38.45230770758502
186.62532242000864 271.7586803504986 279.89467729101943 161.9632920864098 100.83612552987736 62.94262321978049 40.470613481738575 38.54086441413192 33.553280412399026 29.21461097970672 32.610342710460905 27.060336274006698 27.0385778141332 30.212815962138738
405.95078484655346 395.592762406228 353.5852496457815 341.79369446575856 312.41651754800364 362.4429685732431 390.994449021165 423.91226065367835 431.1214428615158 441.3039184381928 438.55269834836525 442.0767445501643 435.82991641941265 440.4270460589656 434.7908186669293
401.2638278129398 396.5844650942322 359.7397800966295 331.72691170181133 254.6483276229468 151.2822563086935 89.09235742607439 64.36347996728935 53.82575513685773 51.8023071803503 49.943150183026965 51.71506705648796 50.31902808973761 51.95230677730848 50.559723697275246
290.74460775285394 249.20089292786935 210.48477681396574 165.12613915154506 130.77913603996555 83.51089945039834 66.138343828576 54.207029368113254 24.282919375602862 18.185796077360862
116.49685719602617 129.84405327457037 84.84644855007339 89.92481073271006 66.18492105984107 55.799309372449486 42.801900253548745 42.89237750566481
258.76050361362985 287.4620741737209 276.91626438110376 226.03889233796215 222.4590806474409 249.98538492767733 243.80244926652702 242.13732257409274 242.08529068870098 272.96191402554683 283.5701808554345 260.77466004625654 251.51463298207773 281.18028042898294
231.02472981059134 289.488449630069 329.3707000614831 240.19390495310427 172.34562104433547 124.73733123798925 83.65841200149808 67.34100219528524 63.287458168034206 58.04534020706357 57.07431164647585 63.963342454821515 55.7838389878796 55.780354013970374
119.90443586284364 132.61075572151887 55.41102615945726 53.62665166675333 52.931123716482205 37.2711469197921 21.602559262556294 30.3557196661545 37.290465170751695 39.10627326739929 42.0985674562025 47.121917267005124 45.11262049847403 39.47167798540503 43.28076181078299
227.33603850410324 247.64218835265274 245.10941867793127 225.13011012637838 294.4627201938205 320.42311938836417 303.9387719581129 244.7922153804687 312.2730214503843 346.7548655155945 325.07189121128226 237.001132717362 314.8525854672697 353.5908564448083 338.2408859807045 212.65817956245232 310.045434326573 354.32829123336325 334.0707861959755 178.3743481557575 296.0030695214783 348.28309994056093 290.99996962869534 148.03925822878844 274.07540695953827 339.0062619655621 275.6093050136406 136.36850196558197 265.7245007257523 336.20137914945815
305.49961095286636 292.12788499663424 231.61479603378643 138.13913806445032 83.41128766504299 37.675268643969154 30.112715531709114 23.378312539618406 24.97672541408453 23.761353119706065 24.8639151251937 24.388757525471657 25.05257625255062 24.793459572494537 25.164230753049612 25.066349166486287 25.320768425035563 25.336623730000834
116.22099463052888 143.47198547090886 76.78482477239919 57.47131542136825 50.63198422855875 47.21010557855396 50.11311486504451 46.80422036036785 48.555066185350974 46.188539147233115 51.48121182462411 51.728850328671314 55.09253516411411 53.74486295448218 54.8703674400211 53.748628180763596 54.350309175713534 53.39533073076995 53.77589443069907 49.53816287434915 50.864162321783404 47.88292787664778
129.72589370161194 208.68209378992842 246.58887805666274 187.83608298550365 114.80017003304755 96.84678123855588 74.68207148493002 58.10131474491215 42.08973099395504 42.531894509565234 40.1876425795802 38.02595900375607 35.89494377997909 40.48447283094501
293.1442516591616 205.50327027313938 121.62130288608591 155.00368284179424 127.68011325915846 81.90148496917391 80.99193963912778 62.62673955573442 49.16171839170286 47.799460678776235
368.9148926559219 347.03733968096446 263.2114981477738 151.11264891987503 75.84885395954983 42.4329024788453 27.540643012820688 24.594739973545128 23.135286174574915 25.675703404272554 22.973031099911946 25.787901821376824
344.09565796708733 339.94708257020784 322.08328765949904 334.4674057418483 321.61292977310615 366.84421379710517 385.56092926272487 397.45172304394873 401.6366922556245
197.02470667975507 228.67355526722966 130.0887620858971 104.0127297233299 74.71289032095807 60.4462656086578 54.897914335176694 52.44486267762836 49.24952102636877 47.12487529809064 46.808979698298245 45.16344557066043 45.66183700750917
336.8713006077515 302.8151940996817 261.53499053410707 169.4448706905472 77.68665467443611 57.11030054435195 49.61309469977844 51.846935903337396 47.62640117145366 50.236681995801426 47.59874275145736 52.934729136810006 49.81938436188075
31.673877318937976 65.44872050082122 110.24192721187347 15.80144130881319 14.382507350089332 28.055835312624662 33.0756532147892 31.534467368598047 38.103534016079585 42.727866137841964 45.74690294982301 39.24181113815344 42.82430375904773
195.21480151520768 237.7835357404575 251.5093250601543 205.27307693267406 217.95655416609236 236.85026723182284 164.10853613864205 200.08536849675255 162.6355554738719 98.54078086272233 85.62950781247937 80.31110010511364 69.48068212018933 70.95327588360121
119.33191793002484 178.49455078436887 134.1166955509475 136.5452523273905 123.08848646919843 115.69269279577912 78.55602363120998 60.82731837771996 52.60974957102927 56.7568417936029 50.838183474117486 51.55675399499169 53.68619329174954 55.497213710729035
294.18593484912543 246.45759435312883 238.32316803973916 221.05962164194125 131.55536691334095 33.294059089559404 19.208471545269507 32.82387170174597 36.963085196606905 38.16294018328626 38.51683413926398 39.912194488622575 40.84809639379772 42.81270692408937 43.94232893209921 47.12701620984737 43.91662594877821 47.02588990443123 43.911286767740805 43.91128676774708 43.911286767748514 43.91128676775096 43.91128676775291 43.91128676775361 43.91128676775394 43.911286767753914 43.91128676775389 43.91128676775383 43.91128676775394 43.91128676775388 43.9112867677538 43.9112867677537 43.91128676775369 43.91128676775367 43.91128676775369 43.91128676775367 43.91128676775395 43.911286767753936 43.911286767753886 43.91128676775379 43.9112867677538 43.9112867677537 43.9112867677537 43.91128676775378 43.91128676775376 43.911286767753744 43.91128676775376 43.911286767753744 43.91128676775397 43.91128676775395 43.911286767753815 43.911286767753786 43.91128676775373 43.91128676775368 43.91128676775363 43.91128676775366 43.91128676775376 43.91128676775366 43.911286767753765 43.911286767754014 43.91128676775395 43.91128676775382 43.9112867677538 43.911286767753715 43.911286767753666 43.91128676775365 43.91128676775363 43.9112867677536 43.91128676775363 43.91128676775361 43.91128676775402 43.91128676775399 43.91128676775385 43.91128676775385 43.91128676775376 43.91128676775369 43.911286767753644 43.91128676775362 43.91128676775363 43.91128676775362 43.91128676775361 43.91128676775403 43.91128676775399 43.91128676775387 43.91128676775387 43.91128676775375 43.91128676775371 43.91128676775366 43.91128676775364 43.91128676775362 43.911286767753616 43.91128676775363 43.911286767754106 43.911286767754014 43.91128676775388 43.91128676775386 43.91128676775375 43.91128676775373 43.91128676775369 43.91128676775366
298.7785105889318 293.9096154006117 311.68346295782436 287.4615160231997 204.3618651783424 209.55893831005244 162.76870384484937 81.6918827458242 56.87173957275231 46.75592007358969 34.289576278065226 37.84445421644604
297.22632150595445 240.62060958539834 201.70625201162972 129.17239378122989 56.74238667534178 18.361012069718164 24.627785415493417
269.6072257860645 278.19678328115714 253.61329118408966 185.88573103899876 142.19141423987128 85.89003136564342 36.416859768010724 26.999118409182945 27.1008359082031 26.85324657650129 26.859043144032732 27.32401316405211 30.713140356326537 30.361547251048393
214.5902330485425 170.25078506256074 134.49417387963703 206.15228653001435 227.45118784009864 247.3099706076432 236.73487936808198 279.69720666571493 275.089548552152 304.8235103291458 294.9177902722508 309.2964507529048 317.073685672001 322.9402751614885 321.1236973397538 318.2684442022082 323.7566176788025 318.6633648162127 321.4773030624186 316.7908312942529
124.43853052373177 177.6501921809864 98.53015672311294 60.738758152350954 40.69173402021655 29.5013257694794 28.55871617094774 27.598642321323467 28.71702047835022 28.336276717268188 28.9404094623931
236.68493896924232 246.32726546585943 307.97979041585626 310.8410898152952 351.62771556487087 430.14055220360575 463.53080893213155 495.9146505689031 507.2683680625877 506.7070793711516 514.9071703158702 510.6683121982308 508.28032263303066
333.81853074642277 289.55168014382485 221.27334169236113 227.331312784409 159.37793343472674 104.48017646797602 43.26680327725197 4.831588464250547 3.6101059587807516 4.398381081870618 10.43376673866902 3.9038701393335424
77.67660794727155 80.40804507257118 63.85118411461226 36.70655639195489 29.57334558436288 38.04802001644245 31.495704891683616 37.80189238948201 35.03817678804028 44.11984937609399 39.70598411871126 46.94170005949902 41.71442537440307 48.11150995187922 42.52778413618776 48.45659844294128 42.70459872080241 48.42660494508191 42.666614592468584 48.22264658227791 42.56076158776999 47.99415610156204 42.44732835258042 47.78321024559707 42.323422531626846 47.613267145108104 42.25011481795284 44.92898163502831 41.02307843655857 43.71409457206573 40.47958899468883 43.160608220443876 40.23727936016777 42.886367474496296 40.124623562175785
330.2792421126021 269.2936752336168 195.10817461898733 134.471330331088 104.31563902166354 83.07717597707382 69.31670589678959 62.97470453567734 61.22246338830044 51.901682696597845 47.96813827679831 45.78058289608295 44.57215877421865 43.93138400833037 43.60361773435873 43.4342541506008 43.36225684353605 43.33023820071537 43.32124393118789 43.32767133607986 43.34258009211159 43.36302364456248 43.377610714870215 43.39802497593209 43.22877031150971 43.545322863995324 41.944955887848515 42.633785447996594 43.01835927417537 42.06066471247855 42.71619962804919 43.07133218566999 42.10351887363941 42.749131940499005 42.89161118749755 41.99922080388768 42.70005712379635 43.077673166042324 43.504056307420946 41.929021285982394 41.50019133549102 42.449905316326166 42.954904218064506 40.42118198067575 41.88606721894827 42.65953146844961 43.069191709850614 41.893719753349814 42.471290159024875 44.487948692268 46.26936301191048 43.440441925239064 45.01520490756243 42.6067924843937 43.2648226846806 43.23594921708435 41.785699339810705 44.12854771418474 40.77638902270186 45.538285564239196 44.65901552123221 47.81317963373971 39.99870112663728 45.0362075225437 44.38920730664238 43.847794019948296 43.73095255428486 40.54448037583421 43.4528278981873 41.720679582622765 47.92247528968362 44.2590271422453 43.983497515665135 46.52729783362367 42.09364485754801 46.61605804591436 45.04792397486042 44.43613911735109 48.080888121520026 41.4346889845994 42.27873633142876 45.16361246930452 44.54494966315968 47.70537303619534 45.93044076504275 45.00586527918843 43.5461324967373 43.48720125992225 46.00882201268655 43.16845745720869 44.380171562934876 44.02782217688901 36.879825314266654 43.42994414792564 40.28786947837196 45.63694244925719 46.65433999544762 45.328910033681495 45.90871252184877 44.965594905669406
332.2379341252315 302.17179368200135 322.4529951139719 296.68722740662304 277.0450208682438 254.39284776138402 259.33949742303963 249.7938354329179 258.8599277366392 253.45959485861664 262.9126403610729 258.2451030130317 259.8463970298599 258.0277653732253 259.6709098400947 258.9206321518073 259.87669253799874 259.61435777061547 260.0610882696658
292.43900174603635 284.03221041384705 225.84397285677318 218.8491507053454 233.7467104113065 197.33188791997094 200.430271481139 231.2281152812959 186.28841509369246 184.46482961254213 182.99117139447037 162.68540508546624 175.7347753584552 160.59586122098975 155.48026922469597 168.79295706671212 149.6361539434192 151.9997495219628 158.9817320641657 141.3443168993028 149.61885388158402 156.06354160189505 140.14668760317167 149.6141983667023 155.5385599313404 142.3602163108574 150.86681356403034 155.82937947541677 147.71052896180578 153.0812551408984 156.80222562613775 154.47977368700776 155.89142984481327 158.09710407732518 161.70747512591942 158.86087607737014 159.380881238178 168.41863644171565 161.9026892126929 160.83800767385424
84.92539238675961 73.69545088603381 108.22812072253906 41.18886807600956 27.04960957974426 21.496214269479765 17.011061575364838 17.87254154886766 15.479718228291134 13.046917551286063 11.971481373783458 11.733965278462247
442.65716185966534 415.6132802903157 385.92748268526344 271.0348129170444 184.30910104667814 150.08880047178087 137.6209637941768 139.16563574233848 140.8850302183131 142.0085295091531 142.66854016223695 143.0290906570719 143.22251058347405 143.31974395376224 143.37150857199225 143.3953526206369 143.41505837403705 143.42837329766618 143.43994635623534 143.45343475700588 143.46831069976045 143.47619679498243 143.47961536685995 143.48363632435755 143.48556304532437 143.4808434856064 143.4767927867665 143.478329934034 143.48280942682877 143.483421654607 143.48860227686413 143.48808398778687 143.487920922765 143.4892804690903 143.4897862948359 143.49034855102173 143.49085914485812 143.4897490159867 143.4911865266232 143.48817463270194 143.48805786164226 143.48619750299352 143.48681936035575 143.49024981916557 143.48910777185665 143.48628437795972 143.485127045112 143.48534656130892 143.48437781900955 143.48453539133055 143.48232053596817 143.4825680942341 143.48299127452228 137.2931777725287 140.2517677557345 135.3373616804951 145.35025939690033 144.46252705663812 137.88037955155932 146.9266991258168 145.10092034001298 145.3587144453778 136.3123594644403 139.7399155048307 141.4078506769944 133.25953084550176 144.08194320915828 137.64255386143373 146.98946375956228 139.39977656802972 148.3903882752513 140.24036320040108 136.54166381298845 146.1224900891935 136.89031287794953 139.31396356647838 131.63866956242398 142.2417133370381 143.253804355959 134.67318962855964 144.64929366697868 145.02783790753887 136.03800807216055 138.68351492466462 147.82993502040443 147.82993502042342 138.1936138223586 138.1936138224173 140.27235414812122 149.09114251515362 149.09114251511429 148.3001046245024 148.3001046245057 148.30010462451241 138.54999353379597 147.73158650056007 147.7315865007073 147.29821610534617 147.29821610547236 147.2982161054361
285.36224991902753 280.3305336870881 254.61384170256952 258.5202131245562 239.21524738656132 210.19164581400705 208.14251293612486 169.26272488816983 94.7244033764533 35.93974685411975
195.8186826923152 122.62979623912445 149.0341905254454 67.26176999757229 31.749065671724978 21.627759929741917 18.463685389085576 20.61715057406955 20.822644024680507 11.855007537428785 8.692619064240883 12.239713822356945 10.406700348631652
201.79949616272177 145.60564940848252 77.81513255799577 38.792355896361464 28.742182879331803 33.036191252573595 35.547761137349454 41.81468483645316 45.69764115163565 48.007814872430544 49.33523534343908 50.11988756827779 50.58755338925072 50.84748674761174 51.01238523101907 51.113461887870145 51.18206387198261 51.2329910918172 51.26960256262853 51.30255948780941 51.309377411349466 51.313658568187485 51.32732118524756 51.33852264422839 51.351195938185015 51.36107935052004 51.36246886104493 51.36086666049381 51.36602465441019 51.36435296091689 51.35862347934239 51.35595977213252 51.34850978613396 51.36178792677967 51.364018322753445 51.35711151845862 51.36322025376975 51.36123598868399 55.458964365523364 60.159002914235664 61.73036619887061 66.79364681940162 59.130771012329696 48.42489991839553 56.43752896341295 53.90426327909414 51.055532357433286 57.878199251705276 60.51410724528352 56.06330228161136 57.99361461573815 54.63619508251111 70.1551968041415 61.448587390051394 67.90299117059487 72.17777792288386 66.71778785092201 66.68403234230074 78.62464454219095 80.36001124972339 59.44590151516411 84.21616154397334 63.847447538596114 68.72817404561151 74.69309355329726 82.69407895070077 73.84626465602541 83.51758839795816 92.11200164619011 79.79286216078674 76.99588220387469 87.65267638551938 87.4077380858796 82.40564407233894 76.26730899186683 62.17837646098882 86.32269858642252 72.54511018630166 47.98715762447704 75.60170608766802 71.91161660553779 69.86966820860967 58.23608405312677 83.30201860205804 92.54464373282846 109.25323005718057 75.72214882904593 63.25874340076544 87.15536950835 72.0392370118897 76.9183521385048 66.92566517622889 55.641489479810964 55.6414894798102 88.64246313875357 88.64246313875358 88.03801486727129 72.79657302269284 72.79657302269207 63.33346860673606
184.15298066358807 209.84333254562094 195.44968807334664 173.2389890331802 168.2797480054827 152.27311327144557 98.07019062559253 50.67065889181657 47.055302598681834 24.201044673652238
310.124178130039 247.014355100045 191.28647257816232 123.24885772119633 88.96542748807938 71.75477234336306 68.02765293169489 68.22935575876835 68.60102160335998 68.9282937806545 69.14494566832704 69.2789124362393 69.35126374148982 69.3796968665456 69.39026041287107 69.40179796565405 69.41390618119954 69.41213073514209 69.420637636101 69.41746055362245 69.41378419679991 69.41087653189044 69.40948171862078 69.42056202335287 69.43006627454469 69.42508034138848 69.42495003114293 69.42659116678243 69.43486110131303 69.4415951969822 69.44174839350876 69.43654957496769 69.42795167969422 69.43113917594275 69.428488276081 69.42612917976327 69.42735278197921 69.43252039301181 69.45147188092066 55.97332689225805 62.54602120554464 65.94408500054551 67.67715766253919 68.55063856963916 68.99271963084209 69.21709539191731 69.33294436050143 69.38716912091971 55.89796419231774 70.6513675441724 70.0188958050073 56.35877650143768 70.88160522161948 56.97162762298781 68.12631031468197 63.28930260763533 71.51805224189755 56.857742233168516 71.27267111250235 53.674599305365604 58.69928453451112 61.97714997375686 59.423102200846074 54.31101115511422 66.42538244867484 59.261309828338526 53.39122666326725 49.87476637199652 49.88850702352021 59.30625932079835 59.306259320751614 59.306259320802795 58.06129923947711 47.174116267948044 45.289625778534 69.73234530216422 70.85338481016733 57.56527628092515 52.72976452516887 52.729764525159126 52.72976452516067 52.72976452516067 58.048084285540206 70.94635138176106 57.6253724667057 57.62537246671894 57.62537246669936 57.6253724667139 57.62537246672188 52.68796843400907 52.68796843401129 57.94016358542906 57.940163585431016 57.940163585431925 47.06376463016139 47.06376463017136 45.179697748339066 45.179697748356766 36.69459495493971 36.69459495495253
227.54208983791042 179.94588531098938 113.57186477118267 70.4892014830986 57.489251454602844 52.25034126959944 49.46562287548813 48.43850289573793 47.9298929355493 47.68825063934372 47.59275023539335
225.8895345380431 241.1909577366495 191.02329178109218 155.45745401432768 96.72402685579203 62.18030809872313 39.10256869914335 31.207873705215846 26.640925385870244 20.785591088327063 19.584386982989486 17.27120048353809 17.907284148942622 16.83933910054989 17.2554972798178 16.99893039018762 18.743650442366615
116.51515628398077 150.9405051820512 140.21966372018414 43.61741022539031 19.1295728056915 33.18968208089598 22.62298743363863 30.325688575425914 40.77264160324705 26.91940683797 32.31283612714137 38.656014795972496 23.714207919925354 28.71691556448031 31.909554265479123 17.161871324140392 22.67625493324812 22.69239131289605 10.268561848416283
244.91117511207446 199.43382936943277 195.02950997428627 150.79376200700727 95.8007256714596 74.30115154579771 43.45908958492373 42.542971232274176 33.24705291539482 42.866215414532164 35.46727851412438 43.78271343879424 37.004445628176825 44.24397686817259 37.86475217426021
113.72532131442743 83.34682242547329 29.22359977701892 16.755775940691315 16.2411696139936 15.860722487810651 13.237622081217905 13.105970276387518 13.395149384628262 11.871991535475544 7.490253276491083
224.9798414467465 181.65513471667387 123.47237615501203 197.67245565529447 194.2921034543573 173.6295288725883 109.92687759245818 117.56692067948012 87.10671082469717 48.24604871344271 27.72318185707865 37.96289987890742 38.00169361201219
228.42821522932348 279.5277102117482 241.83956498736168 270.0560372144458 213.79234822864152 220.34949378732296 214.87968553438682 219.16375779960035 147.0955017869531 172.5558012928776 111.96971276678285 143.77419722323648 59.26413270628766 115.14802011551521 43.60263378457511 67.13435052172514 28.503805470184556 75.67498796477011 25.681352380450527 38.69081364859872 15.65661850614375 55.71400313940147 18.165171296394487 26.38115179300455 11.519249425748319 35.77727574792004 11.95292789378542 7.117867713317458
289.43173215988185 200.2868292572694 133.28692005525338 86.36389480131551 66.6110304089068 60.026545427863255 53.36746921792185 52.05467936312048 51.400967262696994 50.99464132394653 50.729914936513026 50.55468011463978 47.40560588863431 48.79675769597495 49.50077018947273 46.81849795861136 48.46485140119297 48.84076082616889 47.57358236653455 45.32320070927727 55.45724914285338 46.78174067302328 40.35540391480229 51.186855402517445 45.27865255240985 51.56129087059036 45.14351627677858 38.20849558426657 47.096420766009764 51.642772935072806 39.77726572100977 36.761552121213654 36.8900051151306 39.5510831337691 34.994304641765865 52.28409380590642 50.012495489941095 50.002981050725396 50.00298105071933 48.33638035270773 48.33638035271373 45.66050171259461 46.53038022660037 44.64353939590664 39.499318292598936 39.49931829259746 39.49931829259858 33.50436776100723 33.504367761007714 33.504367761008076 33.50436776100831 41.71574635413244 41.715746354125 41.71574635413195 41.715746354124505 41.71574635413167 39.362942424648516 39.36294242464672 39.36294242464688 39.362942424647024 39.36294242464706 39.36294242464709 39.36294242464709 39.36294242464709 49.44352599912123 49.443525999128966 49.44352599913204 49.44352599913154 49.443525999131396 49.443525999131396 49.443525999131396 49.443525999131396 49.443525999131396 49.443525999131396 49.443525999131396 49.443525999131396 49.443525999131396 49.443525999131396 49.443525999131396 49.443525999131396 49.443525999131396 49.443525999131396 49.443525999131396 47.97184118373616 47.97184118372769 47.97184118373462 47.97184118372852 47.971841183732295 47.97184118373462 47.97184118372852 47.971841183732295 47.97184118373462 47.97184118372852 47.971841183732295 47.97184118373462 47.971841183728536 47.971841183732295 47.97184118373462 47.971841183728536 47.971841183732295
64.9681296415366 128.83460075345684 57.81156208169835 90.85863455978416 38.57504474953351 52.70040033517268 29.357274718538893 31.808496250093135 40.17452370587606 50.41484841704467 50.49379744004763 60.460975481409555 56.55943811657901 64.31347144055103 60.216109047481886 66.47360707893434
308.5295027665464 340.85342869748973 226.62583697959673 234.90918504211444 126.72553159354703 103.58954291908398 59.61013060879109 53.197539962900166 40.305558941343385 41.600147564000764 37.82898280945854 42.19251626079239 39.95409493637158 43.81822686448788 42.02898546846681 45.239286983383444
147.17317406329263 131.39577835570523 203.29081379591656 210.79666215191537 229.37375882614822 195.15220560996084 231.13839240382177 119.43209669057335 51.916333755054495 16.307942764418925 33.41813414624219 11.293559652200821 11.2701057695917 6.724675628738479
307.45445607095985 281.2362675886675 194.64902782378792 120.6659692222668 61.024928817576956 33.897738525955994 21.975584973116426 15.427249738616919 15.652869596413787 13.579606338999119 16.985102508053448 14.060292798871387 16.501738786864554
289.93876969665484 319.48869828216823 297.43473885963687 318.69594439353347 319.53242394585175 321.94420247119285 325.0277251190885 320.11093538305283 321.4180708479855 319.1730715897057 320.5557971697649
416.3973875880884 389.1365585867697 354.9427558464926 248.43447302998746 139.63731387580137 77.1081125133625 49.3906067234373 35.32524982250939 31.962036193170306 28.674861182854237 28.90597910901779 27.607746536174215
147.37865892164535 156.3636480558095 197.97333902604962 102.92170446037872 81.90725906251186 77.45627423713901 40.30180273016646 26.173892032498397 21.938257613142195 17.60107231691992 14.826594404162767 15.601047133881641 15.683813020495577
355.4468454797484 259.1474391414391 277.0003485555049 187.37664411233717 148.55724779345132 98.74109851764796 82.52697668900349 64.35252962119895 63.361820637737445 55.1710638556486 58.15391742062103 48.83824471007003 54.05656556383061 46.728946447144274 53.58589336640249
310.07282046091774 360.5127931445288 339.52780618070005 278.6532717222634 259.8826006263998 261.80155025339934 135.59532776229167 77.40374942819554 33.36175361654071 20.236042457808637 13.895191551890393 8.35692250019239
290.4675436716114 347.1277201330955 306.92652892434876 346.2730351778631 407.9618077337321 409.83857767890987 438.15855649055965 448.7104751632518 445.5416764817133 453.8080748604523 450.59914216145404 452.4381975899876 455.0027432843301 451.14035289282066 447.8649953787183 452.23677247002024 449.6453358787686
359.16858278368136 308.87607192522086 274.9192747522762 198.80944821336223 108.50116521157244 68.72662309086155 45.96563863288266 41.21859888379929 37.52350886315568 37.993096871454206 35.7013733423163 37.37008358379212 35.82467413873151 37.45032236106827
92.64283114080891 127.00372924248846 59.342724461419415 42.40192192683412 29.128002739873537 31.901035468940652 27.40274503233977 25.029926639885545 24.27100468295206 32.941919077545975 31.49367453988691 32.19154271236519 22.20973169281641 33.95961427916445 32.02839220647863 24.487192538459933 15.875710147905744 30.628974152245235
390.8134156825957 382.60224223658435 354.32330745505686 319.47377709874684 328.11129081754126 338.1399633432069 344.0857003789387 349.3652204677695 353.41182551370395 351.9820281150246 354.70481627137855 354.124803566393 353.78165490889575 353.5769453556728 353.4561866297174 353.383629070477 353.3402716329226 353.312798993681 353.2931080812315 353.2852284150906 353.2794827773642 353.27479116315845 353.2732712349177 353.2739656537867 353.272123838119 350.91788181654385 351.87376932798895 349.94389480247145 349.94389480247037 351.2926572239611 351.292657223962 349.540171438545 352.9306111700764 352.9306111700799 352.9306111700806 350.6797031130633 348.47940930917406 347.55781122474514 346.9208713856996 344.868779206826 349.23565582575486 349.23565582575924 349.2356558257591 349.235655825759 349.23565582575895 349.2356558257589 349.2356558257589 349.23565582575884 349.23565582575975 349.2356558257596 349.23565582575935 349.23565582575924 349.2356558257591 349.23565582575907 349.23565582575895 349.2356558257589 349.23565582575884 349.23565582575884 349.23565582575975 349.2356558257596 349.2356558257593 349.23565582575924 349.2356558257591 349.235655825759 349.23565582575895 349.2356558257589 349.2356558257589 349.23565582575884 349.23565582575975 349.2356558257596 349.2356558257593 349.2356558257592 349.2356558257591 349.23565582575907 349.235655825759 349.2356558257589 349.23565582575884 349.23565582575884 349.23565582575975 349.2356558257596 349.23565582575935 349.23565582575924 349.2356558257591 349.23565582575907 349.235655825759 349.2356558257589 349.23565582575884 349.23565582575884 349.2356558257597 349.2356558257595 349.2356558257593 349.2356558257592 349.2356558257591 349.23565582575907 349.23565582575895 349.2356558257589 349.23565582575884 349.23565582575884 349.23565582575975 349.2356558257596
284.7683554446548 180.8164468747744 210.91320880431473 197.5848670278026 189.2506328472405 145.0475448603196 145.13010775760299 98.70496279448349 75.81483669577857 70.85147086964393 61.5554902975909 50.11509030348482 48.23272397297422 51.30561244172313 49.395817291877556
399.5218209393071 360.1083999627137 356.35410822362684 345.4010403938856 354.7460916499078 379.9018466912946 407.6264574801163 418.1530076242387 425.62844657940286
251.2399842452446 281.6696580861589 258.814679221601 167.46059473678665 119.14267630126912 76.07456241941411 48.749464610859086 46.1638394318513 39.43021730569301 32.988442834060365 34.58679466819384 36.368808735059964 33.998171186037844 35.4309111002513
120.90327798498001 163.453028519526 124.6434875371889 72.90243857191021 79.78324371530017 69.1267907427876 33.151060547407404 15.97602397073609 8.888763225972296 11.604241856546073 7.191998353403096 15.50903611974244 14.543887576295175 6.107635929653301 15.129917404846937 15.392958783609348 8.172466500619903 16.816772196644756
267.9156141194375 199.406669320583 208.66018960272115 191.30719714248656 214.04701794669145 213.91944621637438 228.51002800757368 226.58802268364622 231.02570799914736 226.47282740794117 227.38732647606295 224.99036550853157 226.0513141204542
315.49399699105993 321.07586942012387 219.48523508214987 149.12975941221094 99.22714764443873 81.82437816158492 76.87102579440023 71.3352979055928 71.54993386904428 68.6124261222477 69.73003458002475 67.45033505149266 68.8936202043163 65.49284761691237 67.75831640358 64.78353745480656 67.28327166657587 64.46816891313878 67.03539767748711 64.30916528874889 66.90513675713629 64.2400989242955 64.26836078970429 62.69430399387895 63.44015064494961 62.210001375751105 63.1732635344593 62.04736734713451 61.41447131005237 61.04822975788166 60.837436790885825 60.71569217213417 62.339938189344934 61.57828248391149 61.14498768157361 60.89310489491658 67.58253020254871 64.63045107244567 57.19186687572373 58.59257977585233 53.02411841551171 56.131240059299614 51.32396388226018 60.06137350466886 54.02607664282411 56.72807889513045 58.32145006889029 52.826136768858824 61.27421724682808 60.97742567753843 54.65012674449815 54.650126744492745 62.73122243946314 55.855539075165844 63.68609741465058 63.68609741464528 56.51119284450906 64.20545846095126 56.86635888939145 56.86635888941438 64.48741951109876 57.060008783531785 62.1724293445935 55.562169276185834 63.35737105022918 63.357371050180234 68.01098345369596 59.6309804440395 66.53580242600431 66.53580242599237 70.95263999375051 61.68142406687711 61.681424066847114 61.68142406685041 66.44566156822364 71.76365556633519 75.79042594772835 65.0903480456513 65.0903480456451 65.09034804566221 69.60299262539412 69.60299262539361 69.60299262539293 69.60299262539259 74.18641540133947 74.18641540136497 74.18641540137854 74.18641540137575 63.93939800954494 63.93939800951215 63.93939800950549 63.93939800950608 66.18798747819962 66.1879874782475 66.18798747824523 66.18798747825223 58.53383216785238 58.53383216784066 58.5338321678411 58.53383216784206
384.4997202121091 324.89116022383837 315.15624618828383 234.1143401455327 136.62825204906824 71.02504732955441 41.51195891590718 30.504481071729195
262.40089232586746 229.37788479156174 163.91714564028712 191.33716121823406 182.58092352610845 142.9729799701402 151.98468419849996 150.5917763528904 149.48664186302693 131.3187729110862 97.36169674845998 69.5577418605952 44.6235973523592 31.43165696401285 18.829454944351898 18.128089403992295 15.491245475324808 9.779849283127412 9.861031584075631
300.7101372061754 323.0408553564598 229.1829751656543 131.3531169650388 85.97246176674963 67.67738180237545 66.4447561480769 64.28270220763609 64.02316034703648 60.42337663433029 61.418723983258865 58.85651336995344
207.4935360175729 102.26213615287813 134.32175189681712 50.32632518391768 79.5669797221421 20.965370903981988 47.035370266797656 6.17852077583623 47.47405002070019 8.315471065999539 137.1663293822312 31.358680834008577 216.15552911754278 62.47247098642156 271.42617050610323 87.89068386034167 294.727083771874 100.10084966007031 303.2073385768555 105.04837007481954 306.75936149902947 107.04537332726406 308.2976501159741 107.74943806620452 308.6987300591163 108.16411076581643 308.90866982201203 108.38148300357255 308.9503590546098 108.51367428208584 309.03457683743824 108.4673423368073 309.0516533567373 108.65474096903979 309.00870557375197 108.54768068385404 308.9998655935036 108.71800301848894 308.9010860407779 108.74448195971738 308.85659438633957 108.61686730985542 308.92625319317733 108.6581567822898 308.9632709222018 108.77364222429719 308.9520788734663 108.75144163389628 308.8506341436753 108.70337210189847 308.92222896544996 108.70789450415357 308.8436333226237 108.8076642344223 308.89456992852513 108.73318057721993 308.79482368657176 108.76653886791078 308.90694626713633 108.71828480000079 308.94806779569143 108.74035595306601 308.8348137943848 108.70383148075747 308.8921659676693 108.73632194107466 308.93324987927946 108.7508481385565 308.9375575035812 108.74442965387972 308.8599713202547 108.74543144877313 308.9602212474115 108.74504619182743 308.9199575776346 108.73868031168257 308.8905001336997 108.71744272325192 308.86042976893395 108.69162812991257 308.8943712702372 108.75282067070425 308.8771042047413 108.74863355392657 308.83759936014724 108.73705006783248 308.7928734927954 108.69839205109277 308.8686185736186 108.74540755451547 308.7464728152239 108.80105717384436 308.8636855473899 108.7470351383963 308.81473221199377 108.76597892077466 308.7967865026631 108.72963515720195 308.87198520663014 108.80965687854362
171.47566925829443 221.75822659472072 269.67365422983505 180.19916164610643 177.75188659009075 124.27770692745096 88.6354482267374 38.884408115599584 31.804719135184786 28.0839980365056 36.401841312028814 41.31086498071219 40.23420284791352 34.18873469803857
271.78354944677045 189.59858589496366 203.32979174750855 153.4963340302158 137.54089225638222 92.66625156142594 71.61800659619644 50.52471407986235 46.03899628132216 41.85845834391819 42.4863175121181
136.1763278007946 121.08434331052555 118.40032898827438 107.79956954465679 67.30207218660676 46.2260674487232 38.35796186203926 37.04461802536961 39.67352877559086 38.943936942182674 35.28521251045195 37.287552709191296 39.16798168064725 37.63432873895834 35.69025177825033 37.07580599980991 39.046862775529725 38.11750940551737
303.5436415412881 307.2177750985783 221.6541305811786 177.7054441360601 102.37676356168342 70.5965573626733 55.046917226975054 54.81612818072925 46.83187751692564 46.64609160026736 42.22203263214421 44.21445996207125 34.150959032554994 37.891157195058746 26.746538083350288 30.105925019820397 19.103452913884485 19.78810832576573 12.632952921025511
305.47844652960407 272.86395006243066 302.4452066066598 229.8786223893031 183.2041772282307 126.02485045899641 83.17087754089683 60.904092558470474 58.873627839343285 56.11773412661332 53.69819047338156 56.58949937527446 54.53965989445362 50.4700317692868 54.13427724333385 52.84560254834068 47.61712404169726
194.84698376942777 196.94584786882754 115.75218799270422 88.69651992234742 54.50042126371624 39.311734276642355 35.57658715887237 42.69475097888238 35.735905144733316 36.94107086890516 43.46648576136128 39.77046152799526 40.14665176469605 44.90101594734547 42.5497496173557 43.639040293647
222.43508154939843 140.7978618160869 79.27630403461593 49.510346867544904 48.35610692778307 52.09620634689872 52.65663272343841 53.944895688032155 54.63756292992802 54.9921223885096 54.526942113054794 54.91876077705448 55.13621539757162 58.945168165366745 57.87873324797501 52.86185833266832 59.95800175121304 49.47014747183836 62.85412007040364 55.977980119886716 58.12699505487868 60.672541504887434 62.59651092845596 63.668912921209596 50.9740624623946 67.61956200358247 69.62081632599795 64.50861661687198 55.78728794721631 54.416400031348495 57.17038610833965 52.93049609602811 56.40460105948756 63.637394182274 63.63739418227441 63.6373941822742 70.19395939539673 70.1939593953975 70.19395939539771 72.82561015329574 72.82561015329644 72.82561015329564 72.82561015329641 66.78118865997263 61.160253558666426 69.37813030560145 69.37813030560173 69.37813030560145 69.37813030560145 69.37813030560145 69.37813030560145 72.12810093154889 72.12810093154823 72.12810093154795 72.128100931548 72.12810093154769 72.12810093154792 72.128100931548 72.12810093154766 72.12810093154798 72.128100931548 72.12810093154775 72.1281009315479 72.12810093154789 72.128100931548 72.12810093154769 72.12810093154792 72.128100931548 72.12810093154776 72.12810093154795 72.12810093154793 72.12810093154803 72.12810093154769 72.12810093154792 72.12810093154803 72.12810093154776 72.1281009315479 72.12810093154795 72.12810093154799 72.12810093154765 72.12810093154795 72.12810093154803 72.12810093154766 72.1281009315479 72.12810093154795 72.12810093154793 72.12810093154765 72.12810093154798 72.12810093154806 72.12810093154766 72.1281009315479 72.12810093154785 72.12810093154802 72.1281009315476 72.12810093154799 72.12810093154806 72.12810093154762 72.12810093154792 72.1281009315478 72.12810093154802
134.44824307416016 145.1709530582973 87.29776347057417 71.01462720909193 68.35471150877562 68.98754606870305 61.609858887128226 63.735217995892185 54.172047699298176 52.74880028795078 55.48414374713356 44.86834647539454 47.05230009826239 49.388552115117854 39.617675744156884
277.7338393679284 266.46829209363716 276.0091483903397 242.12586627952797 232.73093134762348 236.35611739600492 202.70573557167788 186.64809080351577 194.02621219453368 191.54357886270176 183.66127123307166 192.5913247480915 184.85568954260452 176.88224770808927 189.2389848486072 178.73116919016758 154.28146295258864 180.11196147003807 167.21827263146665 132.5040075967509 170.5062265269386 153.7715031427619 105.42674655493013 158.0666176753955 119.7094957452461 63.84788092503267 135.39519662282967 90.51115370244545 33.00180971269902 115.92333218460075 67.64030563922225 16.401640150095517 102.65892072891066 53.24047255173206 11.018889795427128 94.6503913147734 45.05074479692585 10.387615501781 89.47841732795743 39.69681058178868 10.877795710723285 84.4798208471976 34.31943054902769 11.913395983027877 76.87164104673566 26.307569542003975 14.13430061707962 60.46031214866343 13.440178620672748 19.064932432229597
306.2554489523685 269.7198024631957 266.8679742754132 261.4053483011776 225.4634500082156 144.3380191902936 71.83864917194029 18.908368467796272 16.310790631122657 23.069971010078707 25.982256594218992 27.360983085521596 26.269006312851225 27.66615504774561 28.834888201015527
289.5548332424065 197.8686185033382 220.31318091130177 163.50500537256937 108.87897998084468 75.11990354977331 49.17537410921031 29.144128173221695 24.990228607114396 25.610900252101203
399.096867681076 375.6169953216452 315.40104901327607 194.23950047607556 106.76742870273131 72.2049446203009 56.400711605540245 54.25721241440693 53.960233743116554 54.099164639140355 54.227874892357065 54.33423374024887 54.39606504804015 54.415465890831776 54.43043873718332 54.43429283624983 54.443407059600474 54.445120667688684 54.44292132416692 54.438352817882354 54.440661889389766 54.43601042657611 54.436553588548506 54.43461777640074 54.42754999551748 54.42371133578152 54.41705226865243 54.420026384597165 54.42260057971535 54.418740438967156 54.414570592892254 54.41492662995725 54.41591922732947 54.4189705341908 54.418769247573564 54.41957981567692 54.42263543825245 54.4248919780978 54.42214134860053 54.42088506155856 54.419939973880794 54.41981926655618 54.41854772839484 54.41949329296771 54.41881865863235 54.41598116798366 54.41398981062574 54.412731093976234 54.41163196265881 54.41597913385942 54.41816665322338 54.42131723001686 54.42351036724427 54.42270518056562 54.42443168873166 54.426259104507906 54.42492674677741 54.42474722348382 54.42474323641299 54.42417361365052 54.423998523249274 54.42479907581065 57.5187686502983 55.99783801347165 55.23191508526088 54.84050170126373 57.778317305033866 56.12731342911775 55.2945089170962 54.87199810936423 54.654594624922964 54.54396618839423 54.48605513421841 54.45669777260949 54.442533506629026 54.43667405123537 54.432681973638346 54.429406170908415 57.53587559831226 55.999725564981325 58.4865401074217 56.47122031587141 55.464676289881176 54.957505820846976 50.00804487830487 52.095195737022834 53.21478336100071 56.80010110178872 55.629014509563994 55.03911705631577 54.73846161262483 57.73195672787112 56.0917800802071 61.63274656081606 58.00988087864217 56.22788171302967 55.33671877208211 58.09386895240819 59.73373578295543 57.07894039143946
204.7898245330165 197.62599726006687 117.82258140511935 118.4206493401809 70.72270846406028 40.15163396957591 44.555845222441405 33.835055020729385 20.839852451972934 23.305259221938428 22.68514833229582 13.572306445827284 11.718054230228033 20.044239764454808 11.748175470383394 8.533611578935501 18.08905000197103 11.0942035660802
272.68703833380255 325.5168494878115 258.55728561318796 202.34612932160306 134.30224251853215 111.83627150631783 98.83906269490087 101.7107181664273 97.68150508283455 100.83679787871945 98.62081410894713 101.57020686408103 93.04318653402309 98.50564018893554 91.43830782535713 97.25360707955016 90.85044265859777 97.05132436991873 90.93378401157877 97.21185039786229 91.22522904135437 97.4630237168881 93.80991914549345 99.10476577773264 95.47618831957021 100.1875881280504 100.12977239894 102.98543850272218 98.58801878625427 102.17875593749575 102.1787559374757 104.37777586343748 104.37777586346418 105.72861502340557 105.72861502342823 106.34969151022493 106.34969151021363 106.9256477214287 106.92564772144748 107.28445060536035 107.28445060537639 107.51040966169626
311.1082646033129 239.9353979821168 197.082554431615 162.26854818341835 73.05561068146383 13.018997880688204 14.725052568799356 21.84192088939961 23.94298690683007 25.86697927552958 26.41823869556153 25.92531796465599 26.416615681267043 30.459626146309795 29.27045357426148 29.92822509865118 29.10151187754763 20.148123616255408 20.14812361626123 20.148123616259905 20.148123616263277 20.14812361626113 20.14812361625968 20.14812361626319 20.148123616261053 20.14812361625966 20.148123616263188 20.148123616261 20.14812361625968 20.148123616263188 20.14812361626104 20.14812361625968 20.14812361626319 20.148123616261078 20.14812361625968 20.148123616263188 20.148123616261078 20.14812361625968 20.148123616263188 20.148123616261078 20.14812361625968 20.148123616263188 20.148123616261078 20.14812361625968 20.148123616263174 20.148123616261056 20.148123616259674 20.14812361626325 20.148123616261092 20.148123616259685 20.148123616263224 20.148123616261085 20.148123616259685 20.148123616263216 20.148123616261064 20.148123616259685 20.148123616263224 20.148123616261078 20.14812361625972 20.14812361626323 20.148123616261092 20.148123616259777 20.148123616263234 20.148123616261092 20.148123616259667 20.14812361626314 20.148123616261024 20.14812361625967 20.14812361626314 20.14812361626104 20.1481236162597 20.14812361626314 20.148123616261046 20.148123616259653 20.14812361626314 20.148123616261017 20.148123616259667 20.14812361626314 20.14812361626104 20.148123616259653 20.14812361626314 20.14812361626104 20.148123616259653 20.148123616263153 20.148123616261056 20.148123616259653 20.148123616263153 20.148123616261056 20.148123616259653 20.148123616263153 20.148123616261056 20.148123616259653 20.148123616263153 20.148123616261056 20.148123616259653 20.148123616263153 20.148123616261056 20.148123616259653 20.148123616263153 20.14812361626107
212.77459241480958 169.84309625621276 193.57328145561047 210.2775223413804 159.01805788055555 121.23542856776564 76.1857808713986 38.4190834939187 32.48950844737831 26.583984807902855 25.999982886372045 26.37536027346491 26.301286228302132 30.961454493357973
336.4286577406283 298.37924244004887 228.34619757570272 202.17373947012808 158.17695074759328 136.88038112552465 86.77445551469346 46.06596361919359 42.92736102098997 34.171621813167675 39.852219417458635 35.657923793083235 41.35479611011585 37.092108803514726 42.792193301704465 38.10070626652377 43.85394848940897 38.78827069193216 44.44267125455049 39.2195528243168 44.85348341223913 39.547436636256315 45.108025214156974 39.752654739183875 45.2928217751479 29.275656706925663 38.30408592871126 29.972987223914984 38.731491346640716 31.92214843127531 40.22207398895863 46.093372666103974 49.553186430873396 40.85537671653896 46.16069234415719 46.16069234416121 49.68148078740357 49.68148078741761 52.00431306482191 40.38160594764501 45.871326791215125 45.87132679120169 49.51273228110694 49.51273228111628 45.57905146733508 45.57905146730973 43.33603224621058 43.336032246236535 42.06114288372855 42.061142883731556 47.07507167279142 47.075071672768644 44.20773749426722 44.20773749427932 42.57184320204703 42.57184320202409 41.640033901656935 41.64003390167315 41.10890629618782 41.108906296183335 34.71471331671386 34.71471331673966 37.130429988067455 37.13042998805817 43.87965848015924 43.879658480168096 42.386000235879735 42.38600023586642 41.53820485445667 41.538204854489734 39.31952823119932 39.31952823121535 39.76445501785777 39.76445501781532 40.03715257093937 40.037152570942744 34.20436769384395 34.204367693837675 36.84090479291112 36.840904792923425 38.36887912056118 38.36887912053881 37.50538856419022 37.505388564174 38.71820556846361 38.71820556844927 44.92695833168083 37.00101156803292 43.82391804538991 43.82391804542589 36.150367277517894 36.150367277523976 43.24558597051768 43.24558597050733 42.01827816105653 42.01827816105311 47.085683750408805 47.08568375040159 42.57550640179159 42.575506401792104
259.6719403270377 301.9589812847206 240.4132186660603 240.22099794841077 165.3239309735206 136.45794457672955 111.72819326519198 104.86215068392596 97.53176498914601
315.7524415396454 323.8393583720563 247.78537817013105 204.9708297038742 134.16698367153964 95.92034032217707 77.78052976736682 74.38395075218983 69.70937993393795 68.87826283494744 66.96942773960022 66.94881432700122 65.40349025859503 65.88267748748618 67.86312646655944 67.11358528698383 69.16962246025253 67.76806581163285 70.16616776308304 68.27354736109874 70.69587433285928 68.54582727988578 71.09475015166744 68.72652965261176 71.36888757481499 68.8608864969858
388.90920439062415 362.12292905959407 336.5490369276519 336.35114541941965 343.0255178908156 344.1240616608519 345.3864113890742 345.0115204001216 344.68118509435556 344.4336391602173 344.24298062130475 344.0933764468143
244.6679944403457 128.5456601782965 89.0033222447728 62.579470007300024 48.71072382603753 34.62223565459404 31.85198711322019 35.04098891255604 28.181419916287492 31.184785727066178 31.591540549259967 26.400813084438973 29.42941745031908 29.875492209548838 25.50756156692545 33.84021686412222 31.740350981480535 26.617932920959806 34.32842405778183 31.431419247466078 26.586339608344588 33.97970029961982 30.69127998680436 26.29819655199243 33.46360785264791 29.989791746167246 25.994837450719835 31.105847256042196 28.268279142623033 25.120741952271594
290.42278601754685 278.6197751787227 329.10518319421595 292.3433861607311 306.7599716343491 340.63970676819343 440.5689709075621 505.5518859321991 525.7421110289241 537.343468500369 541.7498587385714 539.5190815258086 536.8351844589704 539.734938939013
323.37468257874457 286.2063449070929 230.6201864494134 162.58194006545855 50.70204738856229 9.34352885590363 34.79431496399664 37.137993927296634 43.16800455834293 39.90949854579977 43.87964638166944 40.71638265397688 44.21945894467622 41.333062942431496 44.52854600584486 42.82639221694943 45.16492002990896 42.49130043896734 45.09271892520562 41.7027014500319 44.49287137485201 41.468304962251516 44.02420038580122 44.02420038580551 45.76735450329414 45.76735450329964 46.44078680320459 46.440786803198534 47.09987112847138 47.099871128474355 47.14020718014513 47.14020718014701 47.167279054509834 47.16727905450562 47.18407290822146 47.184072908223676 52.91993587245792 47.60533985813384 53.02804108870072 49.601417163920146 54.58061614878643 55.00477313050246 55.30471648824616 55.30471648824524 58.37791709113842 58.37791709114144 52.697959716213184 52.69795971621259 53.73003361902149 53.73003361902996 57.46974381469782 57.46974381469897 57.19893658916826 57.198936589168966 57.19893658916944 57.198936589169804 51.0795771800992 51.07957718009962 51.07957718009969 51.0795771800997 52.51129042481039 52.511290424810966 52.511290424811314 52.51129042481135 47.927989565438445 47.92798956543581 47.92798956543652 47.92798956543483 47.92798956543623 47.927989565434785 47.927989565436164 47.927989565436576 47.92798956543485 47.92798956543605 47.92798956543667 47.92798956543483 47.92798956543623 47.92798956543482 47.9279895654362 47.92798956543565 47.92798956543641 47.92798956543493 47.92798956543611 47.9279895654367 47.927989565434835 47.92798956543623 47.92798956543482 47.9279895654362 47.92798956543565 47.92798956543641 47.92798956543493 47.92798956543611 47.9279895654367 47.92798956543483 47.92798956543623 47.92798956543482 47.9279895654362 47.92798956543565 47.92798956543641 47.92798956543493
382.56470715258433 353.60155117168824 327.50535494671016 310.0190433642627 312.56296997543956 315.3887384061824 317.07065809332545 316.9812479188976 319.8835179066511 321.45974826240166 320.2457142827611 321.2404698792449 321.7259478036923 327.00383315191317 320.3091889255973 323.3333904332813 320.88376712625563 316.5498197433737 320.6746414700671 321.0036256109676 321.15622959907006 324.62241889601586 317.6884909271469 321.00694639520054 319.3729576688669 322.10602978510735 319.55101379927277 318.2599636781243 318.2599636781236 320.7111919394009 319.14334907463143 319.1433490746385 317.94163471405375 321.6242960026835 323.4697205728329 323.46972057283665 315.0509776220042 315.0509776220047 316.31579069826745 316.31579069826574 316.3157906982668 316.3157906982669 323.24162294241427 323.2416229424192 323.24162294241614 323.24162294241603 324.12717946084774 317.231520487624 311.34798385437267 310.12367621970515 310.12367621970355 310.1236762197039 310.123676219704 310.1236762197043 313.9897890642824 313.9897890642818 313.98978906428175 317.895033322354 317.8950333223575 317.89503332235887 317.8950333223597 317.8950333223599 317.8950333223603 317.89503332236035 317.89503332236046 317.89503332236046 317.89503332236046 317.89503332236046 317.89503332236046 317.89503332236046 317.89503332236046 317.89503332236046 317.89503332236046 317.89503332236046 317.89503332236046 317.89503332236046 317.89503332236046 317.89503332236046 317.89503332236046 317.89503332236046 317.89503332236046 317.89503332236046 317.89503332236046 317.89503332236046 317.89503332236046 317.89503332236046 317.89503332236046 317.89503332236046 317.89503332236046 317.89503332236046 317.89503332236046 322.9620018909098 322.96200189091036 322.96200189091 322.96200189091036 322.96200189091 322.96200189091036 322.96200189091 322.96200189091036 322.96200189091
142.3006762669696 188.3554425939226 155.30247614523597 109.26195188247455 140.84544953446547 132.11927415473616 67.1705416315972 12.492665193522914 8.962966125550818 14.702369825474852 18.242674344720204 25.750022533267547 24.58454438919886 17.018341317104728 25.18512882250701 30.964894026909
281.9306406535257 321.040362981953 270.4632348536757 288.6896194749674 208.24132848614468 242.71665526771218 143.8597470836399 201.63796150356183 111.25978122046115 163.68089487063125 90.73801961552093 134.66970424114788 78.17914505422075 92.81747742203872 65.4981281869715 63.127667793761034 60.08936782620219 60.87617882698163 57.8479941825849 59.67368573045342 57.47965477880933
365.24024801336435 325.82478775822744 320.2876138616126 322.7017150767207 353.19068271776814 379.79730106651334 399.7644647269029 412.6919907159036 417.60661879841865 421.4343371411601 422.9838927619665 423.9583956972584 424.7959710152957
359.7855136969788 298.6045029585696 212.03818327120442 129.2821931718836 88.40672487195641 76.14457028583097 65.99104600670609 62.96784587566067 61.56226858669257 60.883128723474115 60.57165157151055 60.41326469302738 60.332503890810585 60.2927280677214 60.27846001550376 60.263646338044836 60.25573952022262 60.24238054308728 60.23135283053124 60.22383234499212 60.2205033669692 60.22230194213242 60.22625215477163 60.230659341499795 60.228292114917956 60.23000399527784 60.23459158237085 60.23702018738454 60.23735588158652 60.23449565052506 60.22919213917716 60.22618204099443 60.2240582694231 60.219897355910845 60.216543620012764 60.214328007479935 60.21256081454713 60.210397694442726 60.20909516701089 60.20834467863708 60.20751209314743 60.203806272761334 61.1626763784197 60.67900048603595 60.44371237230686 60.326185409245966 61.23912533685873 60.71419313608686 61.46164698112617 60.822669236753306 60.511969928290775 61.35176543523462 60.76761218020461 61.49709662917463 60.83802045630714 61.53691663434915 61.9222077612905 61.03603298107572 61.64667466058676 60.9057609922726 61.57481441284696 61.94246806615277 61.04494195188772 61.6553948292855 61.98845964660381 62.16600431638475 61.149664809997965 61.713430256765285 62.018050699961094 61.08039294522778 61.67616213728098 61.99967575963915 62.1724119960397 61.149862774749856 61.712720650214024 62.01865668244051 62.17993863458909 62.26513818479611 62.30780206512831 61.20772788179802 61.74481963777716 62.03320832367188 62.185288609400374 62.265670914180625 62.30766297112915
206.8405735924832 211.4118385731748 169.93042063455974 210.26941471593852 232.41332825803616 158.34649179400583 192.69152989078725 298.1220450550708 173.4199193168232 231.4644042246381 374.83531357946964 214.62362579243901 349.4009119702801 445.6519644203304 254.81940006108127 398.0654768285788 467.86663787081943 269.81841432686247 412.7910110903486 473.6657183700984 274.1625493125152 417.0380984986313 475.6672634587044 275.89005361826673 418.6542235726322 476.61547964609 276.7351652497961 419.1987736115047 476.9484036097207 277.3355775054198 419.6155901818687 477.14433711108563 277.6443529171456 419.8091939021114 477.27420251268336 277.81408637718977 420.002668636885 477.38326688626887 278.3324792234288 420.05797923908995 477.29369834704875 278.32711853919767 420.2601779670712 477.4991579516345 278.43538923857176 420.3250813239097 477.4770190448342 278.5922266592806 420.4180783182448 477.6762396977984 278.65518924483126 420.3701930018579 477.57276982777137 278.67580988547905 420.52263561711476 477.6698311663409 278.9840575855082 420.54696626829036 477.63466101879607 279.0134108042696 420.52833316060253 477.68610271242034 278.9854750855871 420.51069684448595 477.6217430380198 279.07555290138237 420.6017487411517 477.6693791296346 279.1778807087366 420.57421125946786 477.6572432473299 279.2130386075579 420.6342666292723 477.6248555026719 279.2681337847903 420.63007523283227 477.57560334686997 279.22771770466875 420.48656644649975 477.53879645351725 279.2097814374539 420.5947948814182 477.6435029926566 279.27005391901525 420.5756233783026 477.6455736407326 279.3337929623236 420.64245000425734 477.6385551362988 279.38796202465545 420.63934029425644 477.6033135950966 279.28296596056475 420.61311856839285 477.6040681635645 279.36159923237614 420.6815087455771 477.6570073714974 279.3143641309047 420.68855607113665
