191.5864167688459 267.633966334743 268.6537999738761 180.83891278637176 90.81669768139456 55.86082921450033 12.732562645157183 20.00593308149643 37.27216914960125 35.38310770259417
307.5720512077829 244.22071928691014 152.31421320335622 70.66741338259166 40.516289749640094 35.836381477052235 34.50670013144218 38.63202812298629 41.32095270786598 43.04039372492965 44.100885713128605 44.780046274134875 45.219360926243525 49.905383541964916 48.143661796380975 51.92158703743676 54.38383125449532 55.95861439840976 56.9503672425184 57.572640611376244 57.96435765404232 58.20572978740763 58.35491617461096 58.45146567042202 58.5089990277993 58.54360539081243 58.56986820305709 58.586895586959606 58.59974093623302 58.605626983293405 52.98817316069075 55.141686851044334 56.48039399612481 57.304666309410464 52.31498073784697 54.72070978176351 56.21632286273461 57.14180407444146 52.23515722437309 54.674871551000756 50.945701501565885 53.87064508856068 55.702554656109555 51.490450862074674 54.22348878038291 45.06880012499073 50.2482713041668 48.58026375845923 52.41946612825782 54.82293853938238 51.02683189902799 53.944776907952075 55.75919570951828 54.26002401148909 55.89042945203056 56.935833688431686 52.179900057300905 58.54799696709042 47.915350810909025 51.98025141593858 54.545047345156235 45.23432889135099 50.37726530756625 57.200725687082276 46.98131165151769 45.09481918202262 50.351276939528596 53.589158537996724 46.03350429478341 50.82462209882687 50.82462209881402 48.917199091795624 46.54233050624007 49.207988448099556 46.77139001281721 54.438713972494426 45.1871718858164 41.65267373929577 50.438244730345936 47.70368663441762 48.96995513500751 46.56103629869277 54.25233969384379 50.549547774742 43.62359015191464 51.85150340761717 48.7218072315552 42.79350598233533 48.85832362230056 42.890565348202244 39.530605133835955 35.74145356649654 45.70289544930882 42.12361888482376 42.12361888487173 41.469772950858584 50.36916056358313 43.534725416101615 42.43521366596632 42.43521366594329
178.0757236186559 145.60544029434502 99.95612025264471 99.60452584837084 76.96511866463823 35.544663947744176 13.47710302123117 9.772058796961899 13.905417681360449 12.240499035276176 6.812313410218494 10.043131113357509 5.534454263970992
196.39093442109365 250.83136009284732 192.48815460554613 184.37038648578076 121.01652418458988 97.469975969717 87.81288855104721 90.75339062009989 82.68101085735981 88.07406451284534 81.76982277077342 87.34020988191992 81.8239205387574 87.07505276930712
380.6298631992144 361.22732652151615 389.73536251033977 384.4571090795309 436.7604897961111 403.77033827968546 451.700831445608 337.9442139988273 347.10776471596836 182.68273121326422 102.17385933714132 45.922138122749246
358.7686907576381 293.1496355693813 189.22318047296685 103.43223309153505 62.93976297768475 44.98371300243668 34.496350115849424 32.35149544280898 30.54126775670205 30.796648234612714 30.03892194985247
364.7349655441027 229.71157178189074 196.42080568694203 142.71689634648027 107.32234781374174 91.31058705911371 83.17293725588007 78.30953159104786 77.02864663178586 81.53326849204635 75.10298509505768
203.77294283100358 193.45632153266266 91.97338338068177 31.77800297820866 32.85430337353038 38.06535849142726 47.48408499515422 45.745104946445515 49.04969067901984 46.99175705432595 49.09436726651253 47.353533921338 48.75340018940326 47.56806441144532
328.98704261120565 298.31119400177715 281.37943976891955 188.07243359843264 98.92569364254065 43.08289709270081 15.480547501979144 7.594031709395928 8.84999558348264 12.636212217971526 7.315048173129891 10.937782770598286
92.3147355208513 89.76688957622153 61.27809150442181 50.427493705875335 41.45416206377166 38.69369191771569 26.58191086538261 28.35278793899475 18.87107691895009 22.330764292169224 17.658158866252688 20.744234676819758 18.302673500896613 20.9663176300215 19.189678408389618 21.37229231234754 19.972988938338595 21.652006109404567
286.09941196111225 210.0614577669765 165.35545194838795 146.18642604328258 139.10210654403681 138.5220232661902 136.00540345644475 134.22033584142 133.14870097625817 132.52410482362845
421.0198742665626 414.4920527534891 381.0155249487407 379.456154012828 336.32437927502104 347.12643294643937 316.4011911521485 324.316913186725 299.34419070785555 291.5221146170689
238.21934141393498 233.24353815790255 213.52279541847278 142.72853384786262 111.12643225393433 104.76982656369042 87.90865814602368 84.12109753708542 87.00223225643505 80.02197000430336 83.01432599480215 85.84428959764352
156.30684283524297 182.65323252281223 114.26145425118696 71.98453070747576 56.20331715803318 47.13083329901583 37.243362442169854 32.998374783845684 34.023200343012 33.008701269508755 31.34276345111398 35.05628018990671 35.260800455362926 33.70218778621275 39.12107549773916
189.00707682644344 92.35507676291735 38.23399636376526 37.6437625768027 42.014106915616885 43.667689360265086 45.39177315951254 43.72734882147209 42.75361232317742 42.21828077987388 38.30187866236516 39.879203832536305 37.02937700677036 35.46219222670692 34.59472217783364 34.12124309731342 33.86959153187336 33.73616867414489 36.22778649777985 35.03759916570337 34.381757588977365 36.60439546258882 35.23987362162493 34.48556266549253 36.66418409460336 40.96277239643356 42.07001517932744 39.70592430344419 37.736896719646744 38.3375402518053 38.95508599494016 41.49327646347335 40.701751423103836 42.23729911884045 42.23729911882965 39.39451571196547 34.757716635916864 38.258042778169646 42.68285937788511 37.7205662337614 37.720566233751896 37.720566233755925 37.602969045700775 37.61329331747763 40.27661608462957 40.27661608461931 40.27661608462042 40.27661608461636 40.27661608461927 40.27661608462033 40.27661608461636 40.27661608461922 40.27661608462028 40.27661608461636 40.27661608461927 40.27661608462028 40.27661608461634 40.27661608461927 40.27661608462028 40.27661608461639 40.27661608461927 40.27661608462042 40.276616084616435 40.27661608461927 40.27661608462033 40.27661608461636 40.276616084619285 40.27661608462028 40.27661608461646 40.276616084619285 40.27661608462033 40.27661608461641 40.276616084619285 40.27661608462033 40.27661608461641 40.276616084619285 40.27661608462033 40.27661608461641 40.276616084619285 40.27661608462033 40.27661608461641 40.276616084619285 40.27661608462033 40.27661608461641 40.276616084619285 40.27661608462033 40.27661608461641 40.276616084619285 40.27661608462033 40.27661608461641 40.276616084619285 40.27661608462033 40.27661608461641 40.276616084619285 40.27661608462033 40.27661608461641 40.276616084619285 40.27661608462033 40.27661608461641 40.276616084619285
92.47418517072403 43.08130676652891 32.295995790818715 35.04232830368095 32.685810972893336 30.20025242062176 28.580720515544265 24.53101763484815 25.58670464013816 27.727468252866352 22.84479118253989 20.509747611307986 27.728012602742872 17.63442358157876 15.282483024177969 19.0243726954002 21.817381467019384 14.42995071376437 18.309413933606706 24.989350270057308
91.71960813356564 140.7105053349884 58.109525016125716 36.231748276037386 19.210055989442605 14.792307500659534 15.070698121720339 15.087696469490023 15.350881508757036 13.449140064398707 14.548073807934689 13.44132911593954 14.601902607584474 13.384060220654806
266.3493392006541 301.5619248074904 260.99330370108544 257.6872693866544 144.6016382612806 102.12764461051009 43.99149081426147 22.31682462883845 10.839942560943044
347.9828390848832 344.14158685063273 292.9956234378198 266.9669185476312 254.16176790117325 204.9715565415888 220.82013724332475 242.67064952688264 189.98374032755174 227.94901534155417 246.8160651043836 181.64571940551974 219.4203539905811 244.55746837465148 154.13515635437906 100.97034987007049 185.61165531894855 79.69232751425774 28.772579478054336 12.839467672765139 4.469233183326875 6.903651260245955 10.088419617360977 9.394372839806694 9.40292687126142 11.096072865816561
324.83299690513667 218.45548421790124 283.86907007488236 288.8184371225784 166.06850533361603 206.2356677293736 169.48816666369913 100.09181615521736 100.73568669278629 96.25037482309705 73.87420714632773 84.9828701132578 89.76837343384506
238.41807086020995 146.935808940995 110.79710949424445 77.6033597733407 85.02132494138482 68.83349657613572 79.33914123173275 49.35404658816589 70.53530418214126 38.107459185222275 61.49218484926927 24.402466132519507 46.320202016722924 11.291571964749284 27.37878253387307 5.096382942084762 13.357040420411414 4.868773227951403
314.9816452273259 229.89687990790028 214.5652315029268 136.73897476231338 91.2057893164482 61.72096213923793 51.29172017593259 45.16602081523812 47.79989327980262 40.307250306963 41.37640917747551 36.76869447042578 39.006396390023795 35.75142011964683 38.20938158999911
275.1619255896382 218.43358169188593 152.68580398575446 110.19923363511418 59.420695679997394 36.2569145184201 34.40231107664028 16.864912353268338 19.080482566754103 25.862421256131416 15.35529020673953 12.935026164491052 14.516367558899304
410.9964696899428 378.11913414188723 339.47445320064196 299.7575405380982 213.46659717586627 130.01221432600138 81.4592158246153 64.71198460468965 58.97706535933451 54.657863081813844 53.1013546734256 48.01649361378007 44.67451309078126 42.505338359228766 41.10080145721989 40.1932078219323 39.61880769793223 39.2529094473876 39.02517381301764 38.88020868833021 38.782155067376735 38.73014104035002 38.69691622285111 38.675595381417644 38.66549666651268 38.66225091879745 38.659343826129785 38.659217549028 38.65988033152636 38.65868317030531 38.657376176391494 38.6614331850338 38.66493295969864 38.66653779905473 43.107596618306616 41.39571489487931 44.69321967100003 46.56509368112945 43.22542425103608 41.44388485817311 44.72895046832177 45.98258990426937 47.27467176925858 47.99069010276649 44.317902183695594 41.88568462223045 44.98591339391724 50.00533508643074 49.48662908584306 49.20702700679233 45.04063013636697 46.478300609086716 50.94885238183678 45.40495379464059 46.905302616922725 51.21559189746442 46.222398325130236 50.78171579918009 45.97198799896231 50.62350699132448 45.87850648301679 45.9417570204668 47.25882546151126 47.218709034083766 53.073841704852605 47.325228321676455 47.266612586860575 53.10560284663656 46.485667965118665 46.6906975503607 46.83213619763587 52.74656536805783 50.94995510580695 45.64322192569358 51.71554131590832 51.715541315933045 49.84503735779056 49.84503735774654 48.97544067535068 54.60917402552715 54.60917402561261 52.20252981582843 46.667404022594326 46.81634413873503 46.816344138768144 52.73545961753191 50.94183349809165 50.94183349799773 50.94183349796842 50.94183349793757 50.94183349809507 46.060381438637016 46.060381438646694 46.06038143865205 46.06038143865812 46.060381438650786 46.060381438657146 46.060381438650786 50.69207137429555 50.69207137429774
275.6812568165387 295.1995468008051 210.75702556318825 174.12499284762694 97.48871043099473 56.694643598202916 47.259238738669005 44.98683415736603 47.457234744929835
364.2494926510069 320.34516747823403 340.40656856707363 252.3479961560616 239.05114507106555 244.06786621851305 239.0178176684933 259.4211413726782 271.47062862764284 285.7230595198437 287.93161289732734
230.6520254393106 219.37755661192418 194.89750110359904 145.2171708140971 200.0708360544417 149.1906781738736 99.9588470546219 47.25794352406507 88.84134578144804 29.018782550984675
286.61074193151467 249.43306840462762 232.0928668458556 139.34004137072057 54.761950027359404 21.617875493564497
339.4014577509125 329.2975144299091 242.67441110053116 166.64450781642685 83.70388452281472 49.06245495942774 42.93771775398376 39.115115491562996 40.316218533334784 35.58101838613635 38.82957222816041 35.4020601111424
233.58186584735574 231.31534446021175 134.5868327703265 65.35384036774003 31.76071812346094 18.921214992673555 17.47926361917746 16.004546228895713 16.457736994540696 16.40982639363814 17.045026408521434 17.211097761578053 18.214655482772507 18.003696289783587 19.552530301921347 18.520310512379922 19.912129638147746 18.702639268376647
233.8049077806098 175.63738634795533 126.99687230959412 119.84038292055996 87.57648527310063 94.98371522385878 94.49337071379071 49.371070416586925 66.15823914545554 59.77313370480253 25.803486198417243 30.54124024099547 23.02255237121312 9.825400264072465 11.265940776324658 12.500906712640635 6.659131310267945
217.11419509050643 170.55823887347793 120.11790387190842 92.27096608283037 40.62719231085492 29.601513423155485 26.226290422747024 23.99517210244189 23.41599765612068 23.51618513617594 21.563684254196975 22.176617898306194
122.74740134608295 131.98804739854404 83.13261129661059 67.3568690354776 45.881462915910596 40.10267237002993 35.88166863794507 31.12728133095722 30.395059217164615 31.368601103967322 29.607926619567777
108.538601969625 101.90362279456376 101.11022288964162 75.7724606287534 48.311962382824646 31.11079366938867 21.43597557287457 28.22388242144772 19.928612278617962 26.56684432223339 32.34772014043171 18.901523795891652
266.7598515493662 201.669351503456 140.20159662275458 84.56846081941457 49.02657875653701 43.437405958570594 36.32813873885549 32.30115487405776 32.13090366667729 29.369089669001124 30.359104183416612 27.935769453221063 29.498887227306067 27.15862018306675 28.95134202264441
305.2618761967792 279.61741292620707 268.33761169739364 201.52759052076732 148.09893262202596 41.9939309514004 14.276751673738008 36.30694826548628 40.570978829317866 44.03335987503814 40.56212824335832 41.314175874444715 39.202188066346515 40.542648392180595
217.6400522502937 258.66601203512323 216.71817530255146 181.00315936197734 149.7426301141614 61.92607267103477 5.748433848803274 17.432247231642197 25.326954037458805 24.67905672078873 26.05728089607736 22.75067350007356 19.449496966327686 19.014991159652748
348.3811171128591 302.3550008006268 306.52648697393374 265.9789335444894 261.09806480752604 183.87164667783304 120.15678297703514 100.69499540081955
315.17131147679044 239.61890718360294 133.40887453782454 59.9764939839054 34.03810266816648 27.7346043278491 22.95285333967771 21.808987322210765 21.993332328741854 22.372513981094635 22.66993614909148 22.845022523337036 22.94730935334191 23.0067455306427 23.042104650746214 23.062039212069337 23.071748334868467 23.08337205341704 23.090619254823515 23.093305158883354 23.10049034023062 23.100382711165892 23.1018846106895 23.109324056657393 23.11317296852666 23.11323746649085 23.114117944028177 23.112801542094157 23.11148744270598 23.110102622800607 23.105116691936587 23.101496851888395 23.102873485609315 23.1048400631169 24.84559939496283 23.974918175666517 22.80182072202122 22.856858026056532 22.95358785402568 23.0194962391346 23.05888944931309 23.078365682887704 24.50224230708691 22.39741384553878 22.717708703846643 24.769266407432482 25.98064922771396 23.452338654068434 22.03292183330402 22.384480065692404 21.249102270910743 21.84914720120015 22.30312673657525 23.008598472625554 23.50703274138011 19.725209942221486 24.7891614095115 23.498032955607613 19.377127779178558 22.051581465292976 23.06184602918119 20.174920239399867 19.23390918034682 21.752926165468768 22.28813859704385 20.965923744925618 24.182520310415168 21.415410368590024 19.663221765966345 24.583003224859066 19.90015109294125 20.978559609633358 23.310746569722006 27.551135334584828 27.55113533458497 19.358899204483315 19.35889920448413 20.366663994751104 23.671148604634315 22.949308972536947 22.949308972538994 22.949308972538994 18.907616894620624 21.496335123191614 21.49633512318479 17.40091911511287 17.40091911512655 21.208395896767975 21.208395896784264 24.49268465627069 24.49268465627042 24.49268465627107 24.492684656270768 23.618049999670834 16.31911953270296 16.319119532708093 16.319119532705457 16.3191195327028 16.319119532707557 16.31911953270529
278.76836337129834 282.8937358452014 216.00292783007194 125.8145042431848 55.428346604742416 20.714821036640473 4.558282279711118 4.984095645855241 8.736962978856884 8.343580793632238
173.83103617681454 202.2572943211949 234.8284551571272 197.4404530360883 191.61317556979094 147.76909018113537 103.91172263207866 60.994065259709146 14.215562542765197 2.7422504486419714 11.05949770386052 25.29514048614013 0.5850483403113248 2.647820553538431 4.96833280134955 14.527795576595164 2.2979887666192167
294.25362811743094 277.4268835998124 298.68262442059074 247.6366985592523 200.64613305100164 184.79011583516439 106.77031522408738 73.92951647595302 40.37872575984205 14.28829965710703
358.084848285439 319.99662522325633 274.9674058787453 242.52530802304258 138.62824394513734 59.28797400083282 17.777441735882217 22.398936221691827 27.119301513163204 26.2489228493005 28.617059197674187 27.136389072327965 32.870583202285744 29.963603648880227 34.540535213736995 31.20508849010386 35.241803341718615 31.803542569412343 35.566294470535375
255.59153574388856 198.33081428958303 138.67400001548788 165.20133236133242 134.6668062888266 118.07162914551569 150.90425511947416 80.80049252907904 43.01228246667379 57.34805082853124 31.407087174890965 27.7421536067442 25.688626262895845 25.970524924623785 28.12809149552185
230.2712881340641 234.62239174540096 198.3610195188435 200.99879799402567 204.7182552223614 117.90198697272962 59.423900314786884 30.61709182602608 16.51266153134258 12.707022316586881 11.806144262761876 10.199028449990493 8.575724694671763 5.171264672562951
164.50299504611033 163.21597690181153 82.66594219637774 61.026330179989095 37.84122385161572 34.84752702114828 25.468201359628353 26.16293381604073 23.101779006502273 25.863942639724375 24.30551418237906 23.550347914956163 23.542868113716853 23.18712303398623 23.984952766159815 23.507073550607046
253.4039448231252 215.7874676094304 130.9435094179518 113.62834956621661 71.35569015565582 52.253091481536714 44.485794119854724 39.62854057046583 36.98279338318589 38.06093082624133 38.84092246986867 39.644732329787246 41.012912996675816 40.80632756718471
183.8984403970693 245.73293016986244 161.0014314254977 140.0264835263808 110.26584689824006 87.64984424658822 40.587492140547425 19.95578616024936 8.190687865339767 7.1812219951802
260.9844161698077 279.6861803761041 149.24761079793322 74.6396568585328 34.96818195408393 29.316211990508428 5.809953954427585 19.357589356677384 12.030384355600336 22.141942039775618 5.112778484536971 13.611181973060111 6.079182129921795 17.536488838902578 10.393733087671484 7.462590294040875 1.6654827550480333 10.00297883382695 15.43511169328007 0.9825417310613166 3.7834544524878857 5.651465534936901 17.336701331132787 1.9593643595362094 4.132978364970583 3.547203895873377
192.9508626978024 293.0521450224179 238.8456716689979 316.9704416483804 227.55710062480227 337.15907969830755 225.70168245717062 350.4320605329809 234.4022689608903 359.7848728492396 260.09330986689656 381.87949507804507 302.46368770804696 404.49239302041417 436.64964651573933 458.384693014972 461.2042989811777 466.5806913747538 466.4348198322049 467.96780592476034 466.9309112551336 468.11273973849734
98.8797638024725 71.54228142153968 76.39259935194417 40.274285951779284 23.944054411390876 16.29804685953088 10.695724801424776 16.342262699610195 22.6210736134251 18.866605872501424 23.927400703950756 24.337228241156062
165.32428704582935 223.2854512465755 123.20486696294067 114.83002208003302 69.78035488980564 59.56008522121733 48.82016205521627 45.62373567870849 42.935066545058866 42.6120369898762
300.4718661264574 287.35428567197715 263.317362230681 225.07185716360257 225.6281917063384 244.06489339317733 242.5411849772975 133.06626090991244 168.14605373001734 166.24076848138168 103.49936379039191 51.68681249632859 42.60105519714591
221.7952752511053 197.7729713615326 144.30319598486696 81.11138591138388 27.155523650656793 21.331032991817228 9.214031938149793 14.500523930249868 8.628596607589579 12.438375124280372
311.6824777901029 334.63110121799286 244.62740271140552 155.9357470965521 78.4469476473279 43.47347249064484 31.998145957875334 27.525651319420785 26.688157407340263 26.052141798567217 26.155425612710328
67.72665578061357 92.98672839809295 86.5958711667854 56.23954697477058 48.95901522683691 37.14531631442188 39.84074660664384 45.812677616090426 31.166234230916427 38.73132997346962 42.983265636316126 23.745710289892063
282.3870827191718 252.7092751152794 215.20741406425316 137.85560052000915 45.941469280920494 56.91556547752168 79.65434864959998 88.18538378024542 90.25809390442893 91.31512314679098
198.5171615956608 267.32296193205644 280.6868684271828 160.39665416880518 178.04105921504572 152.5404014213591 85.87413147833011 85.93465363542894 67.0791174966649 56.97101696530133 65.51737041756022 62.84636639227627
302.62859623301915 237.329014529298 225.57289674229366 195.61433028652138 195.4518225381088 171.93418313761234 192.83088389713555 115.25477610370085 89.76236059000688 13.827948337767682 21.259729230393013 33.27450381221921
286.41711583140494 196.63751089776596 126.37007075691369 73.26173024980223 58.694755038544585 38.66997657633107 30.80740495864494 26.89307481343958 22.518597147566183 21.397534754868605 21.370317882391273 20.098393729599568
182.84181005051119 248.14347745065538 286.63374034233965 210.2887844440088 203.31221143142363 214.79682058416958 271.268400857621 152.48569147352265 63.99207181470193 28.050232259407796 8.351998203392048 1.4156569882551455 7.2012224476815865 4.996643436594805
189.16626451634863 93.77215080015125 50.64959519565826 17.52546432986565 2.875225122285457 2.8493752654252837 9.525165368166249 7.739789279270241 10.734871170889944 10.369077596694657 10.470173453960035 10.975060401512032 11.774075278339241 9.362659747214481 10.28928399851258
255.56664158781123 142.41132934617812 155.61819970855217 120.77273187631495 151.84735833800727 86.18701746305116 133.30048277298138 64.7564259090609 103.20837602739128 43.08544656987453 54.319928304916864 18.309896525430258 12.398400201374766 3.5232632134238697 3.8025696198011385 3.0722655787732025 2.5972301418008263 3.0358178075886553 6.812735814520186 5.915333432364367 8.55808065969701 6.665874103017118 9.054983946738567 6.790448165435173 9.134795227492956 6.776620448036728 9.123634884980312 6.506807619171804 8.99548899354133 6.3760528178700975 9.048312015209799 6.409048940444931 9.022614981323459 6.378685709273281 4.222243789166356 3.9268965501476205 7.573668237711618 5.414800714138263 3.5772850822256625
206.07092931396608 246.58673441724034 167.02762625405734 161.5411642011896 49.224048018831255 22.409129967253477 24.973557937600745 27.443584081154334 25.6805258986584
282.0721218279831 248.5489144786602 271.5794084532775 224.8911873999384 113.33794272718883 76.3267817134329 57.37113745649923 45.8022313524434 49.531879076513825 49.23202899234646 44.19944565202781 45.99175525826972 43.35021905685432
219.38506176898824 210.38226449593463 180.6425362572554 234.74659934514798 205.8859961988913 101.6445150742906 110.86612725220354 51.230281522854 34.47127645141862 31.484242278950145 36.02948852659782 31.793847608966725 35.294360575634535 39.540364169834426 35.68197761454687 38.1675164518899 40.197434344384554
284.210412453176 195.0103587036426 88.42847838830797 29.47143539380983 15.84783932453574 17.054165846038277 19.117318939016652 19.461331524641075 19.573620321129624 19.581615517040646 19.578054101709718 16.832294558282214 21.10355723126509 18.173911345970765 18.3519065093392 21.170057920522336 21.17005792053377 21.48756499790079 23.393807171842017 23.39380717184598 23.393807171841495 23.393807171845296 23.39380717184136 23.393807171845076 23.39380717184524 23.39380717184525 23.393807171845296 23.39380717184136 23.393807171845076 23.646353406522874 23.646353406496956 23.64635340650664 23.64635340651113 23.646353406511935 23.646353406512365 23.646353406512354 23.646353406512354 23.6463534065126 23.646353406512763 23.64635340651275 23.64635340651275 23.64635340651275 23.64635340651275 23.64635340651275 23.64635340651275 23.64635340651275 23.64635340651275 23.64635340651275 23.64635340651275 23.64635340651275 23.64635340651275 23.64635340651275 23.64635340651275 23.64635340651275 23.64635340651275 23.64635340651275 23.64635340651275 23.64635340651275 23.64635340651275 23.64635340651275 23.64635340651275 23.64635340651275 23.64635340651275 23.64635340651275 23.64635340651275 23.64635340651275 23.64635340651275 23.64635340651275 23.64635340651275 23.64635340651275 23.64635340651275 23.64635340651275 23.64635340651275 23.64635340651275 23.64635340651275 23.64635340651275 23.64635340651275 23.64635340651275 23.64635340651275 23.64635340651275 23.64635340651275 23.64635340651275 23.64635340651275 23.64635340651275 23.64635340651275 23.64635340651275 23.64635340651275 23.64635340651275 23.64635340651275 23.64635340651275 23.64635340651275 23.64635340651275 23.64635340651275 23.64635340651275 23.64635340651275 23.64635340651275 23.64635340651275 23.64635340651275 23.64635340651275 23.64635340651275
326.1293134389952 238.77443050759126 262.392157015572 253.60887070089655 257.94182903420864 264.33354934175134 257.5428672144689 257.19347272905054 261.6813975189099 258.0656661689833 257.86320073979675
161.53786763620158 255.72288536454485 271.2264971823762 216.0476313708918 186.79768176837658 136.76152925902383 84.31430317436416 49.44585732848918 34.63348379654843 34.36383870417733 34.3620230885259 33.260261675577105
260.0706442207051 224.5608397699769 251.8011318452331 240.46761116125728 144.99251340252027 87.07430227133 42.979157286549494 30.176045898852596 29.976227240849788 31.018352201833057 29.969875419724072 27.59937334916525 30.3350307227107 30.192179199765405
151.18515642912877 152.51346038089633 119.49033749497956 175.14195058607496 108.70827506675985 93.65634971222728 86.05985242852557 87.05441035025513
174.46929733729613 150.0580285053924 87.09544866020376 24.99108165926575 17.6410948910905 27.13588944218835 36.502074451469085 38.297582696379685 40.06561468375103 40.28455720681731 40.69251666993851 40.88188630419679 40.96671275139951 41.15898298730529 41.13376700649067 41.36861170345181 41.22689628450697 41.424376048776345 41.4850331498063 41.53126496715437 41.164135923877744 41.30919453082885 41.42232125440818 41.50452663513169 44.703166291428 43.1454402075916 46.03227145226581 43.801440276283884 43.80144027627817 42.693397208262176 42.69339720826366 42.13978679089507 42.1397867909031 41.86310308395765 41.86310308395651 41.54790588647102 41.54790588647262 39.223851698404424 39.223851698409135 40.442738840942646 40.44273884094408 43.45232224651632 43.45232224651827 40.93910272751736 40.939102727517884 40.54383603587516 40.54383603586913 38.59303796410187 38.59303796410068 41.95005369021061 41.95005369021142 41.95005369021077 41.9500536902106 41.95005369021066 41.95005369021056 41.95005369021052 41.95005369021071 40.039514301121685 40.0395143011225 40.03951430112257 40.039514301122736 40.03951430112252 40.039514301122836 40.03951430112295 40.03951430112272 40.03951430112278 40.03951430112295 40.03951430112272 40.03951430112278 40.03951430112295 40.03951430112272 40.03951430112278 40.03951430112295 40.03951430112272 40.03951430112278 40.03951430112295 40.03951430112272 40.03951430112278 40.03951430112295 40.03951430112272 40.03951430112278 40.03951430112295 40.03951430112272 40.03951430112278 40.03951430112295 40.03951430112272 40.03951430112278 40.03951430112295 40.03951430112272 40.03951430112278 40.03951430112295 40.03951430112272 40.03951430112278 40.03951430112295 40.03951430112272 40.03951430112278 40.03951430112295 40.03951430112272 40.03951430112278 40.03951430112295
257.6385583352422 264.6127268760808 222.59210577258168 220.93607536309392 221.32591876402046 184.40905210810206 146.09724771535565 76.8051468232756 43.88076908632327 24.28002982103524 31.93296927253136 34.71305274545369 38.866238783006025 36.810132146447344 36.481727894381685 38.016744747829456 37.02785036268416
282.63528464249214 191.42095953096054 188.5322155673211 182.84141046355506 206.87784190884085 168.31335981373147 205.1455130133322 121.57199014558469 185.60469010387678 85.91623483013522 162.3574637974119 68.23429067893332 143.79836782991686 61.58761443004968 130.63067649777736 59.42032679813389 117.97504942533911 58.950932267643346
99.57566082866332 46.93502703903817 30.30738570254089 37.820864721737934 41.415413038601635 42.01973693910929 44.029365544939935 44.092218704528314 44.135251358705666 47.52304841209333 45.85452972284272 48.464194285836065 42.34483478176078 46.56090375106295 40.74635774080294 46.098272442625735 45.59171251913584 45.59171251913068 45.59171251916391 45.59171251910154 45.59171251916361 45.59171251910143 45.59171251916319 45.591712519101186 45.59171251916221 45.59171251910132 45.59171251916319 45.591712519101435 45.59171251916351 45.59171251910119 45.591712519162535 45.591712519101435 45.59171251916351 45.59171251910166 45.59171251916361 45.591712519101314 45.591712519163174 45.59171251910166 45.59171251916361 45.59171251910166 45.59171251916364 45.591712519101435 45.59171251916351 45.59171251910166 45.59171251916364 45.59171251910169 45.59171251916378 45.5917125191013 45.591712519162535 45.591712519101414 45.591712519163494 45.59171251910168 45.59171251916374 45.5917125191018 45.59171251916389 45.5917125191013 45.591712519162535 45.591712519101314 45.5917125191636 45.59171251910168 45.591712519163735 45.59171251910169 45.59171251916389 45.5917125191013 45.591712519162535 45.591712519101314 45.5917125191636 45.59171251910169 45.591712519163856 45.59171251910169 45.591712519163885 45.59171251910168 45.591712519163856 45.59171251910169 45.59171251916399 45.59171251910168 45.591712519163856 45.59171251910169 45.59171251916399 45.59171251910168 45.591712519163856 45.59171251910169 45.59171251916399 45.59171251910168 45.591712519163856 45.59171251910169 45.59171251916399 45.59171251910168 45.591712519163856 45.59171251910168 45.59171251916399 45.59171251910168 45.59171251916384 45.59171251910168 45.59171251916399 45.59171251910168 45.59171251916384 45.59171251910168 45.59171251916399 45.59171251910168
258.71051780277134 311.69688057175244 226.30423663055433 180.19169715835835 106.16620829873995 64.1295480707541 47.31076104784731 41.91016596934689 36.60368317145237 36.45191938904065 33.98056748861818 34.241130863274826 32.79483655516971 32.8250247472862 32.06520973097305 31.75612415541215 31.542373837348407 30.744342649639634 31.090664300047788 30.182888048968728 30.86530728126515
230.7784203809072 216.87207122571212 193.17724241778356 236.36541850273974 193.7840247353579 173.9003193670071 184.69155967857156 134.77597010816893 101.65146615805716 102.36147251926161 67.85700151242376 77.63722335196552
406.2191974035479 355.81595650076775 363.99416003622827 368.1490975526346 394.7421055102836 445.2003943207632 454.241195218987 482.3043987729128 486.3046228877139 497.18358742603414 494.8165399169128 499.6313690468614 496.2733099151892 499.4573645332408 496.6256241357705 498.9880875893218 496.7648251616134 498.5560662386203 497.27663196225217 498.3089628518045 497.0877613990712 497.9224484536502 496.83237212874883 497.4531295084833 496.5015054344974 497.1218398527066 496.26456146537566 496.578319765201 495.91944371122696 496.35823068665013 495.65756716445964 496.19896044651455 495.436696077212 496.0352594927532 492.9068553947133 495.5151321111667 492.04983992488934 495.10540455997 491.22425077487276 494.7323897323939 490.5650058830215 494.3922868419537 489.70439730248273 493.9926265207642 488.8475924453194 493.55032934471876 487.8636437233951 493.02230760260255 486.6348949314316 492.39919094961334 485.26917625399085 491.67292844449895 483.6274958415955 490.76246022978785 481.53529547938814 489.60698163004986 478.9414053070551 488.0853862080207 475.57919728959456 475.0895953379017 462.3255762306012 462.63618407803267 447.15049321177133 445.6268245681689 425.8630440144921 419.93422675588073 393.1516206699003 376.55349794103444 335.95619703054354 305.04074196909517 244.5763810972309 239.5960917394715 192.20328656294745 217.29472095631914 182.25790897237746 213.4357098307292 180.60928818467866 212.84640044069212 180.18562181813203 212.6936985853628 180.22609677567445 212.70244749649478 180.08416146162102 212.5882556455699 180.07752629860406 212.62589860488833 180.1237847786817 212.68865060516367 180.09332777409338 212.64710525744485 180.07856968318742 212.66506817333047 180.11221207815035 212.69136398932335 180.09547329042363 212.62484042770907 180.08195187110496 212.70289430820213 180.019941058876 212.63817656221113
278.5230666678684 216.9346876224654 189.80225313320383 240.47428076082818 243.98880117649912 252.55837350785637 263.61258986683765 272.3505253531677 270.41859462961804 274.2667616491682 278.41993627231426 282.0981452825938 274.7250086116029 274.4449586073753 278.2728567470857
286.35324001602277 242.41814734992226 260.88253827476063 153.33158139243648 104.54655704584036 55.41489075857345 34.38112844780173 33.76625722874955 26.515890676883846 19.3692352402852 17.396962006850533 19.54129318359507 16.921192535438315
313.21359531967875 255.8108131003364 187.80961593490682 111.09715343309647 72.81639889746967 69.82220392814287 83.91849741876645 92.69917794143466 99.49039676093871
315.86155923730615 220.1579649773839 262.64866310870457 162.22538634342482 108.19238691486073 70.79053006536962 60.143735694208544 61.044479186483876 55.952944815059176 45.702205842407416 51.410439322690046 52.18803097943546 52.05286255831672 46.50613411932488 50.195517696659664
300.32372366259506 269.56736376141157 279.2871894380963 211.72299225809212 126.347402267272 43.17157835801456 13.163689946257929 16.449595636750228 21.4026608969054 24.16737174878486 23.574642021241214 25.14612058745269 23.650545375897952 25.07755045980417
139.79617850568505 137.1230752398841 152.49162294294868 123.80464272577827 123.53484089422389 120.29639278328018 65.34602433330451 28.14861138301146 13.485214096020282 6.366218298530924 4.758690373028312 8.248129727174572 5.459596119711882
112.55816704131377 180.92085027019155 100.42960472728133 127.37323019389392 44.88803185489608 54.583434178908924 14.085738775955768 18.775311243673308 20.367426151155655 25.329886923138044 27.995713071306763 28.908248606025428 29.581963766565384 29.617225482843267 27.330521448920315 25.84234960121478
91.09870792012197 211.42413888204 143.27869120351517 236.59646830058043 116.58187706808394 212.3454126383085 84.2493755901378 185.35281869405264 67.13991543257485 171.44365718135288 59.71187591112783 166.96944047856184 58.23580026942129 169.8857546589493 60.72524804253631 175.37193066151173 64.42146629963469 181.22451935665782 68.4319440906333 186.17978447504763 71.9601649404441 190.1677305899528 74.91835765006708 193.4080346106917 77.29979642148774 195.81260566245194 79.04808521774953 197.6300690210086 80.4528390080968 198.906796676566 81.49221966676997 199.7716412013483 82.15097164285844 200.451893144942 82.60238392685399 200.88439416161296 82.9335832022741 201.0650303279193 83.19917392460661 201.36173865040317 83.40318745546251 201.40807124623444 83.47372880956034 201.53553425012052 83.67106197937748 201.66250774292615 83.6446059605911 201.70805452670473 83.7278500435548 201.6774929615652 83.81814606341989 201.75887486480488 83.8405978551976 201.75655351544185 83.7514515573754 201.83177330004705 83.75002404236149 201.81759297189734 83.79900573501759 201.73680845634956 83.82752075965487 201.81138442084313 83.85250559810974 201.80598039391197 83.85041743671458 201.78504154156326 83.78720677594127 201.8031232275027 83.83849739654089 201.79726460216196 83.81776803260018 201.81720224155026 83.80916670199205 201.84788120712957 83.76126633225675 201.8257027824779 83.81662497710025 201.85025178033302 83.79683626785219 201.87637257776922 83.8597536634467 201.8713618176128 83.78296979047578 201.8618110856769 83.84084994614264 201.80552680322555 83.86817528489577 201.90747666238624 83.80189359717838 201.77343908295063 83.86700702942736 201.84878537359418 83.85833575605926 201.84218416362611 83.85968378467685 201.7937380028834 83.87339967199559 201.809097797893 83.81520973756638 201.82623983503362
404.62329189144504 347.21303385243846 329.86888456173676 236.52789783733456 158.0221595580463 117.16694486946206 98.17419951134247 96.46785143165376 86.67258502083027 82.1283828684451 79.36901602063034 78.8504650303021 77.59675577853795 78.39715535367966 77.28727525351817 78.07621552672359 77.0698970991119 78.1049977139639 77.02102936168642 78.0777055692254 76.98249738550263 77.95612852431152 76.91373801844503 78.80780632118267 77.39341843145405 80.0690564606321 78.0259605668177 76.92398170810515 76.4079575450558 76.49958940310707 76.17886518549739 76.1788651854945 76.01923921093469 76.01923921093312 75.93609546393007 75.93609546393154 75.89466939890822 75.89466939895748 75.87304817570543 75.75661552121656 75.80984083868167 75.80984083868282 75.8310611506592 75.83106115062391 75.8457221314582 75.84572213142519 75.85116791593212 75.85116791591824 75.85237240084373 75.85237240079039 75.85466676242748 75.85466676241995 75.85470341425221 75.85470341429503 75.85858552234724 75.85407969606334 75.85636635184964 75.8563663518078 75.86375454455012 75.86375454455059 75.8664185164237 75.86641851642105 75.86958445317757 75.86958445307253 75.87074818145287 75.87074818153191 75.8730754674251 75.87307546741361 75.87461622150569 75.87461622153505 75.87485084008746 75.80215697238675 75.83968934239265 75.839689342383 75.8554382288231 75.8773099555122 75.8764207401037 75.87642074022406 75.8759146242322 75.87591462425216 75.87268515914717 75.87249240374669 75.87310541840131 75.87310541835436 75.87415248408739 75.8741524841373 75.87365346156858 75.87365346151968 75.87457723010868 75.8745772301768 78.3393229711546 78.33932297113276 77.12346454589095 77.1234645459386 76.50705359662363 76.50705359657302 78.68432831138216 78.6843283113854 77.29365761152401 77.29365761131474
291.64697176699315 218.37145147473905 242.01980140417365 224.10716303537217 242.6667941365788 195.94499567221757 143.063961513346 74.93210482220051 27.11860709141023 12.232289492309459 13.291227555947188 14.987279508902809 17.158798062910982 17.35066479561618 20.68332808151051 20.04507242306579 19.372863350755004
215.2051378812263 192.8864121780934 190.32901524531758 117.12823234202502 75.86099388267309 57.54461642751579 43.274064675953085 33.93051613108053 37.24834393042696
353.04486697450807 331.5902201985446 304.2062053177237 329.4130836214131 271.73644733194055 235.61800520656033 195.8498998296394 93.33648786937881 43.857110686528 25.767428046001424 23.511723492880105 21.04233604836877 20.23765104928461 19.934669502314758 26.320339542797722
289.4076097390051 256.3983542504117 224.82128726169708 162.20465732279922 132.37159956538008 115.1272986667685 92.41619197491208 75.27865653234231 72.47906838347107 68.583336865988 65.67054975898643 57.496135305321914 62.485971646451105 46.20141076840918 53.23232085512706 29.05943589110355 39.057034878314205 20.066073947541657 20.7455679031192 18.036792236503977 22.08947755290444 21.072969717777283
307.53874144374646 287.55437427783494 212.25042424988393 229.14601447772088 251.88398858029058 298.526211087278 305.8453660388851 319.96105866385255
387.63955469901765 371.318094795915 310.4262824894178 345.2741165952312 312.26461432263443 204.72087323226694 282.37791717735485 235.59285679746148 116.37184011301194 114.4062832237403 75.52472035326389 43.77025647372138
243.49535686396965 274.0347768546018 188.582704447641 109.14503734815482 63.89638132761667 38.41682559194982 32.37674947201637 25.457069178311485 26.581579469035002 24.0826454217496 26.04581695861023 24.447737195461702
308.5448820762096 216.47744473039643 230.44305734263875 205.06237476272125 208.4505184450546 224.29602286538855 234.55345677222522 233.70701738944243 246.34032623578207 246.9202571784069 245.69551027104572 249.8860053784459 249.87327325068551
333.6385968470355 254.8997356800071 152.03741869389833 81.27493649581385 56.43386826213517 50.296469366705495 46.5305121112197 46.589171807096974 46.818631753130866 47.06018907871551 47.275290981628046 47.46132359414414 47.622877201544 47.747269152323334 47.8495818681587 47.929466064977454 47.98723383754172 48.03742170966367 48.07761746447452 48.11245396131928 48.145443749554424 48.168284842160205 48.18663155447055 48.19953311001491 48.20975040552317 48.218586261343894 48.229186808798865 48.23427244032412 48.23741684950239 53.137871594311775 48.87459548349157 50.77353752850503 50.16110039957403 47.775951572764754 50.91309948007178 49.7360913130187 49.58534873395906 46.37117081000971 48.42307239255216 53.37327467156786 48.36539828134397 49.767246814835815 51.79300720410228 54.82227833187137 50.66261528357434 47.37173239638485 47.37173239637961 44.93136824116126 48.41445092291084 49.595141134777386 49.59514113479099 54.40082943058873 54.40082943059006 49.941336839738 49.94133683973469 49.9413368397332 49.94133683973271 52.888323142548614 52.888323142520754 52.88832314254181 52.888323142525586 53.20828306311725 53.20828306310325 53.20828306311853 53.20828306310171 53.2082830631171 53.2082830631032 53.208283063118465 53.20828306310166 53.20828306311709 50.73083674310769 50.73083674314144 50.7308367431262 50.73083674313965 50.73083674312403 50.73083674314051 50.7308367431249 50.7308367431409 50.730836743125316 50.73083674313964 50.73083674312395 50.73083674314624 50.730836743127405 50.730836743140244 50.73083674312445 50.73083674314068 50.7308367431252 50.73083674313928 50.73083674312393 50.730836743146604 50.730836743127625 50.73083674314057 50.73083674312508 50.73083674314041 50.730836743125 50.73083674314084 50.73083674312526 50.73083674313948 50.73083674312393 50.73083674314655
222.70298192874262 292.41555828797163 240.1052395134631 310.7015025064031 224.32065040377475 310.80234162251537 165.72223016216256 306.76838140270957 135.6454210008307 308.2197122409484 129.67336212127987 311.6861806439056 130.695776687889 312.91624940385594 131.50329010516793 314.39042953896455 133.1725048366254 315.73524588951193
306.97277283148645 238.87147031618693 240.38156126748876 211.71147964966394 134.1227413479923 97.90532858752452 81.03144816109696 76.83769894857066 72.94361493246787 70.82429748611506 70.80807833382111 70.81734480963587 73.82296597276334
191.87683003559565 220.49625307895673 145.23526620627095 146.47898310005576 99.06728825119528 56.61056679619205 47.41379005983186 46.66942837255592 38.32143125431749 40.31583701316075 39.1075254956582 34.92201422468529 37.83073629773082
215.15278019059969 169.8683129343013 169.30882171266404 127.83579368907996 119.00982532423443 61.184822658717486 27.363599721683364 41.21766613946606 41.78959120815743 37.310162373020376 36.12442725311531
