296.5685424949238
123.17358552246078
393.28781405352083
1011.5811606298258
146.2597140480546
697.7409993914587
362.842712474619
193.1370849898476
409.7056274847714
200.1070065428546
340.4440756399782
160.0
80.0
347.0
325.17245689653487
374.00858627345275
369.2884150942232
826.2741699796952
403.5685424949238
240.0
251.8282565429784
386.5685424949238
816.842712474619
279.7074417675062
292.3259018078045
323.5685424949238
175.1724568965349
277.6983736418762
193.16407994107954
283.5760047659276
289.5685424949238
323.5685424949238
384.8282565429784
440.1507290636732
282.7056274847714
289.7056274847714
1077.7056274847714
213.15072906367325
443.5685424949238
334.5685424949238
328.2597140480546
313.1370849898476
476.8204401461606
337.5372332900347
205.44548245550035
369.7056274847714
289.6565130859568
318.76056654695026
342.4519203359244
351.28781405352083
249.65651308595685
353.1370849898476
216.5685424949238
513.1370849898476
665.9243330475095
294.3105318016988
341.1370849898476
268.2354817849118
271.32841378149266
361.3967990379022
396.0070856121179
371.8555686498567
694.5611961346281
230.73822927384546
384.27598426243003
760.9451389972926
380.1370849898476
982.2741699796952
2108.6074855511392
360.5894793326594
409.8581708311795
1096.5685424949238
507.3548584917309
399.1370849898476
311.7409993914587
555.1717744506989
447.22697905850794
383.4885309033011
497.7863159968071
336.5685424949238
191.7409993914587
256.3905433933215
474.9757491172728
288.3095418863825
344.6806565723233
431.1370849898476
280.25773560652783
416.5685424949238
451.7791421441638
213.15072906367325
299.1583237203987
311.0
284.7074417675062
327.2794634393895
233.1370849898476
306.1370849898476
246.9134562879936
358.0
204.5685424949238
254.5685424949238
