469.67015715978243
485.1424283383713
382.19202405202645
1448.8140626661007
572.2895174083504
434.87245908308864
288.2597140480546
678.7739272132583
473.1370849898476
469.18032973047434
332.4415017906014
224.27598426243006
323.5685424949238
200.0
203.5685424949238
673.1370849898476
904.4292264215821
399.8700006222703
421.5611961346281
314.0
686.3095418863825
981.145720096767
577.4824033150137
2428.568542494924
586.2611456009845
697.1370849898476
489.7056274847714
821.1160705964992
628.7037896880329
314.7960760365595
464.71927155859703
1041.9332846443062
598.8282565429784
536.8262781014516
482.5685424949238
