190.3449137930698
320.0
174.5685424949238
160.0
107.0
451.8555686498567
187.0
329.7056274847714
260.1445472608514
336.5685424949238
340.1445472608514
72.18032973047436
166.28781405352086
160.0
136.5685424949238
136.5685424949238
333.17245689653487
273.1370849898476
169.46940086426585
142.0
136.5685424949238
133.15072906367325
136.5685424949238
164.068411302835
208.58405656014742
117.741989306775
113.13708498984761
190.01908860621694
80.0
48.25971404805462
183.7384481552068
153.1370849898476
202.70744176750625
208.2597140480546
80.0
284.5685424949238
160.0
216.5685424949238
271.05707339822493
111.05707339822492
180.8581708311795
169.7056274847714
73.0
128.2597140480546
113.13708498984761
40.0
202.2083398740748
243.0
148.10125032217377
261.7409993914587
203.5685424949238
258.7973783193057
451.8282565429784
291.8555686498567
254.1348194820792
330.27598426243003
456.5685424949238
256.8755331450544
256.5685424949238
192.18032973047434
249.34717104492157
249.7056274847714
400.0
147.0
316.58290000826275
296.5685424949238
199.82200089839768
167.62561589314873
348.2187999362999
481.28781405352083
356.7018582438979
238.0
155.15064732906302
177.6553218513582
240.04345773288534
277.517925859831
296.5685424949238
845.4112549695428
153.1370849898476
157.0
226.27416997969522
351.407206622349
344.8282565429784
190.04996878900158
474.76545254023404
294.5685424949238
456.3905433933215
213.15072906367325
355.5234239655247
220.2597140480546
440.5894793326594
395.0817149464523
257.7677727731693
80.1070065428546
241.38938927264314
336.5685424949238
80.0
371.8282565429784
193.1370849898476
188.89444430272832
