442.9926536397043
363.02516443452885
441.6697928170976
651.8282565429784
382.8974606235703
285.85164239987006
293.17245689653487
310.0499687890016
230.5685424949238
309.9090869587834
274.741989306775
395.4835015114143
350.6550108496786
1553.1370849898476
393.1370849898476
1254.4217047931288
404.9926536397043
351.05707339822493
303.15617359606455
502.7401730981893
770.8282565429784
529.7056274847714
264.50407830057526
726.3259018078045
304.8144132446981
889.9797974644666
442.087970591033
659.4440756399782
