56.568542494923804
192.47024193241856
256.5685424949238
170.29440350890596
296.5685424949238
195.2597140480546
105.08168757734722
40.0
53.150729063673246
280.0
160.0
136.5685424949238
80.0
109.02897942168927
54.48853090330111
280.0
80.0
134.48853090330113
138.41232746604095
136.5685424949238
203.04345773288534
56.568542494923804
136.5685424949238
80.0
56.568542494923804
135.94640292279746
216.5685424949238
127.6951674225463
133.5685424949238
56.568542494923804
376.5685424949238
226.27416997969522
77.17512552629896
160.0
119.82200089839768
40.0
167.70744176750625
148.05707339822493
154.00889989485276
145.8176497340769
40.0
113.13708498984761
256.0424575188052
360.0
249.7056274847714
224.63068778332172
481.3476846390877
192.90085836934207
233.1370849898476
329.7056274847714
292.0
277.517925859831
313.1370849898476
364.9926536397043
80.0
402.842712474619
240.0
186.89746062357028
296.5685424949238
203.57600476592762
168.48853090330113
272.4267133261033
207.46975456246383
235.2597140480546
345.46006532225726
329.7056274847714
147.0
188.4241111447805
273.1370849898476
529.7056274847714
282.7074417675062
224.8282565429784
80.0
335.90169943749476
197.27097572945576
296.7421280173846
95.1724568965349
218.3990370463894
278.1837661840736
409.7056274847714
104.27598426243006
190.73822927384546
249.3312717864062
200.0
341.41044311172783
251.3105318016988
233.0
201.7605665469503
216.5685424949238
103.25345840347387
248.2597140480546
282.1507290636732
163.17358552246077
231.99816220326144
105.80167361086848
107.63925996697435
449.6565130859568
376.5685424949238
227.0
428.4241111447805
