120.0
387.4998688079112
175.32318596020815
543.8357019482227
167.62561589314873
369.7056274847714
296.5685424949238
336.5685424949238
135.1724568965349
307.70269191383403
256.5685424949238
302.19202405202645
262.2597140480546
160.0
88.25971404805462
107.0
278.18376618407353
454.54752810157544
320.05707339822493
369.7056274847714
227.0
158.10772935672256
312.4267133261033
593.9816117472014
292.66775560046193
344.27598426243003
213.5685424949238
291.8282565429784
369.7056274847714
353.1370849898476
256.32431458613405
353.1370849898476
416.5685424949238
402.4440756399782
280.84452675735383
238.0
437.61478919327
306.2741699796952
274.87245908308864
143.25345840347387
211.48853090330113
187.45985664828783
251.48853090330113
251.8282565429784
451.63925996697435
432.15046427574
310.3449137930698
249.7056274847714
304.8282565429784
306.17358552246077
286.28781405352083
520.0
272.9590858882453
303.7384481552068
235.90589807835335
282.842712474619
262.11414679644986
338.9981622032615
507.1507290636732
977.4130692522776
278.38938927264314
313.1192374002408
316.0664426035186
169.94640292279746
315.2597140480546
826.2741699796952
570.2741699796952
368.2597140480546
977.4130692522776
791.685424949238
444.34763910898346
240.0
243.5685424949238
136.5685424949238
326.7000597849516
360.0
240.0
176.5685424949238
144.8282565429784
246.77404423564406
278.0
184.0
215.8581708311795
791.685424949238
283.5685424949238
977.4130692522776
791.685424949238
151.99816220326144
198.0
176.5685424949238
120.0
268.0
118.0
193.1370849898476
160.0
237.0
128.41044311172786
216.5685424949238
123.04345773288534
160.30699065013061
