185.10125032217377
240.0
108.97706180660222
137.71309949828085
208.1724568965349
80.0
368.2597140480546
77.0
104.82825654297842
160.0
120.0
55.90169943749474
200.6004587131833
53.150729063673246
257.00858627345275
154.0
96.5685424949238
106.81443271110564
87.80167361086848
100.6621164257619
172.66692067040364
110.0
136.5685424949238
40.0
96.5685424949238
136.5685424949238
93.15072906367325
111.07415633402962
40.0
48.25971404805462
80.0
160.0
136.5685424949238
113.0
136.5685424949238
54.48853090330111
142.19202405202648
80.0
187.0
147.0
136.5685424949238
47.70744176750625
0
113.13708498984761
306.2741699796952
226.27416997969522
267.0280255463916
240.0
233.1370849898476
241.3967990379022
113.13708498984761
40.0
184.27598426243006
280.0
112.18032973047436
102.25971404805462
153.0
233.28781405352086
213.1724568965349
40.0
128.2597140480546
226.27416997969522
160.0
138.7025439890103
329.7056274847714
296.5685424949238
157.0
157.98619513726263
256.5685424949238
153.0
203.5685424949238
263.3014581273465
216.5685424949238
80.0
109.71927155859706
216.5685424949238
124.90169943749474
77.0
163.19923027824552
169.7056274847714
150.0
176.5685424949238
260.1370849898476
161.3967990379022
77.0
152.18032973047434
186.63068778332172
216.5685424949238
128.2597140480546
169.7056274847714
260.1370849898476
203.57600476592762
322.2288358243819
161.3967990379022
96.51942809610924
136.5685424949238
112.18032973047436
464.45827419693165
136.5685424949238
336.5685424949238
