304.0
809.7056274847714
513.087970591033
496.5685424949238
333.6120002278092
449.7056274847714
222.40720662234904
320.44004377852895
393.087970591033
199.0
209.0
272.4267133261033
214.5685424949238
240.84452675735386
906.2741699796952
297.41306925227764
320.0
455.7409993914587
1073.444075639978
245.54560430152603
211.8282565429784
448.2597140480546
432.76545254023404
359.6669206704036
464.65445567945227
574.3105318016987
237.17358552246077
278.7263862886265
312.861816869124
446.81980268970733
393.1370849898476
456.5685424949238
403.5685424949238
515.2597140480545
604.0857817964129
273.2597140480546
248.95207850940722
283.1917454705722
418.9547347239245
391.0
351.31480900475276
509.8928570810578
313.1370849898476
322.7056274847714
358.0
208.2597140480546
270.8755331450544
217.83937756693854
326.66886063377547
499.4241111447805
171.48853090330113
459.77500507851425
313.087970591033
330.0
271.1370849898476
409.7056274847714
227.30699065013061
586.1370849898476
225.05707339822493
586.2741699796952
253.5685424949238
531.5685424949238
349.9590858882453
449.6565130859568
215.1724568965349
134.48853090330113
278.0
313.1370849898476
307.0
174.48853090330113
270.01908860621694
347.15151740748445
249.7056274847714
409.7056274847714
237.44004377852897
243.7056274847714
379.59370692945265
280.0
376.5685424949238
230.5685424949238
363.0917508345343
183.0
369.7056274847714
564.9926536397043
376.5685424949238
656.5685424949238
537.965341532826
478.5685424949238
240.0
197.0
287.4476167915464
327.98787822577054
543.531905586223
280.30623682110013
289.7056274847714
293.1941867965586
320.0
303.7384481552068
369.7056274847714
352.59370908321245
