346.0
353.1370849898476
376.5685424949238
176.5194280961092
384.8282565429784
291.8282565429784
376.5685424949238
77.0
130.93132631298738
160.84452675735386
224.8282565429784
67.0
151.0
163.1724568965349
171.8282565429784
227.0
167.90868015372308
303.7384481552068
280.0
200.15072906367325
506.1370849898476
143.25345840347387
370.1941867965586
241.28781405352086
153.1370849898476
94.0
312.4885309033011
213.15072906367325
273.1370849898476
240.0
390.5685424949238
270.7816870067308
371.8282565429784
200.0
296.5194280961092
367.7056274847714
120.0
54.0
297.41306925227764
200.0
203.5685424949238
400.0
305.0
280.0
490.36384516699417
397.25773560652783
160.0
154.0
193.1370849898476
346.2741699796952
357.1507290636732
280.87446221786644
255.1724568965349
151.1370849898476
682.842712474619
162.1070065428546
195.2597140480546
786.2741699796952
320.0
240.0
622.8780843813063
329.7056274847714
287.7074417675062
323.5685424949238
174.3105318016988
449.7056274847714
415.15505855905263
409.6565130859568
363.5685424949238
184.27598426243006
157.2597140480546
176.5685424949238
240.61058571196108
214.5685424949238
101.41044311172786
246.70243323453195
120.0
473.1370849898476
477.842712474619
216.76924034759864
296.5194280961092
136.5685424949238
318.0
216.51942809610924
185.1370849898476
77.0
193.1370849898476
175.1724568965349
769.7056274847714
110.73822927384546
301.7409993914587
296.5685424949238
171.48853090330113
251.8282565429784
107.0
336.5685424949238
268.05707339822493
445.1370849898476
80.0
158.0
