176.5685424949238
546.0
240.0
187.0
147.83937756693854
543.7967389859482
93.5685424949238
274.87245908308864
266.2741699796952
531.27598426243
136.5685424949238
122.1070065428546
248.32891812864648
151.05707339822493
200.25773560652786
320.84452675735383
235.71957069634243
256.5685424949238
211.8555686498567
141.58591298850172
269.84580818753534
240.84452675735386
233.1370849898476
305.70321456727106
713.0
414.842712474619
298.9981622032615
200.87567146380596
308.3967990379022
200.15072906367325
186.0
233.1370849898476
334.0
353.1370849898476
136.5685424949238
185.18376618407356
282.7056274847714
351.7409993914587
320.0
136.51942809610924
249.7056274847714
304.8282565429784
307.0
342.4570323154063
296.5685424949238
235.2597140480546
447.169905660283
167.70744176750625
207.15072906367325
247.8555686498567
122.1070065428546
120.15072906367325
256.5685424949238
376.5685424949238
200.0
376.5685424949238
240.0
266.1370849898476
491.8555686498567
229.71927155859706
122.1070065428546
200.0
107.0
195.0
123.5685424949238
94.0
153.1370849898476
153.1370849898476
235.2597140480546
496.5685424949238
192.90085836934207
296.5685424949238
120.0
256.5685424949238
147.0
117.0
183.01824177875807
155.2597140480546
642.842712474619
193.0
160.0
171.5685424949238
94.0
449.7056274847714
289.7056274847714
329.7384481552068
240.0
364.9926536397043
539.4112549695428
501.76451516573115
240.0
105.80167361086848
224.8780843813063
263.02775907287173
176.5685424949238
120.0
240.0
214.0864683547548
117.0
149.71927155859706
