276.0
191.40720662234904
305.18376618407353
422.2597140480546
225.18376618407356
280.0
313.1370849898476
397.84452675735383
369.6565130859568
280.0
256.5194280961092
608.2597140480545
313.2597140480546
264.27598426243003
333.17245689653487
348.3967990379022
494.2578762513161
386.1370849898476
264.0434577328854
216.5685424949238
280.0
400.0
313.1370849898476
569.5685424949238
233.1370849898476
433.5859129885017
212.46751650995276
334.3069906501306
496.5685424949238
384.44956978489085
450.55015424212525
256.5685424949238
328.2597140480546
403.07444389180284
249.7056274847714
167.1370849898476
673.1370849898476
254.3075451332584
239.5685424949238
407.1370849898476
600.0
453.1507290636732
306.3014581273465
191.1640799410795
148.04996878900158
270.5685424949238
325.9952558210271
769.7056274847714
304.0
324.2794634393895
427.0
307.0
339.2741699796952
256.5685424949238
489.8555686498567
423.17358552246077
394.0
220.1370849898476
291.3105318016988
187.1070065428546
253.5685424949238
214.5685424949238
435.012618134902
227.0
416.5685424949238
189.94638410979314
203.6004587131833
459.4112549695428
506.0
438.2006978526748
254.5685424949238
208.48853090330113
307.0
449.7056274847714
266.8016736108685
254.30699065013061
255.30391658816484
296.19202405202645
953.7056274847714
457.7409993914587
433.1370849898476
261.27598426243003
493.17245689653487
475.28164199320463
322.0346894608514
320.1507290636732
466.2741699796952
526.1716306032655
240.0
233.08797059103304
350.7074417675062
448.06808010195624
494.63925996697435
263.1370849898476
230.0
274.0
320.0
254.0
198.20069785267484
