127.76545254023405
273.1370849898476
80.0
193.1370849898476
55.17245689653489
226.27416997969522
67.0
249.7056274847714
56.568542494923804
113.13708498984761
104.27598426243006
120.0
341.41044311172783
136.5685424949238
184.8282565429784
48.25971404805462
193.1370849898476
56.568542494923804
106.64157034534377
233.1370849898476
193.1370849898476
249.7056274847714
363.5685424949238
233.1370849898476
216.87553314505442
193.1370849898476
329.7056274847714
400.0
160.0
193.1370849898476
136.5685424949238
120.0
138.40720662234904
113.13708498984761
291.8555686498567
169.7056274847714
197.44004377852897
80.0
188.89444430272832
226.03794335918968
155.71957069634243
37.0
67.0
113.13708498984761
134.48853090330113
67.0
216.5685424949238
104.27598426243006
96.5685424949238
128.2597140480546
104.27598426243006
137.28001396647875
160.0
210.32891812864648
225.0
56.568542494923804
204.40720662234904
136.5685424949238
149.15072906367325
273.1370849898476
183.7384481552068
193.1370849898476
240.0
109.6232255123179
130.15072906367325
113.13708498984761
160.84452675735386
110.43493382609857
137.3075451332584
80.0
120.44004377852897
215.1724568965349
240.0
160.0
40.0
233.0
42.1070065428546
160.0
80.0
273.1370849898476
209.5685424949238
80.0
111.05707339822492
341.41044311172783
208.2597140480546
91.33449524774682
216.5685424949238
217.41306925227767
80.0
136.5685424949238
113.13708498984761
77.0
181.41044311172786
47.70744176750625
118.0
129.5685424949238
160.0
176.51942809610924
113.13708498984761
240.0
138.41232746604095
56.568542494923804
136.5685424949238
193.1370849898476
193.1370849898476
52.32590180780452
165.54560430152603
146.0
