0.0625
0.075
0.125
0.1375
0.125
0.1625
0.175
0.15
0.175
0.0
0.0
0.0
0.0
0.1625
0.175
0.0875
0.175
0.0
0.15
0.0
0.15
0.1125
0.0875
0.15
0.1375
0.1125
0.0
0.0
0.1375
0.0
0.075
0.0
0.0
0.0875
0.0
0.0
0.025
0.0125
0.0125
0.025
0.0
0.0
0.0875
0.0
0.075
0.0
0.1375
0.0
0.0
0.025
0.0
0.0
0.0
0.0
0.0
0.0
0.0
0.0
0.0
0.1375
0.1375
0.1125
0.0875
0.0
0.0875
0.075
0.025
0.0
0.1375
0.0
0.0
0.025
0.0
0.0
0.025
0.025
0.0
0.0
0.075
0.0
0.0
0.0
0.025
0.0
0.0
0.075
0.0
0.0
0.1375
0.0
0.0
0.0
0.025
0.0
0.0
0.1375
0.0
0.1375
0.0
0.025
