0.075
0.0875
0.0
0.075
0.0625
0.075
0.0375
0.05
0.0625
0.0625
0.0625
0.05
0.075
0.075
0.0625
0.1
0.5375
0.0875
0.0875
0.05
0.1
0.0875
0.0875
0.075
0.0875
0.0875
0.1
0.0375
0.0625
0.0
0.5375
0.0625
0.0625
0.0625
0.0875
0.0875
0.075
0.5375
0.0125
0.0125
0.0
0.1
0.2
0.0
0.0
0.5375
0.0
0.0
0.0375
0.0
0.0
0.0
0.0
0.5375
0.0625
0.0
0.0
0.0
0.0125
0.0
0.0
0.5375
0.5375
0.0
0.0
0.0125
0.0
0.0125
0.0
0.025
0.0125
0.0
0.0
0.0375
0.025
0.0
0.0125
0.025
0.0125
0.0125
0.025
0.0125
0.0125
0.5375
0.0375
0.025
0.0125
0.025
0.0375
0.025
0.05
0.0125
0.025
0.025
0.0375
0.05
0.5375
0.0875
0.0625
0.0625
