18.20907490287685
18.109520286973936
18.102582350002912
18.117443841359584
18.121559434099154
18.125784996473477
18.085610170409034
18.092792559153693
18.066702294973993
18.154339610720896
16.560067584345155
16.29908575976066
16.216699774886617
16.14834866806607
16.11972481770159
16.055694537974357
16.129756548946673
16.120981253357723
15.949563154043823
15.932748627724635
15.90718956455414
15.929627843354481
15.9478314503464
16.186774956267037
16.24527714924373
16.288859235424628
16.298229779011272
16.372181367888636
16.35536376989806
16.299225503464807
16.293622413293985
16.298522646891506
16.352860361204698
16.317939312892282
16.38669261142403
16.366744476144643
16.363153487627088
16.326783156033635
16.294595972397417
16.002965478080228
18.829863112879444
18.82899750614504
18.81644214086281
18.818391805492777
18.812279514196106
18.806469539468825
18.80220428897335
18.803104043521262
18.78701013810505
18.78800627588718
18.159065449367514
18.154197012800847
18.158942310346177
17.613947084536797
17.431986175631558
17.419106994723982
17.393740577747398
17.388713111956086
17.379804621152307
17.385437136788198
17.37928182054497
17.37608708235523
17.378741027056805
17.3748358075078
17.379614234105375
17.372227174667977
17.374839533716415
17.367591048703602
17.36828751203537
17.375387022408788
17.380614466592323
17.378894779987366
17.38507919514376
17.376330020283284
17.388119411129633
17.382627261477186
17.386306278034517
17.371652774297665
17.370222013365552
