18.73556934903775
18.728443051583465
18.662080951430116
18.243071599205763
18.23279125548514
18.23315894236455
18.23734937837035
18.221811614596707
18.221402524817943
18.22567401798187
18.231082700105897
18.228243637690596
18.22355172455337
18.218540388335626
18.22285998825997
18.212807263109255
18.200998923045383
18.190663742856678
18.182235592638072
18.188197146823207
18.177672224662704
18.182457816561747
18.180473500342817
18.1807318270529
18.192608720185785
18.186210978924144
18.183675386119162
18.1868417299236
18.177991541159603
18.17430747803851
18.175176755397754
18.178596856704875
18.176456267769293
18.18732568847082
18.19795294912608
18.192012848826568
18.18896323678064
18.196873141440808
17.733584372315605
