18.6382304678406
18.308627656748403
17.894764675312057
17.719634786714163
17.6108175597069
17.541785985140578
17.494942476928852
17.481674371299075
17.477272235853924
17.43916206168117
17.515911411589173
21.084770029020127
21.94635634052125
22.40201074531344
22.776854848302694
22.820957172415675
23.045490377005667
23.208388134438852
23.24265860128753
23.24310317889093
23.301728465690324
23.25744590408454
23.296534743308342
23.198757642884484
19.36918572869151
19.178101380530244
19.02818229703743
18.993165214390963
18.840873707900997
18.794407375957828
18.73853611797826
18.725581646480073
18.56628277589975
18.62195591159541
18.658166600029436
18.660605775399922
18.674766625992987
19.19822695446028
12.569102868631346
12.577493210001492
12.625225308222161
12.659473745913548
12.65987748657301
12.654270198576421
12.653310896535789
12.638926496011907
12.63684010493962
12.658190755921536
3.895018228683261
3.7845582644774667
3.7918393906304337
3.795674227229686
3.8151374036217907
3.8061092718248846
3.806296053147717
3.8021799816658937
3.8083302024455596
3.7966758097639404
3.808573387401569
3.7959194007609836
3.78806344219114
3.8324911850619405
3.978408052674127
4.082238553326721
4.130225015272122
4.128823997658961
4.286643574780493
4.3188071833892305
4.3470031364196435
4.342472348233177
4.339707459947993
4.351310325217006
4.35898159794317
4.361456275966983
4.386427002773841
3.7915189792725954
12.46501060662156
12.133055589811665
11.961933421767704
11.777066507060535
11.733218498619351
11.793172536097822
11.79710261217469
11.828539299878932
11.881470551470414
11.894891798325759
11.792787204804497
8.915930622801858
7.866667485837228
8.707296793882124
9.819809914199753
10.53589199253056
11.538799080738661
12.185320017705896
12.402947665589814
12.758705746779
12.929231709050509
12.933610011397995
12.891533867768239
12.86649674452913
12.809707679202921
12.682635909509083
11.15231435938082
11.147119620510367
11.122852712023773
10.988312209849315
10.972080117803799
10.911223656813693
10.767261441896435
10.74829092415252
10.830589580130788
10.824244501323786
10.821049293784894
10.789762137533259
10.801535285338723
11.659270969350477
16.50745243946342
15.297481634610588
14.865777044545611
14.851214864658962
14.849751964843144
14.828239270611935
14.769197505331451
14.746881498209161
13.392754881734152
13.276929968415576
13.25195666508393
13.367611387625693
13.274130402626101
13.225744470531534
13.260552474770769
13.252237472651018
13.249502185692629
13.2329069915466
13.257626178459782
13.247215959087393
13.227756457828756
13.170157436781896
13.122721325549726
13.14152031985218
13.19795802386754
13.146045537914258
13.143536118734744
13.134239212381999
13.095463341397776
13.011923580459147
12.936535862676775
12.93884720834513
12.921066779658027
12.9315652350491
13.096148187348575
10.72937790538947
10.501096272499256
10.439960901204225
10.358460596407722
10.317104532456153
10.238331161515971
10.251708965752021
10.250928786825606
10.190947576768338
9.967580845243187
10.18202120858111
10.624038992769199
10.77247479160498
10.910258015081272
11.017666915112414
11.089947615176177
11.056324480370419
11.24017134298133
11.296367522744088
11.306821183327836
11.328303017190214
11.28799510103387
11.283566937036873
11.356115831015975
10.192648425429425
10.069741772420791
9.960977553367535
9.855002879203804
9.690561858725822
9.664254432810088
9.576300704160008
9.499448214744127
9.349813366490245
9.21410740036744
9.240509698124603
9.26597224909075
9.348295271967075
9.362921255114978
9.525187650442694
5.398220241088156
5.37375707680447
5.377656854365684
5.364449522721251
5.335045069878526
5.341519317038203
5.32001824733665
5.32104910911702
5.32422095400342
5.3321342690851985
5.3036490200412985
5.2814225381091
5.259966665159005
5.2384271974685825
5.221830554867068
5.193317392620102
5.171635499158293
5.177928046527725
5.17446034391381
5.185776339653313
5.189676774743876
5.185678454492992
5.204134459845407
5.18193254795046
5.165835435092026
5.191834847667314
5.180668843396787
5.2073699736641705
5.206601011155352
5.2221301407886465
5.225311695227658
5.253277629265732
5.2460461612303595
5.255377331935979
5.267172836001816
0.8149520097075
19.97868703043015
19.691795942792158
19.66078868992076
19.62944721083354
19.60952408439909
19.564538946154848
19.56071020084203
19.51382726999873
19.50151980677304
19.55807771810151
19.744941304046684
19.83519350305751
19.93193605037818
20.002855681220016
20.029302718124796
20.127031158252255
20.123362366412906
20.319942751609414
20.394588396592606
20.405190155432333
20.36014667056386
20.324928146407977
20.326610328397354
20.328246841892327
19.79944929061072
19.74353513226421
19.735386547566645
19.731583009745282
19.558793076521923
19.570816807727706
19.580690589755363
19.591237794724826
19.663931277748876
19.72349085488376
19.725396748030317
19.709150711050626
19.693325845941047
19.699861139697752
20.08930064132989
19.665467512610455
19.6516600073515
19.58667278059636
19.56578287604035
19.55949997743897
19.493611848357645
19.467509669335982
17.53775907451335
15.383692216626853
15.574626477805376
15.54471116568692
15.637199752089703
15.783656886326801
15.78514702103972
15.906333649394814
15.874331943297037
15.937423258253432
15.961915644957381
15.941590365716396
15.916425572882686
15.953058835583022
15.77047108960639
15.710325062636086
15.667384752584463
15.625924752641424
15.660828103695565
15.606890844796373
15.568314652484622
15.476722953414995
15.483951918337514
15.488219402674554
15.45423675779325
15.481106323789389
15.441480784190098
15.500878929985324
15.989077127142636
21.906095723551292
21.62578506668466
21.436952037933487
21.378177991825105
21.386416450062537
21.36772148206314
21.33170637784191
21.31014558791682
21.28393271629237
21.28757555735177
21.01159228760105
15.3043930820601
14.987902100619188
14.892754106762117
14.907159347247404
14.880192123107463
14.898871346603382
14.892337268696446
14.847823068131044
14.836239853937615
14.827821813969553
14.802283541499614
14.804812162498347
14.765966567995035
14.755674198677607
14.751418903501074
14.75278109203391
14.785092734608849
14.757140625598753
14.749287623741472
14.72911763659244
14.682130377017213
14.732758893725844
14.735284108990145
14.722435615348775
14.712640076561986
14.2728201162479
11.894673608767468
11.862968858530918
11.87284084273591
11.886336225423435
11.875913574775057
11.867957248629654
11.887457417820155
11.890683944739125
11.916656404702756
11.926558702712692
11.920299627275664
11.955117334404694
11.942754414070693
11.950033730959879
11.963795303955175
11.995010421061352
11.999658414324244
12.007610851220473
11.985551922026197
11.962208046878793
11.976511437705973
11.978034336679674
11.982005236179972
11.964890096480548
11.94624505363557
11.954531363638957
11.939820470971577
11.92335981308548
11.928160813446363
11.932099936699078
11.923141116124587
11.913058817614743
11.916507462606944
11.905438106709557
11.902276183252377
11.928520424009747
11.909144752472512
11.91855749802664
12.759001822549756
19.101026365429973
18.917192953009287
18.68751249152736
18.669945455700883
18.751753397659325
18.789504687432473
18.797889393963786
18.841905568654415
18.840865623577233
18.132763190898807
10.294342643826852
10.202001334563853
9.98622780999378
9.599063718812777
9.608447136451991
9.509785696433054
9.350876660314594
9.237622181705458
9.187829831071218
9.222171707048293
9.177126292105228
9.209411151219069
9.358473564674608
10.923704966520733
11.337023724994822
11.539869021414335
11.659748843431023
11.851309739896859
12.137089019792228
12.409699651319308
12.598916775534892
12.72846039251811
12.790958591377613
12.778919212811154
12.787185897538489
12.823752586493558
12.818312535946424
12.763667482417443
10.156406590636585
23.462497905324703
23.31396195393896
23.25298676130408
23.198270052280705
23.132466715725695
23.142614152237204
23.120916848013284
23.10391919838379
22.952964926016595
18.464248118184543
18.395248642395316
18.319792479168296
18.23497457353679
18.150585045743988
17.855592188508066
17.75473259291843
17.780859756576074
17.79262062249045
17.814016793691092
17.82172159921634
17.82545127014076
17.84117796754231
17.846930188325793
18.012522310425368
18.078069548284425
18.119866660330032
18.18570426808014
18.181139324790593
18.21394570542376
18.200339832156377
18.20267481578811
18.184484467515716
18.2024497580836
18.176180755374247
18.197481409442773
18.20763885885342
18.227185490921883
17.869907432359373
16.609853078317894
16.155596964183115
15.459486056831686
15.152663809781428
15.117255873243511
15.161324437195356
15.113587886841069
15.162408045659479
15.14120371752636
15.120443426669123
15.221031482897919
18.17903570863065
18.645896899603166
19.02147827506711
19.2929679834439
19.378856106933544
19.798319785557226
19.934665382425028
20.13084435303309
20.479777199401553
21.26405604007133
21.27301717258525
21.275812932032988
21.339000076689597
21.306182747884048
21.322131791640967
20.767366604938758
20.79201325738108
20.768740677557243
20.763547978884382
20.712101878120723
20.68669001012598
20.630497110489703
20.58458356937814
20.620517481816
20.5814503602889
20.5586498794758
20.530525992123785
20.81023279482329
20.802116239064375
20.628209185944733
20.42373548112467
20.213305539609024
20.11922263200319
20.073225587870734
20.063831619335232
20.03455811747627
20.03499260401036
20.121879890827813
20.107133131171178
19.347706910297305
19.42558922150606
19.47688912966582
19.478759519540063
19.51282053874772
19.620822777706685
19.6778578617971
19.77911797994885
19.76125635220158
19.809350180882323
19.803300979474155
19.755180193453757
19.709671247763122
19.708700640807972
19.630575380233715
19.687111614935905
19.70175938542215
19.61643600745661
19.653462980916288
19.585309212344676
19.558227813418966
19.496584462029922
19.4831835268131
19.433741119620745
19.454311650906096
19.758547334716706
25.85898768644656
25.665133336329905
25.65658175709529
25.656486832782896
25.63249029405175
25.652017390565916
25.672895692853206
25.683183310044907
25.697233247872127
25.696896815244976
25.70937662416757
21.36518398964916
21.1109032628414
20.764724467393695
20.747439502004802
20.611487946804353
20.59661283202002
20.587207445094773
20.50502707467482
20.209571587558603
20.17328099255246
20.17053480031659
20.152407413470737
20.145841120261302
20.15982145099078
20.157819807868982
20.134306172183127
20.120496490853732
20.1265559889267
20.13814725452299
20.128726641600956
20.133461904353812
20.12635458476353
20.15050802205006
20.177522633330284
20.165133728264497
20.162181170168303
20.16531505722657
20.168933371996935
20.185713663712885
20.17817012305043
23.719641275088314
23.256713712230876
23.169073831933204
23.171863150859735
23.16047821527787
23.16829940549406
23.12895834451191
23.04520871467132
22.982311851538824
18.467025776948887
18.457262522511485
18.3932518396365
18.41759579979959
18.404443445972763
18.260292809964298
18.20013329776246
18.07687455458551
17.816473592788817
17.814997395694622
17.860792993090254
17.837451147026922
17.875661914934863
17.905826461414254
18.177206450558312
18.18297580265622
18.21403929730428
18.29797306030069
18.365235225439026
18.47287255769312
18.52935450299115
18.545456277290285
18.51103026229716
18.5719245001989
18.57162026326046
18.58512296933035
18.465442930817577
17.12140842360047
23.16887703008462
22.778343160903724
22.15325152516161
21.334047618745338
21.38489531033616
21.465171334597713
21.502238027061058
21.484410693837035
21.45731826867045
21.45103272099468
21.388712751022705
20.194943621190536
13.316955904200393
13.429886785328382
13.523746895936391
13.77840286112531
14.47603789324857
15.639241167073305
16.0085467856765
16.338026381691897
16.847273883491003
16.89340571240872
16.911917165889182
16.892698091911477
16.873760405891264
16.894394019917947
16.66543885715457
16.637776360200366
16.630401826647415
16.487522442213102
16.483071465835035
16.418964896235074
16.448894187432423
16.421454863464678
16.41704102706329
16.439944848014232
16.425688634974808
16.428275256712602
16.445813147818395
16.43250397271522
16.36707092493306
16.82318476708489
23.030444800362332
22.61363978256055
22.26643593617315
21.877771836644254
21.80811035737753
21.795510310356356
21.75439992309636
21.7498138570476
21.782428135779902
21.826365151185712
21.874008374182402
22.205888033088154
22.583378855826883
22.70197392377512
22.618328613596695
22.615657220530892
22.661067936985987
22.705463864892877
22.880858385044913
22.892577393401574
22.889378411197807
22.947252000651215
22.937334093769618
21.43981432396902
21.410558921827565
21.432712311024975
21.38572974911921
21.4404266847144
21.366396162033336
21.23904723659451
21.13105841636436
21.028721677457288
20.92802304165806
20.869901828496793
20.836216697665293
20.853503325200535
20.81555419429145
20.92298743906923
29.580610396024348
29.46508982168658
29.236630363795573
29.193239628559123
29.20227237605947
29.191222860955765
29.252983733999415
29.208081017669052
28.344894929384168
24.17419399660331
24.31941000318773
24.466956041608626
24.68029551618168
24.752098760955594
24.74992270271362
24.928454010463316
25.11744229164372
25.286522937719017
25.23565729501605
25.30308774348976
25.33935784427121
25.34865991683535
25.1737151217831
25.20067776313161
25.198811256278784
25.272459901243415
25.240143342966277
25.219968223653726
25.20476564619799
25.15894921444405
25.141343244038122
25.18341514209112
25.157121090755847
25.100182980773745
25.086867207891764
25.1939906067302
26.68773737669326
