7.103612358230638
7.04828519047405
7.079465122272818
7.078862402432829
7.048955777491718
7.019183184215978
7.015257529144426
6.9725613793768595
7.016032540255119
6.664102942084644
3.739789404079005
3.879676002071937
4.0767061858205675
4.2549364058054255
4.430524343864408
4.566705848978361
4.761921792527831
4.8984408869390395
5.425937416582628
5.5622199338420995
5.624324827071142
5.5789300772119095
5.5130234923126835
5.521084519884335
5.4310773395941565
3.4007319698035197
3.322333708555289
3.3766068080761222
3.748393575241778
4.108864690725251
4.285571841766808
4.427515223676586
4.499592245466303
4.435269405787154
4.3951968440718625
4.413016487980777
4.42963218227031
4.445800826137923
4.2598786952233825
3.5227943095533134
14.829540590147575
14.710965613974402
14.6241947003111
14.387622817781253
14.409553800756163
14.416108668211892
14.412731945711892
14.437846726657645
14.42937494298608
14.451966896221778
12.579994769986348
11.802256898294722
11.700055496905264
11.48107816668752
11.234831244453096
11.032518103331363
11.021262710212303
10.995697243586458
10.996209337671282
10.991645623874494
11.0046322546226
11.022755324160153
10.964446261510536
10.964757767629106
10.95507481934718
10.937548744037558
10.976200715264692
10.988429267820184
10.956031904913717
10.992973190825143
10.973182985167686
10.991983140626537
11.0156088351473
11.004831828710886
10.996609459743777
10.978864040203412
10.939038327407646
23.62150273998505
23.082305200172957
22.995920640684012
22.984685984218434
23.01622543568823
22.98650329555467
22.991504681451552
22.979205295327706
22.97866618565944
22.951693298621024
19.237295713569086
19.400876215703683
19.388161108934312
19.447909922578678
19.55632145928995
19.67801154668535
19.738321730131293
19.899252652334916
19.95095838555677
19.92189649126372
19.93370891023691
19.921293681348917
19.91782291807642
19.933818179066108
19.906243293622783
19.92972439032196
19.93091809838645
19.92790956999276
19.923043239762166
19.918412615041404
19.911045557507826
19.885380198913566
19.866097582555483
19.827686018915212
19.798487493871825
19.817195103276358
19.79720194931538
19.800401209484615
20.31391817434974
