19.82007349880987
19.68787234467352
19.580116724243375
19.515830969658165
19.50172689547996
19.508057444438787
19.511348027591783
19.51726427430784
19.520886983773725
19.471688968000645
19.489047398417828
19.488320427997554
19.520982395196025
19.512012448922583
19.49374585275095
19.50274992420975
19.478491826586517
19.536134565078346
19.516336923899274
19.52291271789237
19.517994507221943
19.497728846138916
19.463972364883713
19.43344028142251
19.460653979174875
19.409543263759254
19.433960478417347
19.448871574070544
19.398330392123615
19.371892753499935
19.334094164742435
19.33252246699942
19.33851982976567
19.36339738141581
19.38086801452959
19.442354514375694
23.351575328635178
23.052386452343217
22.852470503190926
22.819538342413605
22.751234604320842
22.69431073161904
22.672920177727487
22.621686520562527
22.62355552481772
22.271777228274022
13.671804843995728
13.555270349180654
13.493817589369131
13.148953272151122
12.842427521084682
12.648562034841405
12.66132830664091
12.61876639457631
12.590748418897807
12.640072424381373
12.637965682931387
12.617853218564091
12.601976867438387
12.538653914033901
12.553712131836352
12.573488868783963
12.60202515342848
12.583587304166041
12.600838949239682
12.693810728776473
12.656490103456468
12.586462516959354
12.542183125580367
12.554608863086012
12.579471028926458
12.607530025211158
12.622294136539768
12.5824047032268
15.530510188848893
14.127814580660273
14.144222066291844
14.16070010927125
14.20700298336086
14.219206722434626
14.218832667951144
14.222833796271296
14.211422075367407
14.210408361735002
14.202134685094066
10.058872194468329
8.49253082294961
7.951512958119459
7.847582281755363
7.853503894665092
7.820849189935397
7.823106993927454
7.839262208626847
7.846022994556795
7.844087420489582
7.827366100596593
7.825568970433625
7.831275889426021
7.825475577489894
7.833085157237734
7.843357436082797
7.8380582625882615
7.835404501607973
7.836123901707757
7.841759718927147
7.841316854258116
7.835220403006044
7.836683664445956
7.83834151139903
7.840646430551086
7.838773922189364
7.84279107982738
6.645045953593067
9.490389785874358
9.259555884047513
9.220058749902963
9.248692478346873
9.262381242763727
9.261198720834377
9.260289781434079
9.274429836004497
9.284926948048453
9.269757806217457
9.247773043948945
9.217879249316733
9.190402307443607
9.199626816481688
9.198317745004763
9.171365577048359
9.149979727603407
9.126628917068787
9.116298637022618
9.104831542366448
9.12324976214631
9.114835739685722
9.128931081792121
9.128170443008514
9.119820567483298
9.135244013906316
9.140571909411811
9.15329886221014
9.16727498830081
9.169990062768948
9.158061412398911
9.178734020717522
9.170665934606983
9.161556681358396
9.167745056512393
9.173442222707573
6.891175947332999
6.959354151536227
6.8286191417665085
6.6688775884829115
6.540034014345387
6.555499132984381
6.5226772847712855
6.486655451383285
6.472578839403501
6.499940709035734
6.500067616994429
6.466023712441214
6.1417793073048506
5.958407013853802
5.5931530298910275
5.146743290206883
5.119123576801725
4.929258061300683
4.696306553292119
4.6321322943400585
4.4315834151393
4.452586228024211
4.445976334562863
4.458768772345211
4.478039373543806
4.490116573881774
4.524332741091894
4.525733907793316
4.554335891588531
4.580691236332755
4.564211495529958
4.536689538362223
4.506986137295498
4.519839586097591
4.5069178609372536
4.557386870996521
4.574637342700274
4.555625389803586
4.591151276644877
4.614716934440449
1.727903841819315
