28.08567305761241
28.06020206576077
28.068934018043873
28.04448511038389
28.044763737591918
27.998926391627364
28.008822712385825
28.02348358200547
28.00351355078042
28.016476972609286
28.01547386941179
28.012234407084712
27.996711262678037
28.003011264073756
27.991431779073757
28.004474475814483
27.975276788440826
27.961724421365847
27.95011577289607
27.94106369512193
27.936546750979012
27.941218879609593
27.942268866275647
27.891403117603975
27.851140288644533
27.848283658842867
27.858224456209964
27.839491351270524
27.812638634971467
27.734629287855554
27.757877799237544
27.731009429163716
27.772663513949922
27.775171810318106
27.78822543260277
27.761224957842963
27.74355263762593
27.845851914911186
31.800007064602383
31.420365905256762
30.839684003129992
30.777298598942988
30.96636338139068
30.973880370151324
30.96444291854152
31.026657478488488
31.014955337642636
29.69480739255243
14.674171093244261
14.422133943666596
14.067877686696704
13.958995532636969
13.811559249732209
13.591354780658175
13.555660058826149
13.219719152706423
13.145223008887102
13.149726114642865
13.114089885738771
13.092136317470302
13.083187276172032
13.063426471299431
13.079076433518265
13.053798144638758
13.049924011197069
13.050151073797142
12.984206829657591
12.959262940242365
12.942273213102858
12.934097462015322
12.922488661547696
12.927467425553589
12.915313494420417
12.902690089585079
12.933887931147503
13.20163884532496
