17.401716313668448
17.425636985273346
17.4689061792386
17.50458552224026
17.531335498444353
17.528686252982215
17.605979387840176
17.596689901893768
17.581086269990198
17.541860798944253
17.606900231899964
17.571276876585586
17.549956098805126
17.55212544620812
17.528707426629307
17.50389861183434
16.347909053177563
9.849711400881972
13.572971500057003
13.95768626038183
14.359287029500196
14.914662802403704
15.182954927123133
15.597648265848713
15.731859768429757
16.464160009773426
16.649485896612358
16.992659215417593
16.92520700020746
16.871666601609295
16.886821222554236
16.90878406700241
16.90852497432816
16.944915910413023
16.95797188027448
16.932052771287086
16.906686183985247
16.918597262788456
19.777791534648134
13.333540761076963
13.962654818096674
14.716009953261038
15.057488919013034
15.2568869466943
15.946066495078725
16.374304040293357
16.80634613351802
17.45481659016772
17.458779661442104
17.459813816529216
17.50943757234056
17.508459951700345
17.514499919114
17.493760646294355
17.491261330383413
17.448354045960834
17.410806707780967
17.413532299390713
19.122337636293924
28.355213138673772
28.37865352383622
28.37414554150149
28.384119410544475
28.460572119512587
28.55292428751752
28.579233276300865
28.556375572217647
28.524017990205518
28.526845191342538
28.53437031045773
28.553772893222447
28.539925368216238
28.548094112295352
28.57162923597093
28.589872222570353
28.581269695664034
28.622499764209692
28.199498954293734
28.180823983259664
28.292203192527527
28.41228578123601
28.42418551611498
28.447013733812945
28.43571128787847
28.38531302947505
28.36300931817818
28.367253508176454
28.36807697185642
28.338548740978904
28.33422151463351
28.31783740387268
28.263012685310454
28.107622544107347
24.304638130858685
18.40291214961681
18.548758780868518
19.01873069786632
19.369380897289457
19.683695288679566
20.025845278166443
20.28357301347962
20.632872285433997
20.61251618246783
20.4589106159064
20.52596733027118
20.571388210201192
20.59760669782184
20.60042388270616
20.626539546616296
20.61826751390013
20.661602193750138
24.892210356355715
16.941267140964655
17.43637055357173
17.690211812159358
17.989271499484076
18.51458562267885
18.79017218850961
18.967884679031314
18.963067131218306
18.886787627191467
18.850221044736543
18.88078016476163
18.8056342970335
18.823620113694563
18.78479893260423
18.78103604786701
18.770333386642466
18.713546640908245
18.086892502725952
19.6440666245861
9.293416832876073
9.516942792588386
10.36429655329628
11.633286762961578
11.935706815584574
13.054801966938506
13.037097235285847
13.087666481248347
13.043454404929111
13.049446939983984
13.029968229276768
13.014149398440697
12.991378624781095
12.981359722283278
12.972547508855953
12.965223848831274
12.951547927190935
13.377387321300398
6.568109963766797
6.627480023529867
6.753827996286587
7.099577600979622
7.7107306932348765
7.980448300634418
8.290012803453065
9.090567471422691
9.197638919692515
9.220316749907166
9.23442867219623
9.24549333898408
9.227050392154037
9.232806685824661
9.212965184392685
9.199441010226545
9.261853856198478
9.244105037442962
9.478468248338222
11.543728585362906
22.146347838071748
22.49658277928933
23.14457729777586
23.27197126834467
23.40806597562277
23.489880373844674
23.87771290158082
24.079427194994647
24.04535105415513
24.070574495606913
24.026084061333382
23.968117744387747
23.849961511085304
23.846929061750195
23.759244219847307
23.70204397868132
23.41953403076548
18.009113278536333
17.501750761615437
11.112805063439916
12.198646432511701
13.099558942598724
14.24159676922095
14.425324077036553
14.754467487510619
14.971738811226217
15.400057713932416
15.423031266447643
15.415111928879377
15.450500923222478
15.399178538339047
15.389785667449738
15.378555782901662
15.39450784962743
15.405827278126786
15.403074366646749
15.397985769840131
15.313702855148716
13.750227585174441
16.85614094913839
16.950585712045093
17.059109884196495
17.19030843712641
17.3902957199296
17.365799662603134
17.47575688374887
17.508903901173884
17.44192451229667
17.383129484878747
17.365618556711006
17.39434977049216
17.441041518150257
17.423433905544446
17.395716502156855
17.406642608910648
19.725858005180054
