15.862627215877167
16.381379546477152
16.814992793929875
17.108139657430012
17.345362547162683
17.5064267038517
17.66315740916798
18.01268717177537
18.558135510887315
18.582059183708026
18.56614028795721
18.56325573036169
18.593372990346644
18.551568801642116
18.53010894429085
18.52264843324844
18.560336301617795
18.49473380549601
20.344938086834897
9.133114649674281
9.124169443705142
9.12097469243653
9.119803111128078
9.139282588861407
9.16383708799866
9.170495700992563
9.183396526952903
9.225739737924975
9.224823976927388
9.231154958912354
9.231675956782114
9.211441888159213
9.211733355856108
9.201926147015032
9.213354861264595
9.204201896531846
9.927653846567582
15.244546476232367
15.252440627322219
15.210277618189737
15.155615331069738
15.07704110680025
15.095838541451757
15.082678157251287
15.089465354512027
15.083320478897464
15.076826661028528
15.083326912317121
15.104772992140113
15.113920075642694
15.115237953008677
15.131941736769488
15.154090688822992
18.450421050547586
18.79632281672158
18.946483897824024
19.058465983134724
19.24558971860299
19.35746718009781
19.491666709641873
19.47150678949777
19.464696341621007
19.379106192293428
19.327585539445494
19.330469858176205
19.407354250631844
19.42461337503785
19.40643071061898
19.372448917112262
19.372020566807805
18.799593767423588
18.012680918665026
21.79406853458285
21.821665065574724
22.03897682228763
22.278304165194573
22.478449093621222
22.64508437533198
22.760698652544242
22.784405292227376
22.80991951623638
22.827740351480287
22.837553289678407
22.84331329665407
22.815678176089733
22.8057491023407
22.79221664507422
22.22702470746981
15.19430641337445
13.140056324432594
13.230791045202622
13.245875304070037
13.381625695751397
13.440379599051873
13.450455225233405
13.579325802289025
13.761208874695331
13.967577767934479
13.979133395644753
13.98402089127335
13.98839680103691
13.996756285453241
14.011265622565878
13.9549076977819
13.947692252241666
13.9291124301596
14.361250034659593
22.03738584007818
4.980991020660738
5.034044673292632
5.384298231008355
6.646338067243488
7.5627978426889655
8.299377119809767
9.413013136603638
9.778330349415404
9.778158146004776
9.762883036281723
9.730054946766234
9.75374070042503
9.740782266795863
9.743186576921065
9.765940580701015
9.804654890535923
9.823962647022901
9.818731357069245
9.862131103790665
9.913299800956601
14.00451337932376
14.158847067031058
14.703330319076647
14.72320269886543
14.755013096366115
14.946169284934362
15.096635468272437
15.11358340768251
15.168724016164923
15.166139997354133
15.26187643541537
15.299779445083677
15.30279466474782
15.27016229711503
15.278214887053325
15.306978445400576
15.337751762720462
15.359464107419015
15.407278039778467
15.945068580853471
22.702217200247546
22.771754262206816
23.08213279701072
23.169058836864785
23.309914047383614
23.451757933334076
23.435287642111756
23.421237937741786
23.35901899479471
23.367330504445448
23.360258560886507
23.353379975999
23.35351181728437
23.37714804087963
23.41961177409949
22.671350276994314
15.453152957786674
15.449230199177933
15.449598351249453
15.437574222498435
15.433616301173698
15.431034618710452
15.429079558937756
15.431355061747952
15.445289173373304
15.456328557030508
15.448838480398038
15.457515232026505
15.45570807239725
15.460940051553443
15.46398813527439
15.46698050797032
15.471631047389472
15.47778587617494
15.484390842629729
11.40540587126239
11.346696790764907
12.9493009228888
13.177811044353911
14.523107231605204
14.790298808053645
15.294004239146728
16.01071841542618
16.187248332291166
16.212895115848987
16.207631043258726
16.183090109040485
16.147928675101046
16.14764809471942
16.183740473494545
16.19587471274764
16.17606595687857
16.29778139909037
18.201966287471652
