16.99173679014409
16.95814194162927
16.198876559642144
16.222580964230986
16.21823532179684
16.227417078907614
16.2440666915287
16.244462067382713
16.24074800422294
16.245029782432077
10.28201190506009
10.257006467258364
10.248880414702715
10.088540841197924
10.077503781020807
10.071259235032356
10.05349835237612
10.043301157407729
10.02777638411241
10.022182284482883
10.040278788110466
10.027627089751316
10.016021296320854
10.002255738912993
9.998357200670256
9.994535447422072
10.015619443872817
10.016522830328569
10.017872847812834
10.031955046841533
10.022787436050418
10.02555475381169
10.03139193792703
10.029071240036261
10.029323798233746
10.035226262371173
10.022978349273334
