22.13125115688565
22.197002881475974
22.23463154122372
22.38675914242628
22.45940492590597
22.611301151871995
22.681545078234823
22.63448277069338
22.660702211729255
22.655973493779186
22.62516875647928
22.665478089409845
22.629006486829315
22.683847996419633
22.648870771791927
22.627570575906255
21.874882174746855
14.800957453095757
20.113689223131036
13.222762316725474
13.277557173531896
13.263239798776468
13.293908866159178
13.353594034848099
13.381642080918912
13.36536863682442
13.389929556645287
13.389838786042889
13.40276751977353
13.385564560680457
13.375995113645736
13.38130150251956
13.365538466554765
13.365253985002594
13.333354630159228
13.357545552822145
8.307808603172301
8.620409031255463
9.61785701655275
9.71302392915235
9.861518818269072
10.214601686284027
10.549282871858942
10.714903101132053
10.726623397722351
10.71283806022769
10.650286653206093
10.591513722165331
10.614555822205707
10.619293328286712
10.57995545112345
10.537748677046553
10.508098709721454
10.50169798131056
14.264607632304795
25.48666072473494
25.530839658808517
25.547348744504216
25.578708479933386
25.58466042290233
25.5680550953595
25.68458460698874
25.810267742570595
25.801642397535897
25.80193190894509
25.813862275507518
25.786323384657738
25.782409871405687
25.791933819489444
25.79257850085278
25.79270242110423
25.77953889322335
25.769480420017434
25.682252766823005
15.783011141059992
19.79163741744679
20.380294094941174
20.623669606325983
20.80733241094127
21.053397888550624
21.164397219155187
21.707917456579775
21.71730121816043
21.707621788300912
21.690248503128203
21.70219936486692
21.67508463506073
21.60571191489375
21.57335162294506
21.631429594841592
21.657688288277186
22.109729487281726
14.19180655678948
15.233074965710276
15.724422756696816
16.70070071707033
18.482049777307108
19.097252034196877
19.517218917612233
20.08748790711355
20.098514097462225
20.106875559107213
20.178620957464386
20.242042627498687
20.219629906966595
20.24955285008194
20.333907968249754
20.32670770938346
20.33483653980712
20.425734064116455
19.918111048352998
21.506591362741
19.484607767482316
21.05803642103617
21.58659966223521
22.273953657170136
23.27364615802343
24.458681568321904
25.725522565938757
25.722219638442496
25.68809298862988
25.77664087354476
25.757527495203522
25.750359124501603
25.749379687066597
25.765130509643765
25.781551858266216
25.778277648947906
25.765295437842198
25.351720634443453
