20.39265833532136
20.399381657253112
20.360149578795177
20.39189444896632
20.389158718037397
20.3760342541547
20.41523434089587
20.41419684179061
20.42116261183809
20.427677189913524
20.42317949596912
20.40963697890193
20.396572889727338
20.392996130237524
20.4065858455941
20.388489266206744
20.337061729893463
21.321643609835096
20.14143918116692
20.111309724860362
20.102638601353632
20.16232391684202
20.148186127529623
20.145409476610553
20.142293395379447
20.151053188242965
20.15386604441576
20.1465948037914
20.155338313709777
20.17064536747419
20.127987228140054
20.110764787531338
20.116607513229656
20.12367294021651
8.738068212836508
8.721693358112933
8.6948456257521
8.677491412852776
8.580862809675763
8.532027870450344
8.580258498567648
8.634377205177211
8.680235161033666
8.704011441651485
8.691600919705559
8.685185493304493
8.663732399158746
8.664484338495972
8.68328645442631
8.710406721566116
8.72882542567606
8.74397475642599
8.739347589866826
