17.10232301105754
17.127423143635088
17.1599027436877
17.14721157930242
17.14473140625187
17.072761097793663
17.083419039948847
16.996014783404064
16.92648287300936
15.654638570154825
15.553861197277012
15.489178923856102
15.445787479873434
15.417783750470146
15.536482652348559
15.640938987056858
15.699372139573017
15.700115843050765
15.710637397977788
15.66068283405759
15.65996795348394
15.599597174942227
15.621197770202839
15.724318328350101
15.73672057784814
15.782849263688359
15.997477846741237
16.05634237920287
16.327673794079015
16.59709177411238
16.83124461198928
16.82500641616283
16.833620384053138
16.8645477879806
16.923068845831946
16.954460923271643
16.876007681717102
18.564725023541893
18.640638744961464
19.119834975161716
19.15741759679415
19.156308443194302
19.145925263234027
19.13274811044345
19.107021312324555
19.09208035408423
19.057705077958325
13.828849046573808
13.28334698120946
12.767162590136408
11.923506886169529
9.840331936701135
8.380142349181893
8.035469765596249
8.037647681831478
8.05012946415073
8.037055952911626
8.027786611398579
8.037379379317839
8.023650232261437
7.989126073496124
8.019878897904999
8.034615341199398
8.019913522287224
7.99614088885561
8.014575832929125
8.027770264721726
8.035030296016066
8.0273560090421
8.036655230190595
8.032490316754723
8.051181768818559
8.024388687933593
7.599539607876345
10.68312864682186
10.697556871730702
10.711578619711071
10.883774468338812
10.88443618202974
10.892920959412413
10.895638765307984
10.883826541912686
10.888078301469548
10.892188138891735
10.866820013728615
10.869609116517594
10.834797257235715
10.819465312303098
10.807584609672716
10.807911597651287
10.815286002924063
10.82240874209979
10.825814193859218
10.821851181631542
10.827365794047669
10.822106281791811
10.823719435666632
10.82933065150244
10.836706641262325
10.845169377334447
10.839906389769958
10.84243786595759
10.847821171437108
10.849580821897234
10.861128399563945
10.862114382374637
10.872198976447978
10.860301145454208
10.858004571538114
10.852708397566584
10.859853657386454
10.863290137659314
6.306858171379678
11.055815563527133
10.997107279886377
10.569960172786026
10.595352839674254
10.7150891315786
10.724654171527058
10.730078845763623
10.76124113753886
10.746837873071962
10.753725473122932
10.725567329170007
2.5190287467278636
2.597497892301907
2.622241115325395
2.62800521657081
2.625798441200101
2.7039132660954364
2.721685737082088
2.728693070590899
2.781224382213443
2.7863087258632846
2.7942293904079913
2.7891571048098087
2.789410755292315
2.791579056147207
2.6828699507042812
2.695107383356125
2.686533872791717
2.6251777662548816
2.5699612165040455
2.5242529537213687
2.5236918298957707
2.5250267113910367
2.51784770723829
2.4973882538033205
2.47960611105444
2.455073591403661
2.4442814858691553
2.438713778157906
6.928524544440978
6.752197581055083
6.689662949920818
6.682576339979499
6.679523032961385
6.694484403050956
6.671625079630799
6.656958250427805
6.631846436093993
5.616430221607749
5.471979354958769
5.385125672396253
5.366680302518806
5.342625090501236
5.3628420751818116
5.3074222304269725
5.303211365925704
5.318304914247808
5.3345478040872
5.338607513299424
5.417162870174714
5.44314132174738
5.507275871630562
5.514095231540141
5.532484802051088
5.537029855283264
5.598724565276737
5.65989137689496
5.688156094478815
5.667003454479125
5.678778941474433
5.677967370345854
5.153907209698519
6.091863299663142
2.0698293762336712
2.290168290747327
2.286762160659142
2.272480680793819
2.2600207996344017
2.2546802333753315
2.2787190064436027
2.2752010695059752
2.2934252861268156
2.3005421170492104
2.027647472511007
2.0285656858603662
2.024729583181209
1.9516846434237576
1.9151536076842477
1.9076274419342418
1.9139188539025798
1.9063308571618371
1.913996421529857
1.91389599264039
1.9202508107524723
1.9198269964745411
1.9268037700501526
1.9243652446819155
1.913509153383636
1.9029798401367946
1.9041671166957552
1.9108185867664988
1.9274089206786773
1.911414072655896
1.915236849426671
1.9389301822397018
1.9503040905016589
1.9734762564354047
1.9844908722618937
1.9755346458466445
1.9643548835900684
1.964791464511371
1.9743618826411626
1.9789102131606602
20.114912607341335
20.135811701624927
20.11228060660947
20.058109718959937
19.971770555747074
19.985256669438925
20.014789828323284
19.98736412807543
20.040162523857088
20.031411769368173
19.97904411427867
16.269589758686607
16.209463064552995
16.21520326112481
16.182106011122812
16.144807357288936
16.118251792009524
16.083001894490383
16.034066306438145
16.024931306899727
16.022802806131455
16.029616680525397
16.05078448976731
15.978469883799615
16.011006927625488
16.02328362494652
16.035555237001564
16.041762937142668
16.069407141727574
16.061685892540865
16.105201520342142
16.13625514434084
16.122374589070677
16.143493508475085
16.109665872175384
16.115959061507553
16.114040575373647
15.90954981366227
15.258781734503428
9.209725193218489
9.205997591790611
9.214016163136288
9.214357390258499
9.217284375151984
9.222537272988685
9.214035845928928
9.22200167227229
9.228852736476677
6.093315526524294
6.096395646658908
6.105409433604788
6.1103592614340165
6.105503823562886
6.1053851444931775
6.115511676250446
6.11919423934709
6.125744802127482
6.125068717932318
6.133228966809297
6.1330281014039105
6.133176359228847
6.133050772423091
6.136948716750542
6.122696491505338
6.125707786863904
6.113117309377913
6.1076923577790705
6.111852081793634
6.111893509097948
6.122512679441911
6.130009289603192
6.12555163578481
6.124690275700616
6.122233751196361
6.118485453640514
9.76211147801001
9.713026631449324
9.732125613777006
9.748934970980661
9.779101846336715
9.796296487058193
9.843856369457697
9.859423834860843
9.86337060003678
9.906053557816278
8.70076263430918
5.132720461204921
7.145794300654023
7.956138743867966
8.288153842169473
8.684186934830196
9.224210448137118
9.741271795688538
12.362111487294987
13.862605345290282
14.272829273446941
14.312177865121535
14.271680650695787
14.29561671395038
14.266286263125112
14.232478197848323
11.355354896765283
10.970904209162004
10.510377186382286
10.378769132701473
10.190378503923704
9.664748870321466
9.024220103070633
8.696877118616325
8.702834200156776
8.645079540798585
8.66403965261379
8.677415650137894
8.649095368753215
8.624864039392573
8.668564313601461
9.317767660839985
13.786614724274397
13.710783734301572
13.704425043732273
13.571925280455755
13.55897244359386
13.527821224747187
13.51452235591045
13.548173758828314
13.559344764824804
13.542013546997353
12.674410888709495
12.652349928948034
12.609478552822354
12.568702262566584
12.53621253871584
12.541282282453091
12.493934413775948
12.471436280194373
12.358879735123462
12.329615647239985
12.302170630732846
12.294333599996232
12.257676118121335
12.262407834196408
12.293154720547442
12.30164489578049
12.279789174258877
12.249896564274946
12.238527560855612
12.254067367195502
12.268003397310757
12.223974896459785
12.217076945401734
12.225152812813638
12.206078234631677
12.17840562571334
7.557914914996081
11.737667061225173
12.304933291966114
12.346885776215288
12.35491666348598
12.389604598488916
12.472003577070204
12.505831493120416
12.512548347283426
12.515848765073574
12.514799078965966
12.454149474887002
10.135900798192319
9.944322337053467
9.77967523831769
9.625881910289639
9.21804915781117
8.728063263558521
8.49135406877349
8.370767190013735
8.213886362533497
8.22130121071336
8.20717713745371
8.231228342604037
8.274203026522468
8.251525062714885
10.095340231158373
10.343908960910174
10.722491853600623
10.739829904820914
10.880027476559867
10.981487941010059
11.31934236988649
11.498293255553026
11.539115894297343
11.604555772826831
11.65653770100393
11.652430127647747
11.677052095456622
11.70944184218744
11.527255789797804
4.93597778605718
17.86580727708218
17.766358233845132
17.722156513703816
17.666241215502087
17.690145997815883
17.601021060082132
17.632162519050766
17.639379250761127
17.652439025392148
17.38051433783056
17.023170586194656
16.929623359661324
16.883769291429726
16.89333359717422
16.98521967378557
17.047313333309358
17.05912457195347
17.143379534191883
17.175478985656714
17.237831022129956
17.293671649210594
17.298910929905006
17.35372196987776
17.3625185389022
17.360246919707798
17.37520139643358
17.41719243351186
17.386863133503287
17.388316832850382
17.38951974663158
17.336553077142785
17.30559211686188
17.2681774196559
17.305165764739677
17.348063318610205
17.349695721962426
17.357846399255987
17.323697675295733
18.408046223157548
17.850083714656915
17.47423005282927
17.443923591770552
17.469681621091198
17.63671917294832
17.67768723362594
17.681928942110147
17.68865070463796
17.710713300378767
16.846275109580642
9.192338536023748
8.489484128603884
8.264022336118527
8.162823401215647
8.069918499053925
8.010724887671715
7.98158477364313
7.796407286462059
7.776689451597615
7.7732957101341125
7.779316399370711
7.725341473200672
7.717459326240227
7.710528000219096
8.127765135895428
8.202046922875244
8.255451062206463
8.301840462970315
8.42454425369709
8.41548450510333
8.42298507322373
8.424393759822381
8.426435683171086
8.369361135823388
8.375067902520843
8.370954908765423
8.428419565611437
8.489996194703615
7.177205342604784
13.250536115909217
13.30020435938808
13.542757929628603
14.132668437847077
14.380560733426274
14.391587526771833
14.385568681342015
14.427817608006961
14.43181580386663
14.4361228530885
14.42437801019108
11.735505885598178
11.590278251507772
11.595459086301766
11.628883944627997
11.602465973209254
11.597950554260542
11.591625494344678
11.565326616417353
11.478290595253515
11.47286725454861
11.461912409948965
11.46953082495752
11.462782347761143
11.4572250454291
11.44289734730272
11.438642300893246
11.44296256181895
11.420205456980877
11.419334993514198
11.402998351180933
11.407362689202369
11.394509298876374
11.41578669398087
11.417393935661996
11.436803736287015
11.438103224353052
11.45501360644892
11.246250444580063
7.047223129248557
6.6893365184178695
6.613511404258507
6.128816875929824
6.142282017011551
6.11184601548347
6.118571054554534
6.126875372287793
6.126469173421415
6.114383047267792
5.7890752794758225
5.787512413297798
5.7638435411283515
5.681225759105941
5.696541629489863
5.7113339761685245
5.737809874442764
5.713321777767914
5.711508556806421
5.710475086870459
5.713483937156405
5.726470603649557
5.73586635455065
5.740663391469753
5.745037321051501
5.700886314719709
5.709082021353613
5.71220984470951
5.689928993415872
5.673502191194411
5.68536759001206
5.689421685675745
5.664613035578871
5.671010343318638
5.651134082385487
5.658537718740048
4.388585726855642
12.76848849329584
13.069042400247197
13.235460151515587
13.468014037717213
13.513739901244287
13.553730569809293
13.523368537808414
13.497242185738289
13.46238635007354
12.43949792298674
12.402142057144356
12.381873904992586
12.348667740705798
12.232204745290804
12.154100162885383
12.137061462482357
12.157170549871363
12.146087507265058
12.085738058528642
12.070177171839822
12.02918256244313
12.07948880999731
12.434245131323626
12.48232889093429
12.461502001768302
12.50141088816405
12.550279937181662
12.514019349430235
12.6004395168676
12.641325245619457
12.61848278456376
12.623247461557495
12.57833397566182
12.508158927208198
11.996931561401857
11.62741193472843
11.772097817697079
11.815357876612731
11.811333426029876
11.888029934883566
11.90421078890458
11.891224989376191
11.90430886228872
11.916450681145879
11.911181337786363
11.918870192321462
7.814651121512224
7.453167640602108
7.451426271625674
7.444021327602251
7.430363335119643
7.434299476814849
7.42287556716599
7.413848633034544
7.303651956635757
7.300276520635753
7.310363862417148
7.312045797623806
7.302044620892791
7.3052026471223535
7.335032685051461
7.31391816779692
7.319698461227222
7.323524354362446
7.34147926594517
7.342049843881765
7.367222151203911
7.361522751098957
7.358926459808152
7.357937014805273
7.345700885120306
7.3536471757261115
7.360873845097344
6.286194710094643
