15.649803400191617
15.902193811169356
16.460856710781794
17.060165306991543
17.48773360866932
18.14398748197194
18.808319884849546
18.851082926432007
18.920468811500477
18.89751646837886
18.863544122880064
18.93125779808996
18.950814475826004
18.970496305523856
19.009239103810785
19.001389533172958
19.00906528174793
20.270055595106154
8.15940549586413
7.903518882183631
6.935902337916974
7.021983264287743
7.210832315200356
7.512521917160667
8.225052589815064
8.186603873101259
8.182019121479081
8.164633847741323
8.149297109943396
8.14103659113485
8.143379762053844
8.146603034590726
8.139911993605505
8.13432341853169
7.922844941004865
29.565325231778772
30.094268631062246
30.512512466023978
31.066999038340633
31.46811712388466
31.841795465156814
31.91656026086081
31.942802852219106
31.99519293549531
32.00219220006762
31.96437617698451
31.977294088891963
32.059372457121974
32.08476407845224
32.02349131678759
31.901333348421517
30.30422547600746
29.471692179888084
24.33794231525134
25.074051627376825
25.440096079466116
25.926017700473516
26.150774715944504
26.33611391608453
26.97321528217983
27.002310596632327
26.992973457978483
26.905585449080256
26.877063890279963
26.855212508242964
26.87516278301311
26.887492103369333
26.870737696780168
26.908199002436426
25.719285558423305
21.360816096012847
18.623655428110503
18.666089191435837
18.649171921635816
18.685458965712055
18.711949719578786
18.76626177151633
18.76789855864147
18.77733437243481
18.75997124300981
18.75642763573996
18.782137902638798
18.777092897493915
18.784142432998372
18.79189156607652
18.807312904846032
18.783896966767816
11.942623545752534
18.802656138371677
19.328870179624865
19.50538530683197
19.92098469223756
20.047227126267348
20.467737995749125
20.563355696698093
21.245033213796727
21.62162464360208
21.632937904523402
21.726099131553237
21.69958726721321
21.732280046060023
21.741313544218215
21.8467863183359
21.955853224498423
21.94244328646879
21.930219518771178
22.094692264952666
26.651166313958814
14.771369380616733
14.74958184590379
14.850632795596038
15.06625423118963
15.068391628130849
15.135110935354577
15.13474775857661
15.178142905965167
15.173841867735264
15.18972627994524
15.1680920189168
15.16358090887432
15.147171123317504
15.140501258254398
15.168157642027747
15.195713318204676
15.33563738059538
21.410995753262984
22.180822712626888
23.348314958997552
23.705691974785463
24.34909533163516
24.54765499632031
24.97532430343812
24.96586610559002
24.897990242216732
24.879447723567402
24.875681893127968
24.926136094784027
24.95691905404573
24.981604926784218
24.985129025369503
25.00902251602255
24.897237459451464
24.139657575737846
23.11298447475831
10.5085519004767
10.521318107748304
10.524876129388979
10.52926985871703
10.533389086737499
10.529176818224704
10.529462390887147
10.522056730487673
10.499956103247959
10.517942803560883
10.50298788239966
10.498585456931918
10.50212922077016
10.504686957270284
10.528303236749284
10.523358053105092
10.528655105377842
10.74274705959372
21.899977222938833
22.376727416892855
22.902735827088332
23.367192779014196
23.5706834226116
23.944805974223673
24.10058673785036
24.11865303263551
24.173027558191464
24.183152949683052
24.175292333406667
24.210337441310166
24.161981679050683
24.139861742014535
24.14827623043265
24.102352519898314
23.259376820281446
13.277326492480684
13.423422701464142
13.753250550849257
13.745406697170239
13.747897317233575
13.745787780098746
13.748258009512698
13.755410341548103
13.760258020109445
13.762839278549194
13.761911887250674
13.766707957582959
13.77986486634049
13.775592237645236
13.771366996502783
13.770554237925534
13.778519321543408
13.771793201643522
13.754259138732131
13.751080596158973
7.708672037357251
8.043878344195159
8.141575007094456
8.302487726083825
8.379076790025971
8.488669934761795
8.712726320209079
8.808776376404273
8.79049234730575
8.795602818128938
8.791870607072356
8.78273498345403
8.791680929830457
8.772056484423654
8.780503094871763
8.782313456642996
8.782199698560262
6.020390713105167
6.193471942571299
6.58740551996838
6.608340576655021
6.933957427254516
7.27850093745778
7.2958084343506435
7.428691963749674
7.443200743539992
7.430705079975756
7.449494232820343
7.432350848344013
7.43582686191398
7.417684524100619
7.404708917133774
7.412334295184138
7.415986525760524
7.434413894193694
7.807043497140575
22.03302371221342
21.980586174339955
21.975569321907308
21.977328732311456
21.981404954514737
21.962167714236372
21.942039764214062
21.913608779535604
21.9072550521249
21.905271390002543
21.907896556385797
21.883945585510812
21.8812089507794
21.872138880604428
21.864915316370652
21.903321063972705
10.107126932295039
10.108687887410735
10.122550935605346
10.114913245267568
10.114581319456802
10.11717105181669
10.155413177250347
10.21352179249665
10.222114282837978
10.219130067339742
10.235288914929736
10.227309159945566
10.222767166204639
10.222314459452408
10.211611483344662
10.215705107595696
10.206764559261169
10.194158056344277
12.05714392527163
20.017003682513376
20.137887149631002
20.721305926924167
21.125582558725178
21.653003550030665
21.82279571699135
22.17355153025796
22.39212039643727
22.344406907168096
22.34178323827277
22.237337022308694
22.232145648303646
22.221864900866837
22.20269198096958
22.203598975093808
22.272558617050123
22.2562131733498
22.53682957350424
15.794564997171072
16.122389566840823
16.69974566530403
17.6566159670184
18.003616251293924
18.61745082392685
19.40663571921224
19.898333248587885
20.288101658524425
20.30539410730614
20.24942804128799
20.250664890163794
20.214811697471873
20.21636261881361
20.235881551518357
20.2375523111
20.241275354525204
20.24080080093604
20.276040759958992
13.008749645088207
13.729794863625884
13.749975344266963
13.779431333346695
13.924461254162916
14.109743744192055
14.187993107110952
14.193256740885763
14.184133177551775
14.15612905941745
14.167255529285043
14.182286942228044
14.178890301361776
14.176229942191055
14.180776876749709
14.169334215451308
14.204213184552586
13.166449383393577
12.85848202271401
13.244351369170229
13.735171606696452
14.352405867116214
14.630122800820576
14.945683024116432
15.194791993168325
15.154857772986677
15.163769775737572
15.179155602208454
15.17980456020692
15.213730529258294
15.224996890011612
15.223539738686913
15.189180098149071
15.130563802041173
17.32722509818092
19.434189615362193
20.70752516496445
20.906804608046134
21.367387058178192
21.521689896028146
21.64211296879764
21.7527144279204
21.94621709947289
21.98716148677629
22.024719052789585
22.04923955376527
22.05508157156357
22.039571498143275
22.025980411557153
22.086854117530297
22.08091280943531
22.108278074386124
21.815902316380317
11.935737827551863
11.776547440113097
11.627631873416338
11.621833254358812
11.597704435677283
11.58932650700369
11.569336648190639
11.56219922945105
11.54545647893684
11.53098652878877
11.521024241940726
11.509932747055414
11.536419611262222
11.54019232739711
11.530277991228377
11.531104724176428
11.533665781603004
11.524496900597795
12.57953720665942
21.58831481884047
22.059646693853246
22.135217631960035
22.66768902886973
22.82589004981197
23.158358545037004
23.58461978952294
23.754575753969114
23.695301287960483
23.72526178234544
23.64915374927072
23.641332342053477
23.65486090337363
23.652655906687407
23.64676941886592
23.662744946584436
23.63773732862544
23.216642858945086
