7.599
7.599
34.347
7.599
7.599
20.394
34.347
7.599
7.599
33.653
7.599
4.223
7.599
34.347
7.599
4.223
7.599
356.706
7.599
7.599
4.324
7.599
20.394
20.394
14.647
7.599
20.394
20.394
14.647
7.599
7.599
14.647
7.599
20.394
20.394
7.599
20.394
20.394
14.647
7.599
20.394
20.394
14.647
7.599
20.394
20.394
14.647
7.599
20.394
14.647
7.599
20.394
1.469
7.599
20.394
20.394
20.394
7.599
7.599
7.599
14.271
7.599
20.394
30.449
7.599
30.449
352.401
14.271
7.599
21.687
14.271
14.746
14.746
0.0
7.599
0.0
0.0
14.271
14.746
21.687
14.271
14.746
0.0
0.0
345.463
7.599
0.0
0.0
345.463
7.599
0.0
14.271
7.599
0.0
0.0
345.463
352.679
0.0
345.463
7.599
