182.403
182.403
196.388
172.679
182.403
182.403
196.388
172.679
200.214
196.388
172.679
200.214
200.214
163.408
172.679
200.214
200.214
163.408
200.214
200.214
166.025
172.679
200.214
200.214
166.025
172.679
200.214
200.214
196.828
186.357
200.214
196.828
186.357
200.214
200.214
186.357
200.394
200.394
196.828
186.357
200.394
200.394
196.828
194.154
200.394
200.394
196.828
200.394
200.394
196.828
194.154
200.394
196.828
194.154
200.394
200.394
196.828
200.394
200.394
196.828
194.154
200.394
200.394
164.858
194.154
200.394
200.394
164.858
186.357
200.394
200.394
164.858
186.357
200.394
200.394
164.858
186.357
200.394
200.394
164.858
186.357
210.449
164.858
186.357
200.394
210.449
186.357
200.394
210.449
164.858
187.599
200.394
210.449
164.858
187.599
210.449
210.449
163.975
187.599
210.449
