270.0
270.0
270.0
270.0
270.0
270.0
270.0
270.0
270.0
270.0
270.0
270.0
270.0
270.0
270.0
270.0
270.0
270.0
288.671
270.0
270.0
287.823
270.0
270.0
270.0
270.0
287.823
270.0
287.823
270.0
288.671
287.823
270.0
287.823
287.823
270.0
287.823
287.823
270.0
287.823
287.823
288.671
287.823
287.823
288.671
287.823
287.823
288.671
287.823
287.823
288.671
287.823
287.823
287.823
287.823
287.823
287.823
287.823
289.092
287.823
287.823
289.092
287.823
289.092
287.823
289.092
289.092
289.092
289.092
289.092
289.092
289.092
289.092
289.092
