276.906
276.906
270.0
270.0
270.0
270.0
270.0
270.0
270.0
270.0
270.0
270.0
270.0
270.0
270.0
270.0
270.449
270.0
270.0
270.449
270.0
270.0
270.387
270.0
270.0
270.387
270.0
270.0
257.0
271.174
271.174
257.0
271.174
271.174
273.483
270.449
271.174
270.0
294.003
270.0
294.003
289.092
273.483
294.003
289.092
270.0
289.092
289.092
270.0
289.092
289.092
270.0
289.092
289.092
270.0
279.128
279.128
279.128
279.128
270.0
289.092
270.0
279.128
279.128
270.0
279.128
279.128
270.0
270.0
279.128
270.0
270.0
279.128
270.0
