90.0
90.0
90.0
90.0
90.0
90.0
90.0
90.0
90.0
90.0
90.0
90.0
90.0
90.0
90.0
90.0
90.0
90.0
90.0
108.671
108.671
90.0
108.671
108.671
108.671
108.671
108.671
108.671
108.671
108.671
108.671
108.671
108.671
108.671
108.671
108.671
108.671
108.671
108.671
108.671
108.671
108.671
108.671
108.671
108.671
108.671
108.671
108.671
108.671
108.671
108.671
108.671
107.823
108.671
108.671
107.823
108.671
107.823
108.671
108.671
107.823
108.671
108.671
107.823
107.823
108.671
107.823
107.823
108.671
107.823
107.823
108.671
107.823
107.823
107.823
107.823
