20.394
20.394
20.394
344.858
20.394
20.394
20.394
344.858
20.394
20.394
30.449
20.394
30.449
30.449
345.463
20.394
30.449
21.687
14.271
20.394
30.449
21.687
14.271
30.449
21.687
21.687
14.271
30.449
21.687
21.687
14.271
21.687
21.687
21.687
14.271
21.687
2.403
14.271
21.687
21.687
14.271
21.687
21.687
21.687
15.107
21.687
21.687
21.687
15.107
21.687
21.687
2.403
15.107
21.687
21.687
2.403
15.107
21.687
21.687
21.687
15.107
21.687
21.687
2.403
21.687
21.687
2.403
15.107
2.403
2.403
14.271
2.403
20.214
20.214
14.271
2.403
20.214
20.214
14.271
2.403
20.214
20.214
14.271
2.403
20.214
20.214
14.271
20.214
20.214
20.214
14.271
20.214
20.214
14.271
20.394
20.214
20.214
14.271
20.394
20.214
