210.449
210.449
194.746
184.223
210.449
194.746
184.223
210.449
210.449
194.746
184.223
210.449
210.449
194.746
184.223
210.449
210.449
194.746
184.223
210.449
210.449
194.746
184.223
210.449
210.449
194.746
184.223
210.449
210.449
194.746
184.223
210.449
210.449
194.746
184.223
210.449
210.449
194.746
177.597
210.449
210.449
165.463
177.597
210.449
201.687
165.463
177.597
210.449
201.687
165.463
177.597
201.687
163.0
177.597
182.403
182.403
165.463
167.374
182.403
182.403
165.463
167.374
182.403
182.403
167.374
182.403
182.403
165.463
167.374
200.214
165.463
167.374
184.324
200.394
167.374
194.271
194.271
165.463
167.374
194.271
194.271
194.271
167.374
194.271
194.271
194.271
200.214
194.271
194.271
167.374
194.271
194.271
167.374
200.394
200.394
194.271
200.394
200.394
194.271
172.679
