278.313
294.003
278.313
278.313
294.003
278.313
278.313
294.003
278.313
278.313
294.003
278.313
294.003
287.374
287.374
287.374
287.374
294.003
287.374
287.374
294.003
287.374
287.374
294.003
287.374
287.374
294.003
287.374
287.374
294.003
287.374
287.374
294.003
287.374
294.003
287.374
288.671
294.003
288.671
288.671
294.003
288.671
288.671
294.003
288.671
288.671
294.003
288.671
288.671
294.003
288.671
294.003
288.671
288.671
288.671
304.223
294.003
288.671
304.223
294.003
288.671
304.223
294.003
288.671
304.223
294.003
288.671
315.0
304.223
304.223
315.0
304.223
304.223
315.0
304.223
304.223
