354.003
354.003
15.0
354.003
15.0
354.003
354.003
15.0
354.003
3.131
354.003
15.0
15.0
3.131
15.0
15.0
15.0
354.003
15.0
354.003
3.131
354.003
15.0
15.0
15.0
354.003
15.0
15.0
354.003
354.003
15.0
354.003
354.003
354.003
354.003
354.003
354.003
354.003
354.003
354.003
354.003
38.15
15.0
354.003
354.003
3.131
354.003
354.003
38.15
15.0
354.003
38.15
15.0
354.003
354.003
354.003
3.131
354.003
38.15
354.003
3.131
354.003
354.003
3.131
354.003
38.15
3.131
354.003
354.003
354.003
3.131
354.003
354.003
63.131
354.003
354.003
354.003
3.131
354.003
354.003
354.003
354.003
354.003
354.003
354.003
345.0
354.003
354.003
354.003
345.0
354.003
354.003
354.003
345.0
354.003
354.003
3.131
354.003
354.003
354.003
