174.003
165.0
174.003
174.003
210.449
174.003
174.003
174.003
210.449
174.003
174.003
174.003
174.896
174.003
174.003
174.896
174.003
174.003
174.003
174.896
174.003
174.003
174.003
174.896
174.003
174.003
174.003
215.612
174.003
174.003
174.003
215.612
174.003
174.003
174.003
200.214
174.003
174.003
174.003
215.612
174.003
174.003
174.003
174.003
174.003
174.003
174.003
174.003
234.003
174.003
174.003
174.003
258.285
174.003
174.003
258.285
174.003
174.003
174.003
214.347
174.003
174.003
174.003
214.347
174.003
174.003
174.003
243.131
174.003
174.003
174.003
258.285
174.003
174.003
174.003
210.449
174.003
174.003
174.003
210.449
174.003
174.003
174.003
210.449
174.003
174.003
174.003
210.449
195.0
195.0
174.003
210.449
195.0
195.0
174.003
210.449
174.003
