87.733
140.394
87.733
87.733
87.733
87.733
87.733
87.733
87.733
87.733
140.394
87.733
87.733
104.309
87.733
104.309
87.733
87.733
104.309
87.733
87.733
104.309
87.733
87.733
104.309
87.733
87.733
104.309
87.733
87.733
104.309
87.733
87.733
104.309
87.733
87.733
104.309
87.733
87.733
104.309
87.733
104.309
87.733
87.733
104.309
87.733
87.733
104.309
87.733
87.733
104.309
87.733
87.733
104.309
120.0
87.733
104.309
120.0
87.733
104.309
120.0
87.733
104.309
120.0
120.0
104.309
120.0
120.0
104.309
120.0
120.0
104.309
120.0
104.309
120.0
