258.153
296.693
270.491
256.828
271.293
258.153
271.293
271.293
258.285
271.293
258.153
271.293
271.293
258.285
254.469
271.293
258.285
271.293
258.285
254.469
254.469
240.336
254.469
254.469
240.336
254.469
254.469
240.336
254.469
254.469
240.336
254.469
254.469
240.336
254.469
254.469
240.336
254.469
254.469
240.336
254.469
254.469
210.0
254.469
240.336
254.469
257.684
210.0
254.469
257.684
210.0
254.469
257.684
210.0
254.469
257.684
210.0
254.469
257.684
225.806
254.469
257.684
225.806
273.483
283.558
225.806
283.558
283.558
225.806
283.558
283.558
255.107
283.558
283.558
255.107
