343.97
343.97
349.092
343.97
343.97
349.092
343.97
343.97
349.092
343.97
343.97
349.092
343.97
343.97
350.062
343.97
346.474
350.062
343.97
346.474
346.474
346.474
346.474
346.474
349.352
345.463
346.474
349.352
345.463
346.474
349.352
346.025
349.352
345.463
345.463
349.352
345.463
345.463
349.352
345.463
345.463
349.352
345.463
346.025
349.352
345.463
346.025
349.352
349.352
346.025
349.352
350.414
346.025
349.352
350.414
346.025
349.352
350.414
346.025
350.414
350.414
346.025
350.414
16.828
27.856
350.414
27.856
27.856
15.417
343.97
27.856
15.417
343.97
27.856
347.823
343.97
