169.092
163.97
164.858
159.128
163.97
164.858
169.092
163.97
165.806
169.092
163.97
165.806
169.092
163.97
165.806
169.092
163.97
169.092
163.97
165.806
169.092
163.97
166.474
165.806
163.97
166.474
165.806
163.97
166.474
165.806
163.97
166.474
165.806
166.474
166.474
166.474
166.474
166.474
166.474
165.463
166.474
166.474
165.463
166.474
166.474
165.463
166.474
166.474
165.463
166.474
166.474
165.463
165.463
166.474
165.463
165.463
166.474
165.463
165.463
166.474
165.463
165.463
134.647
165.463
165.463
165.463
165.463
165.463
165.463
162.401
165.463
165.463
165.463
166.025
165.463
165.463
166.025
166.025
165.463
165.463
166.025
166.025
