83.371
110.062
116.693
90.807
90.998
91.293
51.285
90.998
91.293
77.684
91.293
91.293
77.684
91.293
91.293
77.684
74.469
74.469
77.684
74.469
74.469
77.684
74.469
74.469
103.558
74.469
74.469
103.558
74.469
103.558
74.469
74.469
74.469
74.469
103.558
74.469
103.558
93.483
74.469
103.558
93.483
93.483
103.558
93.483
94.347
105.806
94.347
94.347
108.48
94.347
94.347
114.003
94.347
94.347
108.48
94.347
94.347
108.48
94.347
94.347
108.48
94.347
122.937
94.347
94.347
116.693
110.062
110.062
138.006
110.062
116.693
110.062
116.693
122.937
