14.271
0.0
14.271
0.0
14.271
0.0
0.0
0.0
14.271
0.0
0.0
14.271
0.0
0.0
0.0
14.271
0.0
0.0
0.0
14.271
0.0
1.469
0.0
14.271
0.0
1.469
0.0
14.271
0.0
1.469
0.0
14.271
0.0
1.469
0.0
14.271
0.0
14.271
0.0
14.271
0.0
14.271
1.469
14.271
0.0
1.469
14.271
0.0
14.271
1.469
0.0
14.271
1.469
345.463
0.0
14.271
1.469
345.463
0.0
14.271
14.271
345.463
13.664
14.271
14.271
345.463
13.664
14.271
14.271
345.463
14.271
14.271
14.271
345.463
14.271
14.271
14.271
345.463
14.271
14.271
14.271
345.463
14.271
14.271
14.271
345.463
14.271
14.271
345.463
14.271
14.271
345.463
14.271
14.271
14.271
345.463
14.271
14.271
14.271
345.463
