163.975
196.025
180.0
180.0
163.975
196.025
180.0
180.0
163.975
196.025
180.0
180.0
180.0
180.0
180.0
180.0
180.0
180.0
180.0
180.0
180.0
180.0
180.0
180.0
180.0
180.0
180.0
180.0
180.0
180.0
181.469
180.0
180.0
181.469
180.0
180.0
180.0
181.469
180.0
180.0
180.0
181.469
180.0
180.0
181.469
180.0
180.0
180.0
181.469
180.0
180.0
181.469
180.0
180.0
181.469
180.0
180.0
180.0
181.469
180.0
180.0
180.0
181.469
193.664
193.664
193.664
193.664
193.664
193.664
181.469
193.664
193.664
194.271
181.469
193.664
194.271
194.271
181.469
194.271
194.271
181.469
193.664
194.271
194.271
181.469
193.664
194.271
194.271
193.664
194.271
194.271
196.828
193.664
194.271
194.271
193.664
194.271
194.271
196.828
193.664
