90.371
90.0
90.0
90.0
90.387
90.0
90.0
90.0
90.0
90.0
90.0
90.387
90.0
90.0
90.0
90.387
90.0
90.0
90.0
90.387
90.0
90.0
90.387
90.0
90.0
90.387
90.0
90.0
90.0
90.387
90.0
90.0
90.387
90.0
90.0
90.387
90.0
90.0
90.0
90.387
90.0
90.0
90.0
90.387
90.0
90.0
90.0
90.0
90.0
90.0
90.387
90.0
90.0
90.387
90.0
90.0
90.998
90.387
90.0
90.0
90.998
90.387
90.0
90.0
90.998
90.387
90.998
90.998
90.998
90.387
90.998
90.998
90.998
90.387
90.998
90.998
90.998
90.387
90.998
90.998
90.998
90.387
90.998
90.998
90.998
90.387
90.998
90.998
90.998
106.474
90.998
90.998
90.998
106.474
90.998
90.998
90.998
106.474
90.998
90.998
