270.371
270.371
286.474
270.371
270.371
253.664
286.474
270.371
270.371
253.664
286.474
270.371
270.371
253.664
286.474
270.371
270.371
253.664
285.806
270.371
270.371
253.664
285.806
270.371
270.371
253.664
285.806
270.371
270.371
253.664
270.371
270.371
253.664
285.806
270.371
253.664
285.806
270.371
270.371
253.664
285.806
270.371
270.371
253.664
285.806
270.371
270.371
253.664
285.806
270.371
270.998
253.664
284.858
270.371
270.998
253.664
284.858
270.998
270.998
270.998
284.858
270.998
270.998
270.998
284.858
270.998
270.998
270.998
284.858
270.998
270.998
270.998
284.858
270.998
270.998
270.998
284.858
270.998
270.998
270.998
284.858
270.998
270.998
284.858
270.998
270.998
270.998
284.858
270.998
270.998
270.998
284.858
270.998
270.998
270.998
270.998
270.998
270.998
284.858
270.998
