334.641
342.244
358.018
334.641
342.244
358.018
334.641
5.698
334.641
342.244
358.018
334.641
342.244
358.018
334.641
358.018
334.641
334.641
358.018
334.641
334.641
358.018
357.137
358.018
334.641
357.137
358.018
334.641
357.137
5.698
334.641
357.137
5.698
334.641
357.137
358.018
357.137
358.018
354.812
331.375
354.812
5.698
331.375
354.812
5.698
331.375
351.886
5.698
331.375
351.886
354.812
354.812
351.886
16.025
345.626
351.886
18.413
345.626
351.886
18.413
351.886
16.025
345.626
351.886
30.0
345.626
351.886
16.025
345.626
358.018
345.626
351.886
30.0
