245.104
264.896
241.516
245.104
264.896
241.516
245.104
264.896
241.516
245.104
271.375
245.104
241.516
245.104
266.577
241.516
245.104
266.577
254.746
245.104
266.577
255.691
245.104
266.577
245.104
343.019
224.858
245.104
224.858
245.104
280.183
241.469
245.104
204.003
241.469
255.691
264.092
241.469
224.858
264.092
241.469
264.092
241.469
241.469
264.092
241.469
241.469
264.092
241.469
241.469
264.092
241.469
241.469
264.092
241.469
241.469
264.092
241.469
240.0
264.092
243.131
240.0
264.092
240.0
264.092
243.131
241.516
243.131
241.516
264.092
243.131
241.516
