107.199
109.092
107.823
90.998
109.092
109.092
90.998
109.092
105.355
90.998
109.092
90.998
109.092
105.355
90.998
110.062
105.355
90.998
110.062
90.998
110.062
106.025
110.062
106.025
90.998
90.998
90.998
110.062
99.585
90.998
110.062
73.664
110.062
110.062
73.664
110.062
110.062
73.664
99.585
73.664
99.585
110.062
90.371
99.585
110.062
90.371
99.585
90.371
99.585
110.062
90.371
99.585
99.585
90.371
99.585
90.371
99.585
99.585
76.025
99.585
99.585
76.025
99.585
76.025
90.0
99.585
90.449
99.585
76.025
90.0
90.0
76.025
90.0
