180.0
194.271
180.0
180.0
180.0
194.271
180.0
180.0
180.0
194.271
180.0
180.0
194.271
180.0
180.0
180.0
194.271
180.0
180.0
180.0
194.271
180.0
181.469
181.469
180.0
181.469
181.469
194.271
180.0
181.469
194.271
181.469
181.469
194.271
194.271
181.469
194.271
194.271
194.271
181.469
194.271
194.271
181.469
194.271
194.271
194.271
194.271
194.271
194.271
181.469
194.271
194.271
194.271
181.469
194.271
194.271
194.271
181.469
194.271
194.271
181.469
194.271
194.271
181.469
194.271
194.271
193.664
194.271
194.271
193.664
194.271
194.271
194.271
194.271
194.271
194.271
193.664
194.271
194.271
194.271
193.664
194.271
194.271
194.271
193.664
194.271
194.271
193.664
194.271
194.271
194.746
196.828
194.271
194.271
163.975
196.828
194.271
194.271
163.975
196.828
