0.0
0.0
343.975
0.0
0.0
1.469
0.0
0.0
1.469
0.0
0.0
0.0
1.469
0.0
0.0
0.0
1.469
0.0
0.0
1.469
0.0
0.0
0.0
1.469
0.0
0.0
1.469
0.0
0.0
14.271
0.0
0.0
1.469
14.271
0.0
1.469
1.469
14.271
0.0
1.469
1.469
0.0
1.469
1.469
14.271
0.0
1.469
14.271
0.0
1.469
1.469
0.0
1.469
1.469
14.271
0.0
1.469
14.271
14.271
0.0
14.271
14.271
14.271
0.0
14.271
14.271
14.271
0.0
14.271
14.271
14.271
0.0
14.271
14.271
14.271
14.271
14.271
14.271
13.664
14.271
14.271
13.664
14.271
14.271
14.271
13.664
14.271
14.271
14.271
14.271
14.271
14.271
14.271
14.271
14.271
14.271
14.271
14.271
14.271
14.271
