90.0
90.0
106.025
90.0
90.0
106.025
90.0
90.0
106.025
90.0
106.025
106.025
106.025
106.025
106.025
106.025
106.025
106.025
106.025
106.025
106.025
106.025
106.025
106.025
106.025
106.025
106.025
106.025
106.025
106.025
106.025
110.062
106.025
106.025
110.062
106.025
106.025
110.062
106.025
106.025
110.062
106.025
106.025
110.062
106.025
106.025
110.062
106.025
106.025
110.062
106.025
106.025
106.474
106.025
105.463
106.474
106.025
106.474
106.474
106.025
106.474
106.474
110.062
106.474
106.474
110.062
106.474
109.092
106.474
106.474
110.062
106.474
106.474
109.092
106.474
