270.0
270.0
270.0
270.0
270.371
270.0
270.0
270.0
270.371
270.0
270.0
270.0
270.371
270.0
270.0
270.0
270.0
270.0
270.0
270.0
270.0
270.0
270.0
270.0
270.0
270.0
270.0
270.0
270.0
270.0
270.0
270.0
270.0
270.0
270.0
270.0
270.0
270.0
270.0
270.0
270.0
270.998
270.0
270.0
270.0
264.977
270.0
270.0
270.0
256.592
270.0
270.0
270.998
270.0
270.0
270.0
256.592
270.0
270.0
273.483
270.0
270.0
270.0
273.483
270.0
270.0
286.025
273.483
270.0
286.025
273.483
270.0
286.025
286.025
270.0
286.025
286.025
273.483
270.0
286.025
273.483
270.0
286.025
286.025
273.483
270.0
286.025
286.025
273.483
286.025
286.025
285.463
273.483
286.025
286.025
285.463
273.483
286.025
286.025
285.463
