16.025
18.285
18.285
16.025
18.285
18.285
21.226
18.285
18.285
25.682
3.131
18.285
3.131
18.285
18.285
24.003
3.131
67.345
24.003
3.131
3.131
59.335
24.003
3.131
3.131
67.345
29.145
3.131
3.131
29.145
16.025
3.131
59.335
29.145
16.025
59.335
29.145
16.025
16.025
18.285
29.145
16.025
16.025
59.335
29.145
16.025
59.335
29.145
16.025
16.025
59.335
19.739
16.025
59.335
18.285
19.739
63.131
18.285
19.739
16.025
3.131
18.285
19.739
16.025
3.131
3.131
19.739
19.739
3.131
29.145
19.739
63.131
3.131
29.145
29.145
63.131
3.131
29.145
29.145
63.131
29.145
29.145
63.131
3.131
29.145
29.145
63.131
3.131
29.145
29.145
12.843
29.145
29.145
63.131
12.843
18.285
29.145
