209.145
210.449
165.355
209.145
209.145
210.449
209.145
209.145
210.449
196.025
209.145
210.449
164.395
209.145
180.0
210.449
164.395
209.145
180.0
180.0
164.395
198.285
180.0
164.395
198.285
209.145
180.0
196.025
180.0
180.0
196.025
198.285
209.145
210.449
196.025
198.285
166.025
210.449
164.395
166.025
219.585
164.395
165.355
166.025
180.0
165.355
166.025
180.0
196.025
165.355
219.585
196.025
165.355
165.355
180.0
196.025
165.355
165.355
180.0
181.469
165.355
165.355
180.0
181.469
165.355
164.858
180.0
181.469
183.131
164.858
180.0
181.469
196.025
164.858
219.585
181.469
196.025
180.0
181.469
181.469
205.682
205.682
226.025
181.469
205.682
205.682
181.469
180.0
217.911
181.469
205.682
205.682
217.911
166.025
205.682
205.682
180.0
180.0
205.682
