327.234
309.896
270.0
327.234
271.174
309.896
270.0
271.174
309.896
270.0
313.783
271.174
309.896
271.174
313.783
328.293
309.896
271.174
271.174
270.0
271.174
271.174
328.293
271.174
271.174
328.293
328.293
270.0
271.174
328.293
270.0
271.174
328.293
328.293
328.293
281.451
271.174
271.174
328.293
281.451
328.293
271.174
281.451
328.293
328.293
309.896
281.451
271.174
309.896
281.451
290.076
328.293
309.896
281.451
328.293
328.293
324.003
281.451
290.076
293.389
270.0
281.451
293.389
270.0
324.003
270.0
268.267
270.0
270.0
270.0
268.267
303.353
324.003
270.0
319.643
303.353
324.003
270.0
319.643
320.98
288.671
270.0
270.0
324.003
270.0
319.643
270.0
324.003
320.98
327.234
324.003
270.0
320.98
270.0
288.671
270.0
327.234
270.0
270.0
