94.84
77.756
94.84
140.98
77.756
77.756
90.0
123.353
90.0
77.0
90.0
90.0
123.353
123.353
90.0
97.316
97.316
123.353
97.316
94.84
94.84
123.353
94.84
90.0
88.707
94.84
94.84
133.783
88.707
97.316
90.0
94.84
139.643
94.84
94.84
139.643
90.0
97.316
94.84
94.84
97.316
94.84
147.234
97.316
97.316
94.84
90.0
90.0
97.316
97.316
157.554
97.316
97.316
97.316
90.0
97.316
90.0
129.896
161.181
97.316
90.0
97.316
97.316
129.128
133.783
97.316
97.316
129.128
133.783
90.0
97.316
129.128
133.783
161.181
161.181
129.128
90.0
97.316
90.0
129.128
133.783
90.0
97.316
129.128
133.783
97.316
129.128
133.783
161.181
161.181
133.783
161.181
161.181
129.128
133.783
97.316
90.0
129.128
133.783
95.908
