202.766
210.371
210.371
210.371
210.371
202.766
210.371
210.371
202.766
210.371
210.371
196.025
210.371
210.371
196.025
210.371
217.898
210.371
210.371
210.371
210.371
210.371
210.371
210.371
210.371
210.954
210.371
196.025
210.954
196.025
196.025
210.954
196.025
196.025
210.954
196.025
196.025
210.954
196.025
196.025
210.954
196.025
195.605
210.954
125.997
195.605
195.605
210.954
125.997
195.605
210.954
210.954
195.605
210.954
210.954
195.605
210.954
210.954
195.605
210.954
210.954
210.954
210.954
210.954
210.954
210.954
210.954
210.954
210.954
210.0
210.998
210.954
210.0
193.664
192.958
210.0
193.664
