270.0
270.0
314.746
270.0
270.0
314.746
270.0
307.599
270.0
312.984
314.746
270.0
312.984
307.599
312.984
312.984
307.345
312.984
312.984
307.345
312.984
312.984
310.163
312.984
312.984
310.163
312.984
270.855
310.163
312.984
270.855
310.163
270.855
270.855
270.855
270.855
310.163
270.855
310.163
270.855
270.855
310.163
270.855
270.855
310.163
270.855
270.855
310.163
270.855
270.855
270.855
270.855
310.163
270.855
270.855
310.163
270.855
270.855
310.163
270.855
270.855
303.131
270.855
310.163
270.855
270.0
303.131
270.0
270.0
303.131
270.0
270.0
270.0
270.0
