45.806
16.025
34.84
34.347
45.806
16.025
34.84
355.489
45.806
16.025
16.025
355.489
45.806
16.025
16.025
355.489
32.267
16.025
355.489
32.267
16.025
16.025
355.489
16.025
16.025
355.489
32.267
16.025
16.025
355.489
32.267
0.0
16.025
359.335
32.267
16.025
359.335
32.267
0.0
0.0
32.267
0.0
0.0
359.335
32.267
0.0
359.335
32.267
0.0
0.0
7.599
32.267
0.0
0.0
7.599
32.267
0.0
7.345
32.267
0.0
0.0
7.345
30.0
12.984
0.0
7.345
16.025
12.984
12.984
16.025
12.984
12.984
7.345
16.025
12.984
12.984
7.345
16.025
12.984
7.345
16.025
12.984
12.984
7.345
16.025
12.984
16.025
7.345
16.025
16.025
16.025
16.025
16.025
16.025
7.345
45.806
16.025
7.345
45.806
16.025
