54.812
104.858
90.387
54.812
104.858
90.387
90.387
54.812
104.858
90.387
90.387
54.812
104.858
90.387
90.387
104.858
90.387
90.387
54.812
104.858
90.387
90.387
54.812
104.858
106.474
54.812
104.858
106.474
106.474
54.812
107.823
106.474
106.474
54.812
109.092
106.474
106.474
109.092
106.474
106.474
54.812
105.355
106.474
52.684
105.355
106.474
106.474
35.718
105.355
106.474
107.199
35.398
105.355
107.199
35.398
105.355
106.474
106.474
45.626
107.199
106.474
45.626
105.355
106.474
106.474
45.626
105.355
106.474
106.474
45.626
105.355
106.474
106.474
45.626
106.025
106.474
106.474
45.626
106.025
106.474
106.474
45.626
106.025
106.474
106.474
45.626
106.025
106.474
106.474
45.626
106.025
106.474
106.474
45.626
106.025
90.387
106.474
45.626
106.025
90.387
