243.435
196.828
194.271
194.746
198.153
194.271
163.975
198.153
194.271
180.0
194.271
180.0
195.691
194.271
180.0
195.691
196.828
180.0
195.691
194.746
180.0
164.858
194.746
164.858
194.746
194.271
194.746
194.271
164.858
194.746
194.271
164.858
194.746
194.271
164.858
194.271
164.858
194.746
194.271
164.858
195.691
194.271
164.858
194.271
181.469
164.858
194.271
181.469
164.858
194.271
181.469
164.858
181.469
164.858
194.271
181.469
164.858
196.828
181.469
181.469
196.828
181.469
181.469
196.828
194.271
181.469
196.828
194.271
181.469
194.271
181.469
196.828
194.271
181.469
196.828
