14.271
14.271
14.746
14.271
14.746
14.271
14.271
14.271
14.271
14.746
14.271
14.271
14.746
14.271
14.271
14.746
14.271
15.691
14.746
14.271
344.858
14.746
14.271
344.858
14.746
344.858
14.746
14.271
1.469
14.746
14.271
1.469
14.271
1.469
15.691
14.271
1.469
14.271
14.271
344.858
14.271
14.271
1.469
16.828
1.469
16.828
14.271
1.469
344.858
14.271
1.469
344.858
14.271
344.858
14.271
1.469
344.858
14.271
14.271
344.858
14.271
14.271
344.858
14.271
14.271
344.858
14.271
344.858
16.828
14.271
16.828
14.271
358.696
