254.271
286.474
254.271
254.271
286.474
287.199
254.271
254.271
286.474
254.271
270.387
286.474
287.199
254.271
270.387
285.806
287.199
254.271
270.387
285.806
287.199
270.387
285.806
270.387
270.387
287.199
270.371
270.387
285.806
287.199
270.371
270.387
285.806
287.199
270.371
270.371
285.806
287.199
270.371
270.371
285.806
270.371
270.371
285.806
233.13
270.371
270.371
285.806
270.371
270.371
285.806
233.13
270.371
285.806
233.13
270.371
270.371
286.474
233.13
270.371
285.806
285.463
233.13
285.806
285.806
285.463
233.13
285.806
285.806
285.463
233.13
265.394
285.806
285.463
233.13
265.394
285.806
270.0
233.13
265.394
285.806
270.0
233.13
265.394
285.806
270.0
237.074
265.394
285.806
270.0
237.074
285.806
270.371
270.0
237.074
285.806
270.371
