181.469
195.691
195.691
194.271
180.0
164.858
195.691
194.271
181.469
164.858
194.271
181.469
181.469
181.469
194.271
181.469
181.469
181.469
193.664
194.271
181.469
181.469
181.469
181.469
181.469
193.664
194.271
181.469
193.664
194.271
149.193
181.469
181.469
181.469
181.469
193.664
194.271
181.469
193.664
181.469
194.271
181.469
193.664
184.902
194.271
181.469
193.664
184.902
194.271
193.664
184.902
194.271
194.271
193.664
194.271
194.271
193.664
184.902
193.664
194.271
193.664
184.902
193.664
194.271
193.664
184.902
193.664
194.271
193.664
187.649
190.08
194.271
193.664
187.649
193.664
194.271
193.664
187.649
194.271
193.664
187.649
194.469
194.271
187.649
194.469
194.271
193.664
193.664
194.469
194.271
193.664
193.664
194.469
194.271
193.664
150.0
194.469
194.271
193.664
193.664
