243.294
285.463
270.0
265.16
285.626
285.463
270.0
265.394
243.294
285.463
270.0
265.394
243.294
285.463
270.0
265.394
245.104
285.463
270.0
265.394
245.104
285.463
265.394
245.104
285.463
270.998
265.394
285.463
270.998
265.394
233.954
286.474
270.998
275.398
233.954
285.806
273.483
285.626
233.954
286.474
285.626
233.954
285.806
273.483
233.954
285.806
273.483
285.626
264.896
273.483
285.626
265.129
284.858
273.483
285.626
265.129
270.0
273.483
265.16
265.394
270.0
265.16
265.394
270.0
273.483
265.16
265.394
270.0
273.483
265.16
265.394
270.0
273.483
265.394
285.463
273.483
265.16
265.394
285.463
273.483
265.16
275.398
285.463
265.16
275.398
285.463
270.0
265.16
285.626
285.463
270.0
265.16
285.626
285.463
270.0
265.394
285.626
285.463
270.0
265.394
