14.271
343.975
15.107
0.0
14.271
343.975
15.107
14.271
343.975
15.107
0.0
16.828
0.0
15.107
0.0
16.828
0.0
15.107
0.0
16.828
0.0
18.153
0.0
16.828
346.474
0.0
14.746
13.664
345.806
0.0
343.975
13.664
345.806
0.0
0.0
14.271
1.469
0.0
14.271
345.806
14.271
14.271
345.806
14.271
0.0
14.271
14.271
1.469
14.271
345.806
14.271
1.469
14.271
0.336
14.271
1.469
14.271
1.469
14.271
14.271
16.828
1.469
16.828
14.271
16.828
1.469
14.746
345.626
16.828
1.469
14.271
16.828
14.271
14.746
14.271
14.271
14.746
14.271
16.828
14.271
16.025
14.271
16.828
15.107
0.0
14.271
16.828
15.107
0.0
14.271
344.858
15.107
0.0
14.271
343.975
15.107
0.0
14.271
343.975
15.107
