23.794
24.003
23.794
23.794
24.003
23.794
23.794
24.003
23.794
23.794
24.003
23.794
203.936
27.234
24.003
24.003
27.234
24.003
24.003
27.234
24.003
24.003
27.234
24.003
27.234
24.003
33.131
27.234
24.003
33.131
233.13
27.234
24.003
33.131
233.13
27.234
30.449
33.131
233.13
24.003
30.449
37.911
233.13
24.003
30.449
233.13
24.003
30.449
37.911
233.13
30.449
37.911
233.13
24.003
30.449
37.911
233.13
24.003
37.911
37.911
13.783
37.911
37.911
13.783
34.347
37.911
13.783
34.347
37.911
13.783
34.347
13.783
34.347
34.347
13.783
34.347
34.347
13.783
34.347
23.794
13.783
23.794
23.794
23.794
23.794
