95.908
105.531
120.0
125.104
105.531
120.0
125.104
105.531
105.531
120.0
117.597
105.531
88.707
120.0
117.597
88.707
107.258
117.597
88.707
88.707
118.875
88.707
88.707
118.875
117.597
88.707
88.707
118.875
117.597
88.707
88.707
118.875
117.597
88.707
95.023
110.076
125.104
88.707
97.069
110.076
125.104
90.0
97.069
110.076
125.104
90.0
97.316
110.076
125.104
90.0
97.069
110.076
125.104
90.0
97.316
110.076
125.104
97.316
110.076
125.104
90.0
97.316
125.104
90.0
97.316
110.076
125.104
90.0
97.316
110.076
125.104
90.0
95.908
110.076
90.0
105.531
110.076
125.104
97.316
110.076
125.104
97.316
105.531
110.076
125.104
97.316
105.531
110.076
125.104
97.316
105.531
110.076
125.104
97.316
105.531
110.076
125.104
97.316
105.531
116.706
