204.003
217.911
170.076
204.003
210.449
217.911
170.076
204.003
217.911
170.076
204.003
174.896
217.911
170.076
204.003
214.347
214.347
180.0
164.919
214.347
180.0
193.783
203.794
214.347
180.0
203.794
214.347
180.0
193.783
203.794
214.347
180.0
193.783
203.794
203.794
180.0
203.794
215.612
180.0
203.794
201.226
215.612
189.924
203.794
201.226
215.612
170.076
203.794
201.226
215.612
170.076
203.794
204.003
211.174
203.794
204.003
211.174
170.076
203.794
211.174
170.076
203.794
204.003
211.174
170.076
203.794
204.003
211.174
170.076
201.226
204.003
170.076
204.003
204.003
210.449
170.076
204.003
210.449
170.076
204.003
204.003
210.449
170.076
204.003
204.003
217.911
170.076
204.003
204.003
217.911
170.076
204.003
204.003
217.911
170.076
204.003
204.003
217.911
170.076
204.003
