281.451
288.671
288.671
284.875
281.451
288.671
288.671
284.875
281.451
288.671
294.003
284.875
281.451
288.671
294.003
296.514
281.451
278.362
303.131
296.514
279.128
278.362
303.131
284.875
279.128
278.362
301.516
279.128
278.362
301.516
284.875
278.362
292.679
296.514
278.362
278.362
292.679
296.514
278.362
278.362
284.875
296.514
278.362
278.362
284.875
296.514
278.362
281.451
288.671
296.514
278.362
281.451
288.671
296.514
278.362
281.451
284.875
278.362
281.451
288.671
284.875
281.451
288.671
284.875
281.451
281.451
288.671
284.875
281.451
281.451
288.671
284.875
281.451
281.451
288.671
284.875
281.451
281.451
288.671
270.0
281.451
279.128
288.671
270.0
281.451
279.128
288.671
270.0
281.451
288.671
288.671
284.875
281.451
288.671
288.671
284.875
281.451
288.671
284.875
281.451
