12.626
347.726
16.025
20.394
347.726
0.0
0.0
20.394
347.726
0.0
0.0
20.394
347.726
16.025
0.0
30.449
347.726
343.975
347.726
30.449
343.975
347.726
30.449
0.0
335.997
30.449
0.0
335.997
325.653
30.449
347.157
335.997
336.206
30.449
347.157
0.0
336.206
21.687
347.157
0.0
347.157
21.687
347.157
0.0
347.157
21.687
0.0
0.0
347.157
0.0
0.0
347.157
20.214
0.0
0.0
20.214
347.726
20.394
0.0
20.214
0.0
20.394
0.0
20.394
0.0
20.394
0.0
20.394
0.0
0.0
0.0
20.394
0.0
0.0
0.0
20.394
0.0
0.0
20.394
0.0
0.0
0.0
20.394
0.0
0.0
20.394
347.726
0.0
0.0
20.394
347.726
0.0
347.726
20.394
347.726
16.025
347.726
30.449
347.726
343.975
