74.271
106.474
90.0
90.387
106.474
90.0
54.812
105.806
106.474
106.474
90.371
106.474
106.474
107.199
106.474
90.371
106.474
106.474
90.371
106.474
47.016
106.474
90.371
107.199
93.483
90.371
107.199
93.483
90.371
107.199
90.371
90.371
107.199
90.371
90.387
107.199
90.371
90.387
107.199
90.387
90.387
107.199
90.387
74.271
107.199
90.387
74.271
107.199
90.387
74.271
90.387
74.271
106.474
90.387
90.387
106.474
74.271
90.387
106.474
90.387
90.387
106.474
74.271
90.387
74.271
90.387
90.387
74.271
106.474
105.463
90.387
106.474
90.0
90.387
106.474
90.0
90.387
