244.828
150.0
163.975
181.469
180.0
150.0
163.975
183.131
150.0
163.975
181.469
180.0
150.0
163.975
196.828
194.271
135.28
164.858
196.828
194.271
135.28
164.858
196.828
165.463
135.28
164.858
196.828
165.463
135.28
164.858
196.828
165.463
180.0
181.469
196.828
194.271
187.431
181.469
196.828
194.271
187.431
194.271
194.746
196.828
194.271
194.746
196.828
187.431
194.271
164.858
150.0
196.828
163.975
196.828
150.0
196.828
163.975
164.858
150.0
196.828
163.975
164.858
150.0
196.828
163.975
163.975
150.0
196.828
180.0
180.0
150.0
164.858
181.469
180.0
150.0
163.975
181.469
180.0
150.0
163.975
181.469
180.0
150.0
163.975
181.469
180.0
150.0
163.975
181.469
180.0
150.0
163.975
181.469
181.469
150.0
163.975
183.131
150.0
163.975
196.828
