254.271
270.371
257.0
254.271
270.371
257.0
254.271
270.371
257.0
254.271
270.371
257.0
270.387
270.371
270.387
270.387
256.025
270.387
270.387
270.371
257.0
254.271
270.371
257.0
270.387
270.371
257.0
270.371
257.0
270.387
270.371
247.345
270.387
270.371
247.345
270.371
247.345
270.387
253.664
247.345
270.387
253.664
247.345
270.387
270.371
270.387
253.664
270.387
253.664
247.599
270.387
270.998
247.599
286.474
270.998
247.599
273.483
256.592
270.371
270.371
256.592
270.371
270.371
257.0
270.371
257.0
270.371
270.371
257.0
254.271
270.371
257.0
254.271
270.371
257.0
