42.244
106.474
104.858
90.387
106.474
105.806
90.0
105.806
105.806
90.0
105.806
105.806
90.0
105.806
105.806
105.806
105.463
106.474
105.806
105.463
106.474
105.806
105.463
106.474
105.806
134.271
106.474
105.806
105.463
105.806
134.271
105.463
105.806
105.463
105.463
106.474
105.463
90.0
106.474
105.463
105.463
105.463
105.463
106.474
105.463
105.463
90.387
105.463
105.806
106.474
105.806
90.0
105.806
105.806
90.0
105.806
105.806
90.0
105.806
90.0
106.474
105.806
105.463
106.474
105.806
105.463
106.474
105.806
105.463
106.474
105.463
106.474
105.806
134.271
106.474
105.806
