179.335
179.335
173.884
196.828
196.828
173.884
196.828
173.884
158.313
196.828
165.806
158.313
196.828
165.806
158.313
194.746
165.806
163.975
163.975
165.806
164.858
163.975
165.806
164.858
163.975
165.806
164.858
163.975
180.0
164.858
163.975
192.843
167.823
163.975
192.843
177.684
164.858
192.843
164.858
192.843
177.684
164.858
192.843
177.684
164.858
192.843
177.684
192.843
177.684
181.469
192.843
177.684
181.469
192.843
177.684
192.843
179.335
181.469
167.157
179.335
181.469
172.401
179.335
177.684
173.884
196.828
196.828
173.884
196.828
196.828
173.884
196.828
196.828
194.746
196.828
