312.843
227.823
270.387
270.371
270.0
286.474
270.371
270.0
286.474
270.371
270.0
270.371
270.0
273.483
270.0
273.483
270.0
225.626
273.483
270.0
236.693
273.483
270.0
236.693
273.483
270.0
236.693
270.0
236.693
270.371
270.0
270.371
270.0
236.693
270.371
270.0
236.693
270.371
270.0
219.128
270.371
270.998
228.671
270.371
236.693
270.371
270.387
228.671
270.0
270.387
228.671
270.371
270.387
247.649
270.0
270.387
247.649
270.998
270.387
270.371
270.387
286.474
270.371
270.387
286.474
270.371
286.474
270.371
270.387
285.806
270.387
285.806
270.371
270.387
285.806
270.0
