35.908
343.975
344.858
1.469
16.828
343.975
1.469
1.469
0.0
0.0
14.271
14.271
0.0
14.271
14.271
339.003
1.469
14.271
14.271
0.0
1.469
14.271
14.271
29.145
1.469
14.271
29.145
1.469
14.271
14.271
1.469
14.271
14.271
29.145
1.469
14.271
14.271
16.025
1.469
14.746
14.746
16.025
14.746
14.746
16.025
3.131
343.975
16.025
3.131
344.858
344.858
16.025
3.131
344.858
344.858
17.756
16.828
344.858
344.858
14.746
344.858
344.858
17.756
14.746
344.858
17.756
14.746
344.858
344.858
14.746
344.858
344.858
35.908
14.746
344.858
1.469
0.0
14.746
1.469
1.469
0.0
343.975
1.469
1.469
0.0
0.0
14.271
14.271
0.0
1.469
14.271
14.271
35.908
14.271
14.271
29.145
1.469
14.271
29.145
1.469
