177.597
194.743
157.911
177.597
194.743
194.743
166.025
177.597
194.743
194.743
166.025
177.597
194.743
194.743
177.597
194.743
194.743
172.908
177.597
193.664
172.908
177.597
195.417
194.743
177.597
195.417
194.743
173.867
177.597
194.271
173.867
177.597
184.223
194.271
173.867
194.743
184.223
194.271
173.867
194.743
217.911
157.898
112.569
217.911
217.911
157.898
112.569
184.223
217.911
157.898
154.083
184.223
193.664
157.898
154.083
184.223
193.664
157.898
154.083
184.223
193.664
217.911
154.083
196.025
210.371
157.898
154.083
196.025
196.025
157.898
154.083
196.025
157.911
184.223
217.911
196.025
154.083
217.911
196.025
217.911
196.025
157.911
217.911
180.0
196.025
187.599
180.0
196.025
157.911
177.597
217.911
196.025
157.911
177.597
217.911
196.025
157.911
177.597
