319.643
254.746
223.975
319.643
319.643
254.746
287.258
270.371
254.746
223.975
319.643
319.643
222.244
270.371
319.643
254.746
222.244
319.643
256.025
222.244
256.025
256.025
254.746
222.244
256.025
256.025
255.691
247.649
256.025
256.025
224.858
247.649
257.0
257.0
254.271
247.649
257.0
254.271
247.649
319.643
319.643
247.649
270.387
270.387
254.271
247.649
270.998
270.998
254.271
247.649
270.998
270.998
254.271
319.643
319.643
253.664
247.649
270.998
254.746
240.0
270.998
270.998
254.746
270.998
253.664
254.746
224.875
270.0
319.643
319.643
224.875
270.0
253.664
254.746
224.875
253.664
254.746
223.975
270.371
270.371
223.975
270.371
270.371
254.746
223.975
270.371
270.371
254.746
223.975
319.643
270.371
254.746
319.643
254.746
222.244
270.371
256.025
319.643
