24.934
16.828
346.025
16.828
16.828
346.025
16.828
16.828
346.025
14.746
63.131
346.025
14.746
16.828
346.025
14.746
342.401
14.746
16.828
342.401
14.746
330.371
14.746
16.828
345.806
14.746
16.828
345.806
16.828
345.806
14.746
16.828
345.806
14.746
18.153
345.806
14.746
345.806
16.025
18.153
345.806
10.01
15.691
345.806
63.131
15.691
349.092
63.131
344.858
349.092
344.858
349.092
63.131
344.858
63.131
344.858
345.355
344.858
345.355
24.934
346.025
345.355
24.934
346.025
345.355
24.934
346.025
345.355
24.934
346.025
346.025
16.828
16.828
346.025
