73.664
45.668
104.858
90.387
110.062
35.997
105.806
110.062
35.997
110.062
110.062
73.664
35.997
123.353
123.353
35.997
110.062
38.313
123.353
35.997
110.062
38.313
74.746
35.997
110.062
74.746
35.997
90.998
90.998
74.746
38.313
123.353
74.746
38.313
123.353
74.746
30.534
90.998
123.353
74.746
90.0
90.998
74.746
47.823
38.313
38.313
38.313
74.746
47.823
123.353
90.0
74.746
47.823
123.353
123.353
74.746
47.823
123.353
123.353
74.746
47.823
123.353
123.353
75.691
47.823
123.353
75.691
47.823
123.353
123.353
47.823
123.353
123.353
61.469
47.823
123.353
123.353
123.353
47.823
104.858
105.806
73.664
104.858
105.806
73.664
47.823
104.858
73.664
47.823
104.858
106.474
73.664
45.668
104.858
106.474
73.664
45.668
104.858
123.353
123.353
35.997
