193.664
180.0
180.0
180.0
193.664
180.0
180.0
180.0
193.664
180.0
180.0
180.0
180.0
180.0
180.0
193.664
180.0
193.664
193.664
180.0
180.0
193.664
180.0
180.0
193.664
193.664
180.0
180.0
194.271
193.664
180.0
180.0
193.664
193.664
180.0
180.0
194.271
193.664
180.0
180.0
194.271
193.664
180.0
180.0
194.271
193.664
180.0
194.271
193.664
180.0
180.0
193.664
180.0
180.0
194.271
193.664
180.0
180.0
194.271
193.664
180.0
180.0
194.271
180.0
180.0
194.271
193.664
180.0
194.271
193.664
180.0
193.664
194.271
193.664
180.0
193.664
194.271
193.664
180.0
193.664
194.271
194.746
180.0
194.271
194.271
193.664
180.0
194.271
194.271
194.746
180.0
194.271
194.271
194.746
180.0
194.271
194.271
194.746
180.0
194.271
