286.474
270.0
270.0
270.387
270.0
270.0
270.0
286.474
270.0
270.0
270.387
270.0
270.0
270.0
270.0
270.0
270.0
270.387
270.0
270.0
270.0
270.387
270.0
270.0
270.0
286.474
270.0
270.0
270.387
270.0
270.0
270.0
286.474
270.0
270.0
270.0
270.0
270.0
270.0
286.474
270.0
270.0
270.0
286.474
270.0
270.0
270.0
270.387
270.0
270.0
270.387
270.0
270.0
286.474
270.0
270.0
270.0
286.474
270.0
270.0
270.0
270.387
270.0
270.0
270.0
270.0
270.0
270.0
286.474
270.0
270.0
286.474
270.0
270.0
270.0
286.474
270.0
270.0
270.0
286.474
270.0
270.0
286.474
270.0
270.0
270.0
286.474
270.0
270.0
286.474
270.0
270.0
286.474
270.0
270.0
270.0
286.474
270.0
270.0
286.474
