14.271
13.664
13.664
14.271
13.664
13.664
14.746
14.271
13.664
13.664
14.746
14.271
13.664
13.664
14.746
14.271
13.664
14.746
14.746
14.271
13.664
14.746
14.271
13.664
14.746
14.271
13.664
14.746
14.746
14.271
13.664
14.746
14.746
14.271
13.664
14.746
14.746
13.664
14.746
14.746
14.271
13.664
14.746
14.271
13.664
14.746
14.746
13.664
14.746
14.746
14.271
13.664
14.746
14.271
14.746
14.746
14.746
14.271
14.746
14.746
14.746
14.271
14.746
14.746
14.271
14.746
14.746
14.746
14.271
14.746
14.746
14.271
14.746
14.746
14.746
14.271
14.746
14.746
14.746
14.271
14.746
14.746
14.746
14.271
14.746
14.746
14.746
14.271
14.746
14.746
14.746
14.271
14.746
14.746
14.271
14.746
14.746
14.746
14.746
14.746
