105.806
105.806
90.371
105.806
105.806
105.806
90.371
105.806
105.806
105.806
90.371
105.806
105.806
105.806
90.371
105.806
105.806
105.806
90.371
105.806
105.806
105.806
90.371
105.806
105.806
105.806
105.806
105.806
105.806
105.806
105.806
105.806
105.806
105.806
105.806
105.806
105.806
105.806
105.806
105.806
105.806
105.806
105.806
105.806
105.806
105.806
105.806
105.806
105.806
105.806
105.806
105.806
105.806
105.806
105.806
105.806
105.806
105.806
105.806
105.806
105.806
105.806
105.806
105.806
105.806
105.806
105.806
105.806
105.806
105.806
105.806
105.806
105.806
105.806
105.806
105.806
105.806
105.806
105.806
105.806
105.806
105.806
105.806
105.806
105.806
105.806
105.806
105.806
105.806
105.806
105.806
105.806
105.806
90.371
105.806
105.806
90.371
105.806
105.806
105.806
