180.0
181.469
180.0
180.0
180.0
181.469
180.0
180.0
180.0
180.0
180.0
180.0
194.271
180.0
180.0
180.0
194.271
181.469
180.0
180.0
194.271
181.469
180.0
180.0
194.271
181.469
180.0
180.0
194.271
181.469
180.0
180.0
194.271
180.0
180.0
194.271
181.469
180.0
194.271
181.469
180.0
181.469
194.271
181.469
180.0
194.271
194.271
181.469
180.0
194.271
194.271
181.469
180.0
194.271
194.271
181.469
180.0
194.271
194.271
181.469
180.0
194.271
194.271
181.469
180.0
194.271
194.271
166.025
180.0
194.271
194.271
166.025
180.0
194.271
194.271
166.025
180.0
194.271
194.271
166.025
180.0
194.271
194.271
166.025
180.0
194.271
165.355
180.0
194.271
194.271
165.355
180.0
194.271
193.664
165.355
193.664
194.271
193.664
193.664
194.271
