14.271
14.271
30.371
0.0
14.271
14.271
13.664
0.0
14.271
14.271
0.0
14.271
14.271
13.664
0.0
14.271
13.664
0.0
14.271
14.271
0.0
14.271
14.271
30.371
1.469
14.271
14.271
30.371
1.469
14.271
14.271
30.371
14.271
14.271
30.371
1.469
14.271
14.271
30.371
1.469
14.271
14.271
30.371
1.469
14.271
30.371
1.469
14.271
14.271
1.469
14.271
14.271
30.371
1.469
14.271
14.271
30.371
1.469
14.271
14.271
30.371
14.271
14.271
30.371
1.469
14.271
14.271
30.371
1.469
14.271
14.271
1.469
14.271
14.271
45.806
1.469
14.271
14.271
45.806
1.469
14.271
14.271
45.806
14.271
14.271
45.806
14.271
14.271
30.371
14.271
14.271
14.271
45.806
14.271
14.271
14.271
30.371
14.271
14.271
14.271
