270.0
270.371
270.0
270.0
270.371
270.371
270.0
270.0
270.371
270.0
270.0
270.0
270.0
270.0
270.0
270.0
270.371
270.0
270.0
270.0
270.0
270.0
270.0
270.0
270.0
270.0
270.0
270.0
270.0
270.0
270.0
270.0
270.0
270.0
270.0
270.0
270.0
270.0
270.0
270.0
270.0
284.858
270.0
270.0
270.0
270.0
270.0
270.0
270.0
284.858
270.0
270.0
270.0
284.858
270.0
270.0
285.806
284.858
270.0
270.0
285.806
284.858
270.0
270.0
285.806
284.858
270.0
270.0
285.806
284.858
270.0
270.0
285.806
285.806
270.0
270.0
285.806
285.806
270.0
270.0
285.806
285.806
270.0
285.806
285.806
270.0
270.0
285.806
270.0
270.0
285.806
285.806
270.0
270.0
285.806
285.806
270.0
270.0
285.806
270.0
