90.0
90.371
90.0
90.0
90.371
90.0
90.0
90.371
90.0
90.0
90.371
90.0
90.0
106.474
90.0
90.0
106.474
90.371
90.0
106.474
90.371
90.0
90.0
106.474
90.371
90.0
90.0
106.474
90.371
90.0
90.0
90.371
90.0
90.0
106.474
90.371
90.0
106.474
90.371
90.0
90.0
106.474
90.371
90.0
90.0
106.474
90.371
90.0
106.474
90.954
90.0
90.387
106.474
90.0
90.387
106.474
90.954
90.0
106.474
90.954
90.0
106.474
106.474
90.0
106.474
106.474
90.954
90.0
106.474
105.806
90.0
90.0
106.474
105.806
90.0
106.474
105.806
90.0
90.0
106.474
90.0
90.0
106.474
105.806
90.0
106.474
105.806
90.0
90.0
106.474
105.806
90.0
90.0
106.474
105.806
90.0
90.0
