285.531
310.01
274.84
274.84
310.01
274.84
274.84
285.531
292.908
270.0
285.531
286.025
290.872
270.0
285.531
286.025
284.395
270.0
285.531
286.025
284.395
293.884
292.908
290.872
270.0
285.531
286.025
290.872
270.0
285.531
284.395
290.872
270.0
285.531
284.395
290.872
270.449
285.531
284.395
290.872
270.449
285.531
284.395
290.872
270.449
293.884
284.395
291.808
270.449
293.884
284.395
291.808
270.449
293.884
284.395
291.808
270.449
293.884
284.395
291.808
270.371
274.84
284.395
293.199
270.371
274.84
284.395
286.025
270.449
274.84
301.516
286.025
270.371
274.84
301.516
293.199
270.371
274.84
301.516
293.199
270.371
274.84
301.516
286.025
285.531
274.84
301.516
277.911
270.371
274.84
301.516
286.025
270.371
274.84
301.516
293.199
289.092
274.84
284.395
277.911
