4.324
20.394
20.394
10.01
4.324
20.394
20.394
10.01
4.324
20.394
10.01
4.324
20.394
20.394
10.01
4.324
20.394
20.394
1.516
4.324
20.394
20.394
4.324
20.394
20.394
1.516
4.324
20.394
1.516
4.324
20.394
20.394
1.516
20.394
20.394
30.449
1.516
20.394
20.394
30.449
1.516
20.394
20.394
30.449
1.516
20.394
20.394
30.449
1.516
20.394
20.394
30.449
1.516
20.394
20.394
30.449
1.516
20.394
20.394
30.449
1.516
20.394
20.394
1.516
20.394
20.394
30.449
1.516
20.394
30.449
1.516
20.394
20.394
30.449
1.516
20.394
20.394
30.449
1.516
20.394
30.449
1.516
20.394
20.394
30.449
20.394
30.449
30.449
1.516
20.394
30.449
30.449
8.296
20.394
30.449
30.449
8.296
20.394
30.449
30.449
