194.875
181.469
194.271
180.0
194.875
196.828
196.828
180.0
194.875
196.828
194.746
180.0
194.875
210.449
194.746
180.0
194.875
194.746
180.0
194.875
210.449
194.746
180.0
194.875
210.449
194.746
180.0
173.643
210.449
193.664
173.643
210.449
194.746
180.0
210.449
194.746
180.0
173.643
210.449
194.746
180.0
173.643
196.828
194.746
180.0
173.643
194.746
193.664
173.643
210.449
194.746
173.643
210.449
194.746
194.271
173.643
194.746
194.271
173.643
210.449
194.746
194.271
173.643
194.746
194.746
194.271
173.643
163.975
194.746
194.271
173.643
163.975
163.975
194.271
173.643
163.975
163.975
194.271
173.643
163.975
194.271
173.643
163.975
163.975
194.271
163.975
163.975
194.271
173.643
172.401
163.975
194.271
173.643
163.975
172.401
193.664
172.401
163.975
193.664
172.401
