90.0
107.823
95.104
104.395
95.104
90.0
95.104
95.104
107.823
95.104
95.908
107.823
95.908
90.387
107.823
90.387
107.823
95.908
95.908
99.128
95.908
90.387
107.823
90.387
107.823
95.908
90.387
107.823
95.908
90.387
99.128
95.908
99.128
95.908
90.387
95.908
90.387
99.128
95.908
90.387
107.823
95.908
90.387
99.128
95.908
90.387
99.128
95.908
105.806
99.128
95.908
90.371
99.128
105.806
99.128
90.387
105.806
107.823
95.908
105.806
99.128
105.531
105.806
97.911
105.531
105.806
106.025
105.531
105.806
106.025
90.371
105.806
106.025
90.371
105.806
