109.092
99.128
105.806
91.174
109.092
99.128
105.806
91.174
99.128
105.806
120.0
109.092
99.128
105.806
91.174
109.092
99.128
105.806
91.174
109.092
99.128
106.474
91.174
109.092
99.128
106.474
90.449
109.092
99.128
106.474
90.449
109.092
99.128
106.474
90.449
109.092
99.128
106.474
90.449
109.092
99.128
106.474
90.449
109.092
99.128
106.474
90.449
109.092
99.128
106.474
90.449
109.092
99.128
105.806
90.449
109.092
105.806
90.449
109.092
99.128
106.474
99.128
99.128
106.474
109.092
109.092
99.128
106.474
109.092
99.128
99.128
106.474
109.092
99.128
106.474
109.092
99.128
99.128
109.092
99.128
99.128
106.474
109.092
99.128
99.128
106.474
109.092
99.128
99.128
106.474
109.092
99.128
99.128
106.474
109.092
99.128
99.128
106.474
109.092
99.128
