14.271
20.394
14.271
16.828
14.271
20.394
16.828
14.271
20.394
14.271
16.828
20.394
14.271
14.746
14.271
20.394
14.271
14.746
14.271
20.394
14.746
14.746
14.271
14.271
14.746
14.271
20.394
14.746
14.271
20.394
14.746
14.746
13.664
20.394
14.746
14.746
13.664
20.394
14.746
14.746
20.394
14.746
14.746
13.664
20.394
14.746
13.664
20.394
14.746
14.746
20.394
14.746
14.746
13.664
20.394
14.746
343.975
13.664
20.394
14.746
343.975
13.664
20.394
14.746
343.975
13.664
20.394
14.746
343.975
13.664
20.394
14.746
343.975
13.664
343.975
343.975
13.664
30.449
343.975
13.664
30.449
0.0
343.975
13.664
21.687
0.0
343.975
13.664
21.687
0.0
1.469
21.687
0.0
1.469
13.664
21.687
0.0
13.664
21.687
1.469
