270.0
270.449
285.806
289.092
285.806
270.0
289.092
285.806
270.0
289.092
285.806
270.0
285.806
270.0
289.092
284.858
270.0
289.092
284.858
270.449
289.092
284.858
270.449
289.092
284.858
289.092
284.858
270.449
289.092
270.449
289.092
284.858
289.092
284.858
270.449
289.092
270.449
289.092
270.0
289.092
289.092
270.0
289.092
289.092
270.0
289.092
279.128
270.0
289.092
279.128
270.0
289.092
279.128
270.0
289.092
270.0
270.0
289.092
270.0
279.128
270.0
287.823
279.128
270.0
287.823
279.128
270.0
279.128
270.0
284.858
270.0
284.858
270.0
270.0
