164.858
167.374
194.271
194.271
164.858
167.374
193.664
194.271
164.858
167.374
193.664
164.858
167.374
193.664
193.664
181.469
167.374
193.664
193.664
181.469
167.374
193.664
194.746
167.374
193.664
194.746
181.469
167.374
194.746
181.469
167.374
194.746
194.746
181.469
167.374
194.746
194.746
181.469
167.374
194.746
165.355
167.374
194.746
194.746
183.131
194.746
194.746
183.131
167.374
194.746
183.131
167.374
194.746
194.746
183.131
167.374
194.746
194.746
183.131
182.375
194.746
194.746
183.131
182.375
194.746
194.746
183.131
182.375
194.746
163.975
183.131
182.375
194.746
163.975
196.828
182.375
194.746
163.975
196.828
182.375
180.0
163.975
196.828
182.375
180.0
163.975
182.375
180.0
163.975
164.858
184.223
180.0
180.0
196.828
184.223
180.0
180.0
164.858
180.0
180.0
