1.469
14.271
343.975
1.469
0.0
1.469
0.0
14.271
14.746
0.0
14.271
0.0
343.975
0.0
14.271
14.271
343.975
0.0
14.271
14.271
343.975
0.0
14.271
14.746
343.975
0.0
14.271
14.746
0.0
0.0
343.975
0.0
0.0
14.271
343.975
0.0
0.0
343.975
0.0
0.0
14.271
0.0
0.0
0.0
14.271
0.0
0.0
0.0
14.271
0.0
0.0
1.469
0.0
1.469
1.469
14.271
0.0
1.469
1.469
14.271
0.0
1.469
1.469
14.271
1.469
14.271
14.271
0.0
14.271
0.0
0.0
14.271
14.271
345.463
14.271
14.271
345.463
1.469
1.469
1.469
345.463
1.469
14.271
14.271
345.463
1.469
14.271
0.0
1.469
0.0
0.0
0.0
1.469
14.271
14.271
0.0
1.469
14.271
0.0
14.271
