194.271
180.0
180.0
180.0
194.271
180.0
180.0
180.0
194.271
180.0
180.0
180.0
180.0
180.0
180.0
194.271
180.0
180.0
181.469
194.271
180.0
180.0
194.271
194.271
180.0
180.0
194.271
180.0
181.469
194.271
196.828
180.0
194.271
194.746
180.0
180.0
180.0
194.746
180.0
194.271
194.271
194.746
180.0
194.271
194.746
180.0
194.271
180.0
180.0
180.0
194.271
194.746
180.0
194.271
194.271
194.746
180.0
194.271
180.0
180.0
181.469
194.271
194.746
181.469
180.0
194.271
181.469
194.271
180.0
194.746
181.469
180.0
194.746
181.469
180.0
193.664
180.0
180.0
193.664
180.0
180.0
180.0
180.0
180.0
180.0
180.0
194.746
180.0
180.0
180.0
180.0
194.746
180.0
180.0
180.0
193.664
180.0
194.746
180.0
