270.0
284.858
285.806
270.0
270.0
285.806
270.371
270.0
270.0
270.0
270.0
270.0
285.806
270.0
270.0
270.0
285.806
270.0
270.0
270.0
285.806
270.0
270.0
270.387
285.806
270.0
270.0
270.387
285.806
270.0
270.0
270.387
285.806
270.998
286.474
285.806
270.0
270.387
285.806
270.0
270.387
286.474
285.806
270.0
286.474
286.474
285.806
270.0
286.474
286.474
285.806
270.0
286.474
286.474
285.806
270.0
286.474
286.474
285.806
270.0
286.474
286.474
285.806
270.0
286.474
285.806
270.371
270.998
286.474
285.806
270.371
270.998
286.474
285.806
270.998
286.474
285.806
270.0
270.998
285.806
270.0
270.998
285.806
285.806
270.0
270.998
285.806
270.371
270.0
270.998
270.371
270.0
270.998
270.371
270.371
270.0
270.371
270.371
270.0
290.062
