106.474
105.806
155.997
90.387
105.806
8.575
90.387
106.474
105.806
8.575
90.387
106.474
105.806
8.575
106.474
106.474
347.199
106.474
106.474
105.806
8.575
106.474
105.806
8.575
106.474
106.474
105.806
8.575
106.474
105.806
90.371
8.575
106.474
105.806
90.371
24.003
106.474
105.806
347.199
106.474
105.806
90.371
24.003
105.806
90.371
24.003
105.806
105.806
90.371
24.003
105.806
105.806
90.371
24.003
105.806
90.371
90.371
135.0
105.806
90.371
90.371
135.0
90.371
90.371
90.371
114.003
90.371
90.371
114.003
90.371
90.371
90.371
90.371
90.371
90.371
114.003
90.371
90.371
90.371
114.003
90.371
90.371
90.371
114.003
90.371
90.371
90.371
114.003
90.371
90.371
90.0
114.003
90.371
90.371
90.0
114.003
90.371
90.0
114.003
90.371
