13.664
352.679
0.0
0.0
13.664
0.0
0.0
13.664
0.0
0.0
0.0
13.664
0.0
0.0
0.0
13.664
12.626
0.0
0.0
13.664
0.0
0.0
0.0
0.0
0.0
0.0
14.271
0.0
0.0
13.664
0.0
0.0
0.0
14.271
1.516
0.0
13.664
14.271
1.516
0.0
14.271
1.516
0.0
13.664
14.271
0.0
13.664
14.271
14.746
0.0
30.387
14.746
0.0
14.271
30.387
14.271
14.271
30.387
14.746
13.664
14.271
30.387
14.746
14.271
14.271
30.387
14.746
14.271
14.271
30.371
14.746
14.271
14.271
30.371
14.271
14.271
16.025
344.395
14.271
14.271
16.025
344.395
14.271
14.271
344.395
14.271
14.271
16.025
344.395
14.271
14.271
16.025
344.395
14.271
14.271
45.806
344.395
14.271
14.271
30.371
