270.0
270.0
285.806
270.0
270.449
285.806
270.0
289.092
284.858
270.0
289.092
284.858
270.0
289.092
284.858
287.823
289.092
284.858
289.092
289.092
284.858
289.092
289.092
284.858
289.092
289.092
285.463
289.092
289.092
285.463
289.092
289.092
314.271
289.092
289.092
314.271
289.092
289.092
314.271
289.092
289.092
314.271
289.092
314.271
289.092
285.806
289.092
285.806
316.828
289.092
289.092
316.828
289.092
285.806
285.463
289.092
270.371
285.463
289.092
285.463
289.092
285.806
286.025
279.128
285.806
286.025
279.128
285.806
286.025
270.0
289.092
286.025
270.0
289.092
286.025
