93.653
90.449
109.092
105.806
93.653
109.092
105.806
93.653
81.687
105.806
109.092
75.107
75.605
105.806
105.806
75.107
90.954
109.092
105.806
74.271
99.128
105.806
105.806
74.271
99.128
109.092
105.806
74.271
99.128
105.806
105.806
90.371
90.954
105.806
105.806
61.304
90.954
109.092
105.806
61.304
99.128
90.371
61.304
90.954
109.092
105.806
90.954
109.092
90.371
61.304
90.954
90.371
63.036
90.954
109.092
90.371
63.036
90.954
109.092
90.0
63.036
90.954
109.092
77.0
90.954
109.092
90.0
61.469
109.092
90.0
61.469
90.954
109.092
77.0
82.888
109.092
90.0
77.0
82.888
109.092
90.0
77.0
82.888
109.092
90.0
82.888
109.092
90.0
77.0
82.888
90.0
77.0
82.888
99.128
90.0
77.0
82.888
99.128
90.0
77.0
