163.975
180.0
194.271
194.271
164.858
180.0
194.271
194.746
164.858
180.0
194.271
196.828
181.516
194.271
194.746
164.858
181.516
196.828
164.858
181.516
194.271
194.746
165.355
181.516
194.271
194.746
165.355
181.516
194.271
194.746
165.355
181.516
194.271
194.746
183.131
181.516
194.271
194.746
183.131
183.131
194.746
194.746
183.131
183.131
194.746
194.746
183.131
183.131
194.746
194.746
183.131
183.131
194.746
165.355
183.131
194.746
194.746
183.131
194.746
194.746
183.131
183.131
194.746
194.746
183.131
183.131
194.746
194.746
183.131
183.131
194.746
183.131
183.131
194.746
194.746
183.131
194.746
194.746
165.355
183.131
194.746
194.746
165.355
183.131
194.746
194.746
164.858
183.131
194.746
194.746
164.858
165.355
194.746
194.746
164.858
165.355
194.746
163.975
164.858
163.975
