90.449
109.092
90.449
109.092
105.806
109.092
105.806
90.449
109.092
105.806
90.449
109.092
105.806
90.449
105.806
90.449
109.092
106.474
90.449
109.092
106.474
90.449
109.092
90.449
109.092
106.474
90.449
109.092
106.474
90.449
105.806
90.449
109.092
105.806
90.449
109.092
105.806
90.449
109.092
90.449
109.092
105.806
109.092
106.474
90.449
109.092
106.474
90.449
109.092
106.474
90.449
109.092
105.806
90.449
109.092
106.474
90.449
109.092
106.474
90.449
109.092
106.474
90.449
109.092
106.474
90.449
109.092
106.474
90.449
106.474
90.449
109.092
106.474
