163.975
180.0
200.394
180.0
180.0
194.271
163.975
180.0
194.271
163.975
180.0
194.271
163.975
180.0
194.271
163.975
180.0
194.271
163.975
180.0
194.271
180.0
180.0
194.271
163.975
180.0
194.271
163.975
180.0
194.271
180.0
194.271
180.0
180.0
194.271
180.0
180.0
194.271
180.0
194.271
180.0
180.0
194.271
163.975
180.0
194.271
180.0
194.271
180.0
180.0
194.271
180.0
180.0
194.271
180.0
180.0
194.271
180.0
180.0
194.271
180.0
180.0
194.271
180.0
180.0
194.271
180.0
180.0
194.271
180.0
180.0
194.271
180.0
180.0
180.0
