279.128
270.371
285.806
279.128
270.371
284.858
150.0
279.128
279.128
150.0
279.128
279.128
284.858
279.128
279.128
284.858
279.128
279.128
284.858
279.128
279.128
284.858
279.128
284.858
279.128
279.128
285.806
279.128
279.128
285.806
279.128
279.128
285.806
279.128
279.128
285.806
279.128
279.128
285.806
279.128
279.128
279.128
279.128
285.806
270.0
285.806
279.128
279.128
285.806
279.128
279.128
285.806
279.128
279.128
285.806
279.128
279.128
285.806
279.128
270.0
285.806
279.128
285.806
279.128
270.0
285.806
270.0
270.0
285.806
279.128
270.0
285.806
279.128
270.0
285.806
279.128
270.0
285.806
