4.223
343.975
343.975
17.43
4.223
0.0
343.975
17.43
4.223
343.975
343.975
16.728
4.223
343.975
343.975
4.223
338.313
343.975
345.463
4.223
0.0
345.463
4.223
338.313
343.975
345.463
4.223
343.975
0.0
345.463
4.223
343.975
0.0
4.223
343.975
0.0
0.0
0.0
0.0
0.0
4.223
0.0
0.0
0.0
4.223
357.597
343.975
345.463
4.223
0.0
345.463
4.223
0.0
0.0
4.223
357.597
0.0
0.0
4.223
0.0
0.0
4.223
0.0
0.0
1.304
4.223
0.0
0.0
0.0
4.223
0.0
0.0
4.223
0.0
0.0
1.304
0.0
0.0
0.0
4.223
0.0
0.0
1.304
4.223
0.0
0.0
1.304
4.223
0.0
0.0
1.304
4.223
0.0
0.0
1.304
338.313
0.0
0.0
1.304
338.313
