105.806
105.806
90.0
105.806
105.806
105.806
90.0
105.806
105.806
105.806
90.0
105.806
105.806
105.806
90.0
105.806
105.806
105.806
90.0
105.806
105.806
90.0
105.806
105.806
90.0
105.806
105.806
105.806
90.0
105.806
105.806
105.806
90.0
105.806
105.806
105.806
90.0
105.806
105.806
105.806
90.0
105.806
105.806
105.806
90.0
105.806
105.806
105.806
105.806
105.806
105.806
90.0
105.806
90.371
90.0
105.806
105.806
90.371
105.806
105.806
90.371
90.954
105.806
105.806
90.371
90.954
105.806
105.806
90.371
90.954
105.806
90.371
90.954
105.806
105.806
90.954
105.806
105.806
90.371
90.954
105.806
90.371
90.954
105.806
105.806
90.0
90.371
105.806
105.806
90.0
90.371
105.806
90.0
90.371
105.806
90.371
90.0
105.806
90.371
90.0
