203.936
180.0
180.0
180.0
163.0
180.0
180.0
180.0
163.0
180.0
180.0
180.0
163.0
180.0
180.0
180.0
181.304
180.0
180.0
30.0
180.0
180.0
180.0
181.304
180.0
180.0
30.0
180.0
180.0
193.664
180.0
180.0
180.0
193.664
180.0
180.0
193.664
180.0
180.0
180.0
193.664
180.0
180.0
180.0
194.271
180.0
180.0
180.0
194.271
180.0
180.0
180.0
194.271
180.0
180.0
180.0
194.271
180.0
180.0
193.664
194.271
180.0
180.0
193.664
194.271
180.0
180.0
194.271
180.0
180.0
194.271
194.271
180.0
180.0
194.271
194.271
180.0
194.271
194.271
180.0
180.0
194.271
194.271
180.0
180.0
194.271
194.271
180.0
180.0
194.271
180.0
180.0
194.271
194.271
180.0
194.271
193.664
180.0
180.0
194.271
