285.806
285.806
270.0
270.954
285.806
285.806
270.0
270.954
285.806
285.806
270.0
270.954
285.806
285.806
270.0
270.954
285.806
270.371
270.0
270.954
285.806
270.371
270.0
270.371
285.806
270.371
270.0
285.806
285.806
270.371
270.0
285.806
270.371
270.371
270.0
285.806
270.371
270.371
270.0
285.806
270.371
270.371
270.0
285.806
270.371
270.371
270.0
285.806
270.371
270.0
285.806
270.371
270.371
270.0
270.371
270.371
270.0
285.806
270.371
270.371
270.0
285.806
270.371
270.371
270.0
285.806
270.0
270.0
285.806
270.371
270.0
285.806
270.371
270.0
270.0
285.806
270.371
270.0
270.0
285.806
270.371
270.0
270.0
285.806
270.0
270.0
270.0
285.806
270.0
270.0
270.0
285.806
270.0
270.0
270.0
285.806
270.0
270.0
270.0
285.806
