124 116 26 57.226955310618806 16
174 168 245 73.78256956244172 20
142 46 223 54.01932835454073 16
124 116 26 57.57224728276911 14
223 220 139 84.25149082555531 20
174 168 245 42.786873641158934 19
174 168 245 41.673439560512826 19
174 168 245 41.56827311243768 19
174 168 245 42.98504174446315 19
174 168 245 41.61185336727595 19
174 168 245 41.64899012310541 19
174 168 245 42.661035554279835 19
174 168 245 36.19423937063667 16
204 50 26 79.94381782229036 12
246 105 144 53.340678390524204 7
163 165 76 38.62070648472346 49
220 182 38 29.716611643385697 18
24 132 122 404.8095139435094 20
99 18 125 290.2744638894697 28
101 27 93 33.844226698965294 11
25 168 49 283.49109995293196 14
107 220 25 392.40096494825366 12
46 43 99 197.94657742455848 12
23 132 162 7.025616983177783 69
236 116 227 27.57931666076965 45
103 220 211 44.44198809586801 25
80 216 35 369.4787070882196 15
206 226 44 147.7290538130059 15
214 261 86 57.69591346613226 33
77 132 205 11.266444564330998 28
25 112 18 171.95492476176378 30
192 77 182 266.27820375598054 33
254 223 115 186.65073853704325 26
4 93 141 45.044580623721984 29
174 168 245 77.81155245801777 31
174 168 245 76.14385142364097 31
174 168 245 48.387803065068994 26
139 32 28 56.914856429937565 25
141 182 171 49.375431791322924 23
173 181 249 201.2601663590812 32
85 156 50 30.80409577234752 187
213 98 150 358.42897176229906 43
198 250 218 352.0445414189602 38
174 168 245 65.27278579238934 33
174 168 245 94.56086636124151 49
174 168 245 27.306485015294125 32
174 168 245 42.95758025624882 32
174 168 245 40.7784704711131 50
174 168 245 125.85485324829335 54
174 168 245 11.250949541014188 36
174 168 245 4.147668892481333 62
174 168 245 4.544900861941114 35
174 168 245 4.300102289166077 26
174 168 245 17.112821819613025 48
174 168 245 29.66080474980175 92
174 168 245 5.815863327233251 42
174 168 245 10.618015174982732 30
174 168 245 3.38570941234821 31
244 250 152 61.43144440975959 19
244 250 152 43.599515519647596 20
226 125 92 325.0274849696556 19
226 125 92 378.9477523351044 20
259 230 86 16.144498166000005 21
261 256 40 74.74362176043353 30
261 256 40 65.52033501497306 31
204 112 150 82.79311643201055 16
187 110 119 4.980364677828874 12
82 241 126 12.293241092577325 22
30 181 253 52.77323310313204 13
130 226 233 28.175506672806694 16
130 226 233 26.326124714508552 17
171 157 146 145.85685689573924 26
118 18 117 51.46101739347886 18
