158 164 245 140 192 74 5.722334543683312 12
116 71 18 123 25 196 38.18763667160613 17
142 46 223 118 165 129 39.85302879920523 14
142 46 223 118 170 129 55.92791572771829 14
116 124 40 195 4 71 43.2235323138227 11
158 164 245 140 192 237 32.13833315651266 9

158 164 245 140 192 74 6.013380900569382 20
158 164 245 140 192 74 5.881198084526293 12
116 71 18 123 25 196 40.676455283278095 21
116 124 40 195 4 71 36.10693677706853 33
59 170 108 48 154 164 225.2826430862903 45
83 7 177 40 84 199 273.3718532322513 83
8 183 119 206 36 146 137.19705279896283 30
86 74 147 88 136 172 111.01297358856641 24
164 45 79 223 90 144 117.80404488972168 11
