73.30355901800323
35.31942154766324
18.784301956687134
15.153699725961822
54.540286551712
121.48440862292387
29.681644159311663
1.8357559750685821
19.4164878389476
110.07807146830753
133.40193747872226
111.1716015896146
70.087247215326
44.752793208916025
92.42113755341181
132.88233248146378
109.63861089962788
38.94868418830089
43.80410939626555
4.720169488482378
132.0842534142507
69.69887612675926
26.08926982496827
9.917516970348116
70.00190473599034
26.052830940226055
107.54688899886101
12.198872898755852
26.721714016881474
101.86666864984925
108.72940417997947
14.156623891309678
18.676817968052394
123.18042322815208
107.06831931061588
70.17012294307425
46.04707735929973
72.53816729340295
23.982365316078525
9.169696468985947
66.2216920653648
69.67228482493792
20.09975124224178
52.19051637989415
71.06452467065874
73.21247616811404
67.9531088324883
20.672042311618203
63.55942101687208
16.659998666133067
15.67457519974011
103.90173929521791
1.8439088914585775
19.712178976460216
98.60636027008748
27.01322427468231
33.34880593278952
29.916216338300536
39.68400181433319
153.13102595852712
2.1213203435596424
144.04358908176218
25.806975801127884
8.786353054595518
107.12476037646147
97.99872448149516
3.104834939252005
34.54070062983668
66.1351430243947
13.329666162361306
63.27547482465631
41.39645717530266
8.570297544426332
83.58767851782942
119.37488695853763
109.89540481748998
19.787762772874437
63.90329865466546
68.01470429252781
111.90770006274516
42.58368232081392
44.42004052226878
33.76166465090251
38.10309900580468
17.106807333423063
11.382514829141073
7.128113354878695
20.722252886833576
14.17391971192161
39.77880014752168
45.26726190084839
50.474887674112615
14.870272357963053
105.0898663049868
85.8899489657162
78.19543666857723
73.09867759861778
45.839183775791305
53.412233305364296
4.17612260356422
36.20543237324108
8.003675626198989
28.53546437808096
