56.302753041036986
8.744746321952062
2.6726124191242437
54.25518408410389
3.1622776601683795
5.18927465341462
2.8003759146153744
50.58296515267135
11.869662543176572
6.5370737592085755
0.8770580193070293
8.333333333333334
11.652005439804375
3.0413812651491097
68.76083646654502
4.176654695380556
20.07825599090627
8.978811035936085
12.374705383698366
9.085068053595501
84.83758993905158
75.32354455040179
2.840187787218772
33.22850182198008
4.45896321370523
117.21544923115528
9.80221063502174
15.57134119678413
48.35525585942825
12.093386622447824
74.51230323465604
8.022290374770964
12.064928512013655
3.474396144861517
10.785793124908958
52.94284129553726
116.73527744430987
0.9534625892455924
23.40939982143925
6.8452277432633934
38.045086035236814
1.889822365046136
34.295286362219905
2.2803508501982757
46.09772228646444
6.041522986797287
5.191085476184401
13.329166015421471
4.861724348043977
2.129162589689508
64.00300473715758
46.53560464848394
0.48507125007266594
7.778174593052022
1.6035674514745464
6.377042156569663
8.627199512505284
38.951251584512654
51.363710625603844
17.111399708965948
5.428320796219276
34.250210555220285
4.754860213736458
40.54626986542659
0.22941573387056177
42.69827698096092
19.72308292331602
28.031728055504853
13.135655847556853
0.5129891760425771
7.096734204099543
95.17029271461034
3.6817870057290865
6.411794687223781
56.75326715999118
9.341475145539748
3.351233986275687
4.364932024550597
8.447700063546074
0.8451542547285166
17.523198908875056
42.11605281554653
1.3627702877384937
3.2513733362117265
19.511901130189383
8.707037383633999
5.530663187549721
9.513148795220223
6.99489609848291
8.981462390204987
15.023315213360863
9.283882603225669
22.507776433935007
11.64351444244514
2.988071523335984
8.086075400626399
1.4142135623730951
3.5835883222208844
11.438239957848992
21.33697885518629
