1.8942637868358376
60.255935622789714
5.334280218974763
7.892863694331563
8.73212459828649
3.4041497167600676
4.291464396527911
2.6575364531836625
1.346291201783626
0.7669649888473704
16.766782637107216
20.124611797498105
4.566962103755937
3.883726732577015
20.923139768633618
0.6488856845230502
0.8416254115301731
3.2058973436118907
37.5556729593356
5.115336417740935
2.19848432637882
1.0327955589886444
5.453149741687198
1.750283423760867
4.494441010848846
1.335143698502964
1.9235384061671346
3.39934634239519
6.010407640085654
2.581988897471611
0.6488856845230502
1.1319231422671772
1.6543403837370223
5.735393346764043
2.4608038433722337
8.690324454842568
7.5432088662584444
2.731581677625339
6.107372593840989
8.78836128738726
7.458978726096733
3.469443332443555
0.0
6.488856845230502
14.552137502179978
1.9611613513818404
1.4392458342578487
2.2638462845343543
7.905694150420949
8.488382153210786
4.235702594681104
6.524678426668135
3.226312277057339
0.816496580927726
2.564945880212885
1.8257418583505536
3.509385911193611
2.4374528653059606
20.615528128088304
4.743416490252569
40.26474885057648
3.647970985039808
14.222261679238198
3.7957090783419387
0.0
1.6172150801252798
1.7194539072421904
3.2882366094914763
7.786205751198718
7.810249675906654
8.96022958889527
1.5811388300841898
1.8496087779795347
6.108002317263175
10.966223803850122
4.437601569801833
1.7828548534783835
4.955356249106169
3.026549190084311
4.972144630058766
4.366062299143245
4.560701700396552
6.3120603025603215
0.7669649888473704
4.384315479321969
6.132789830991366
1.414213562373095
3.6380343755449944
1.6457014715109581
1.8881783261398666
4.994441354590566
6.851601597031489
7.520342781785652
1.2909944487358056
6.4031242374328485
3.4470788997608497
2.202271554554524
1.122884484360431
8.894810119323715
4.389381125701739
9.723448696087955
0.8997354108424372
1.632993161855452
1.505545305418162
