3.2988411512494005
2.0
4.564354645876385
1.1858541225631423
2.3717082451262845
4.2144874850810465
18.439088914585774
2.2870874995874626
1.0846522890932808
9.718253158075502
3.437758254761643
1.941450686788302
6.37377439199098
17.580981459830653
0.9733285267845752
5.600751829230749
11.699002806507343
2.557668208870468
66.8889004245099
121.03718436910204
4.737556801183965
2.0863703354080236
5.061526214398936
4.697073557013984
2.5649458802128855
3.812260921465546
7.8993670632526
10.295630140987
20.91411006952005
22.104646222352997
1.6269784336399213
17.828548534783835
3.007237646224449
0.5270462766947299
8.681223206647573
4.350697809383161
2.042407542932745
7.58093584165531
23.029625189386746
3.8078865529319543
15.705625319186328
10.408329997330663
4.454447806761001
10.440306508910549
2.327373340628157
1.3601470508735443
23.41206953688631
12.979004023982174
3.068658773253661
12.041594578792296
6.713934992009014
1.1766968108291043
10.137937550497034
16.80773631397161
4.551294949163998
5.2068331172711035
3.3333333333333335
14.8411882800946
1.7029386365926402
2.7186953392806057
3.696845502136472
4.5924839782963955
17.793959649274246
1.087114613009218
4.723101979387308
7.355270219373318
3.0678599553894816
2.4053511772118195
2.6276913640612176
25.247662157998796
1.2909944487358056
15.233890789008191
6.935416353759881
8.814324006542288
1.965613482767241
5.7008771254956905
1.6049166881048922
4.908249086070214
12.224747213928167
3.007237646224449
0.727606875108999
0.9309493362512627
6.03498571925228
8.289408043659433
8.11524139241359
4.8666426339228765
12.456076675817558
6.960929927426756
5.669467095138408
5.929067899244042
6.158171556807826
66.63942151609662
14.401388821915754
2.886751345948129
69.97207235098092
42.609858014314014
3.4488747211380795
5.324747991827462
5.717718748968656
43.2134238402837
