30.84623153644542
42.89781139198388
53.1249552429479
127.95415845788938
23.70590004555189
59.77562212139661
13.609188072769072
63.53389296710501
9.156754547663374
119.6712759425347
31.245332984836846
134.06631858068522
121.44571832716046
41.87950402216885
60.287643841835454
176.60807389444537
36.589937543152004
131.00381673829202
108.2020901262647
20.000862050387244
74.56780232015117
16.669999666733318
76.26132357679225
94.21939353257937
66.71423741364515
62.76595587889429
54.69164900227671
38.02690435133334
37.77843300085381
56.5272795500839
19.684172999307503
104.5541127837638
51.11840088550217
106.23088063270491
40.69129206599368
8.252945602093298
148.87074930959406
41.08679836638528
66.99473201414466
52.07773909350241
67.81684893888834
152.38050459890917
24.25633937757303
108.79725228728508
33.69810825550894
15.644140450494
58.07283827620745
79.27273596052218
149.80138365667568
50.07124923546446
97.30903153894616
55.47071299343465
52.8462392228624
44.06434688800762
64.39785193104917
36.75504500518716
26.689573494781317
7.198008110214726
80.97302994792382
106.78162664744194
94.56819157170585
81.87939480795914
157.25351082461296
84.6489482772494
55.80712125355237
96.13532129243653
81.01954496704278
33.80181208160296
42.34808142053191
9.703951085339757
119.53630649902385
129.24782396620841
82.39007828616259
77.90714864198155
5.596264988202562
13.839556832981804
9.150591966279194
130.12493996156155
24.652398275639246
89.20201791439473
116.87400623463428
63.43732432603899
10.606601717798211
56.33900365939509
27.35415873317986
108.09152500440437
23.566925976885486
7.323933369440222
53.46026561849464
11.957006314291217
61.69794456573382
113.98746798285704
37.2946759892462
123.22364491714512
56.15825852000754
101.32315111750597
99.60973847972897
38.75693486332479
48.209686921234805
106.67930297958704
