7.877182237323191
12.219656296312102
99.94145344974257
107.42594348356143
164.9415480881463
135.61966047624625
30.32655601943617
69.56394796978431
15.432433379088343
130.52713638678102
4.729693436154187
94.69635684650176
35.58791929854849
120.10144521552247
95.6045924380105
10.003124511871277
13.870278129317212
123.6747934926699
111.17694230369892
54.52718849999774
58.95431376168423
20.495336628838565
46.30999227613177
135.44870963274795
42.000744041028604
9.045340337332908
37.673839488671476
101.68805996016218
43.23251091481965
64.15160614847122
22.400892839349062
96.40366521386346
11.636866703140786
140.24858882237163
14.497648712181508
6.675327707311455
112.95602020255494
45.77390086064329
111.76463364290753
28.056015397771652
71.50349641800742
4.675467891024383
84.07189383696155
46.02129941668314
131.77000164427918
8.990735972840785
5.295280917949491
129.15752655833367
84.60851021026195
105.52029820529002
2.1840329667841556
13.91402170474087
56.05949220842682
14.582523787054146
3.3734255586866007
3.383784863137726
117.65473370687796
128.17836130834374
10.119288512538814
101.86081189544878
74.78710524623287
4.751841748206689
121.20566199645955
10.04987562112089
117.84608606143863
30.36225727225607
68.1227882996159
14.36043948569201
14.958918101561714
101.54724075652257
3.046309242345563
16.28557644051938
34.785054261852174
11.108555261599054
28.925421345245777
65.21460299997574
11.778511507543444
7.424957912338629
5.755432216610669
19.601288894248498
127.81725235663612
6.4871668186761875
91.4213166764576
57.37692141541851
39.600505047284436
85.19047286326486
101.09021104553482
20.23722941870884
19.75854245636555
48.7188496969035
21.402232489989345
3.696845502136472
72.58443359288546
39.07684736515984
67.57697136468555
96.40746859035352
10.981267472114393
119.68905793026903
6.040695324215583
30.804684244909435
