7.970779970199486
13.25779886592155
3.3058389901160385
2.3687784005919825
133.89276577647027
7.234178138070235
7.1660966485577475
2.3380903889000244
2.23606797749979
3.511884584284246
1.4337208778404378
8.812869377601523
2.9011491975882024
0.816496580927726
5.355764233637977
7.158910531638176
8.325124161698268
4.199567077254944
13.206504636196604
5.18927465341462
5.043290851090749
5.853773711604051
8.161824833662177
5.477225575051661
4.96655480858378
12.754084313139328
4.339738855430513
7.11637949682682
3.8172540616821107
6.851601597031488
19.324710720847662
5.2345009313209605
5.608029957123981
2.0873770280289223
3.2462996686167993
11.086437250491741
67.14412359494563
0.9636241116594315
0.9128709291752768
2.850438562747845
8.005206639015219
10.716031603785673
103.01792226448904
4.177319714841085
7.021943627493196
8.32666399786453
11.279441761524055
1.459992790176863
2.462214450449026
6.425048637948199
9.69067030236252
4.419653078391259
5.273755777432247
6.377042156569663
1.3038404810405297
13.59738536958076
4.412899750790438
0.8944271909999159
12.651745597610894
3.721042037676254
4.5069390943299865
5.408326913195984
14.35705401536123
1.1359236684941296
4.743416490252569
7.130648907789097
0.6741998624632421
5.7008771254956905
0.816496580927726
6.09449400220044
6.207522318391883
2.3048861143232218
72.09085177115685
1.118033988749895
8.0156097709407
6.458659745975608
1.5206906325745548
6.5370737592085755
4.110960958218893
8.770580193070291
1.4719601443879746
4.328202090167848
91.37584721656734
4.2972859651955515
2.305599590927317
10.179636535751166
42.52478269029888
11.905328307327906
3.5355339059327378
7.023769168568492
2.7136021011998723
2.6859422395661663
1.7029386365926402
13.521587677981213
51.76664673596035
3.2058973436118907
3.565709706956767
2.9814239699997196
5.18927465341462
6.8298652126912005