4.114608122288197
21.01487568366751
21.345959805077868
73.21960878829599
43.96020928066653
16.87865186822955
54.299737922586125
44.56231591827337
26.13339904135215
63.11972750258036
66.49006370450077
16.766782637107216
12.382171934607507
112.00211464169114
47.400773552056435
55.329180201934875
10.268614533832908
11.027410103233924
86.18791761527334
14.488239745017022
41.8857573247359
29.813307990448383
23.90001101078804
155.4480978047371
35.60005107248635
55.39404300103036
82.77565779750424
115.04129693288407
93.26957856511568
23.87789450839094
36.48561360317242
11.40175425099138
8.823669466675577
22.208106627986098
9.82344135219425
109.91006424446408
21.555102620483897
83.76902768923607
68.28954194063347
75.06421493385757
32.00344948940316
11.60459679035281
45.42315662627089
24.72674189427071
56.485315871391826
50.27486946775695
8.017342313870461
9.243616415908031
23.46467364126143
23.118424220987436
14.276203977248294
67.6658456436234
45.30888143446167
86.54113716061646
2.53546276418555
64.00367636499715
51.7987558838155
89.36655387996647
88.70425268522611
27.060118255469618
56.4554185682321
67.19176536848346
14.518590623204808
43.5069780938316
59.33445428070213
76.81178295027398
25.14126753633025
2.041241452319315
119.69351887858616
71.06271238074923
23.74973684064731
62.11740036874876
34.087143226344644
6.004384363025686
11.022703842524301
39.623751294730624
100.82548178797748
134.0579476694065
33.002424153386066
80.48533337750978
85.93957825769866
19.62065238466856
65.82792560512357
64.19501538281614
136.0588108135596
130.56520488733867
130.43676628926372
57.32756753953546
105.05831713862543
41.048751503547585
86.40833293149453
123.95541313086913
56.647233744544764
87.93925460225371
42.61520333819323
114.57519884545778
37.73813279253051
17.270574028466086
13.905394636614957
12.062338081814818
