5.072803301265813
1.7994708216848745
0.9428090415820634
2.5194892512087685
7.378647873726218
2.850438562747845
6.946221994724902
2.309401076758503
5.161671932897048
18.598631425701484
1.1338934190276817
6.622962808565089
8.438855711190095
0.6405126152203485
9.433981132056603
10.3144120905747
7.960127911260997
1.0660035817780522
10.409785606036099
5.196152422706632
2.5108460379097233
0.9534625892455924
11.782755761422424
1.1766968108291043
2.988071523335984
4.269341017917488
1.6263951827039393
10.443299287102711
1.7320508075688774
3.2716515254078797
17.048460341039597
1.1624763874381927
5.1478150704935
1.7950549357115013
2.077447826946374
7.960127911260997
5.296473504035243
1.2431631210161223
2.203892660077359
2.275647474581999
1.8027756377319946
8.409950815984166
0.8017837257372732
5.201214433086505
5.144957554275265
1.5811388300841898
5.021382848806264
7.6212422434491165
6.184658438426491
2.4267032964268394
1.0660035817780522
0.4767312946227962
6.168468205316454
1.5339299776947408
7.115124735378854
1.243163121016122
5.368256869616228
23.917751222249382
12.750350135248388
3.7975061068520946
4.714951667914447
3.19005808540147
5.520711989369235
7.3006848993775915
1.6007810593582121
4.368447474027053
10.29023269362209
3.0315798175994293
8.020806277010644
1.1019463300386796
0.8876253645985945
7.050239879106325
7.234178138070234
0.6741998624632421
2.1547290184283368
1.2041594578792296
5.669467095138408
5.879747322073336
1.5811388300841898
1.6499158227686108
2.0632844828435215
8.618916073713347
2.32379000772445
1.6666666666666665
1.3719886811400708
1.318760946791574
1.3719886811400708
0.8271701918685112
1.118033988749895
0.4264014327112209
7.514897485031072
5.023023913019848
5.885818306986475
10.975909449120566
3.8612291966536914
1.4142135623730951
7.307530362578045
2.5055493963954847
19.35100871948381
2.9439202887759492
95.7727344637641
