111.21375814169757
5.755432216610669
9.961831921795069
11.955043995028914
11.738824472663351
13.090593430537684
9.70725343394151
5.990188055576926
10.082988974836116
58.21416398857661
5.671566509057851
43.82380991869002
15.420302016682886
8.660254037844387
7.488085774844501
10.022197585581939
117.12904970891843
1.9999999999999998
67.5620085551044
28.151376520518493
26.59266816248418
3.132491021535417
7.871467461661771
5.2977982848223535
26.51490147068248
11.6
2.23606797749979
110.19276039942207
29.294538740181586
2.9154759474226504
74.81569948138484
0.5345224838248488
24.137861621037676
102.17272956453041
14.064785167864521
9.728456051340167
75.23097766213066
25.731789677362126
100.67925555942494
76.32168761236873
6.020797289396148
5.084991923016482
12.831323281051615
136.81081828568966
7.275529763071094
6.132789830991366
12.806248474865699
3.4761089357690347
52.0314590154142
7.932406754767239
16.726796294739597
55.05250019552043
100.01499887516873
35.02244178482461
7.955501241279522
10.925366646645612
116.94035923943291
78.6628638802717
24.012817090366234
126.78440643188623
82.1522975941635
15.264337522473747
4.0564202758769285
13.165611772087667
4.384315479321969
104.52790695949734
22.744962812309307
6.679474875720742
9.613358760946491
13.601470508735444
17.3908021666627
10.80242138098249
14.616771189288007
92.63233776603072
85.02587841357477
3.894868418830089
132.84640253566022
5.680375574437544
11.667619008749528
8.052949770115296
88.94192862012082
32.284864875046324
1.104536101718726
3.722518348798681
72.88030228764464
14.798648586948742
49.14536261608684
89.84311723379656
96.37023514665835
48.31321420343162
108.12683184439412
96.74729970391938
9.797958971132712
28.88014023511659
9.055385138137417
14.825171644393
15.14650674798208
136.20315708528932
4.963021151211066
12.826901877098221
