24.807257002740144
25.5516905289824
24.469936202977273
12.856675995258605
10.281745265969475
4.332435804486894
20.49525690386816
113.77316613917947
18.646509262923924
10.59159186250198
107.55957651459957
106.2346459494265
7.289261508090743
4.201190307520001
98.51713049008279
12.965338406690355
10.752906583803284
65.1111869548288
4.882622246293481
9.39858145324779
5.265669257299847
6.46418705528501
115.63489339913177
11.105554165971787
13.070322617798436
54.886246000250374
102.55805110352793
28.246946737656444
76.84219037886818
40.81206929328627
11.651609330903607
13.770090218128008
5.533985905294664
26.348624252510795
86.04714470051351
117.5284362753684
25.711087102648925
10.825894882179487
34.735262508558385
13.61560191047812
97.92611403258995
9.26947015330849
112.52081288958648
18.24617978983757
4.832488093774323
51.9160160959287
8.953584012375527
6.005206074732157
7.446780878644507
70.10943826143048
30.437093597560636
16.90993630815758
1.6236882817719778
94.9741591649587
8.34865258589672
101.13669748883126
12.662279942148388
3.721042037676254
13.329166015421471
42.33565509482158
2.8653097563788803
17.57460288787962
6.896375859826668
107.97800701994828
4.928053803045811
17.933638354092697
4.818120558297157
5.080354318352215
15.754364474646383
5.720775535473553
14.433756729740644
4.716990566028302
14.0089257261219
63.332949560240756
40.311288741492746
111.12971024887989
5.838093296045666
22.670097779527406
22.452418825398546
13.02459212413195
20.478424100954072
3.2462996686167993
137.71392449567327
11.849753865235625
17.36663467687393
10.542952440082718
8.34386001800126
5.0412929042400885
10.705857490896495
71.22627196605069
19.469527472437537
15.32064692570853
50.6795920724662
100.20395867096934
128.51507693652135
24.419937209856485
12.301625908797583
12.900719802730832
49.02903378454601
3.3015148038438356
36.300550960006106
9.724325169388361
2.2962419891481978
4.876474136094643
