2.2962419891481978
73.13636968997416
6.199078272499181
20.136300261847857
8.4335638967165
5.771698190307598
17.197942631874046
4.0564202758769285
1.8973665961010275
12.900258395344903
87.88394754045882
26.22746651889961
91.7065973635485
6.680687011630497
11.17437544861755
24.49489742783178
8.161824833662177
57.338468762254195
65.1920240520265
38.71464231284805
33.050466461660314
125.79926289710343
41.46520995200237
26.94041043276279
58.4838194961405
2.077447826946374
21.77684020308661
5.2977982848223535
2.25
52.685725906413346
8.657629320694289
6.260990336999411
38.93727149032288
6.88839603971781
7.391641471037651
6.960929927426756
8.923284148787374
8.570562726831037
12.076837334335512
10.0
3.807886552931954
0.37796447300922725
7.485223538984753
23.274449510138798
148.53366621746062
75.24501644627371
1.543033499620919
40.79419893399877
3.4928498393145957
25.168130296243614
11.39548782883571
4.932882862316247
4.013136324359632
54.817880294662984
35.748049973712924
1.3377121081198773
4.861724348043977
33.39327943031518
5.351902198551198
14.23275899365364
38.90406554319836
41.453842435069625
5.94418483337567
41.857695429474695
13.16330989047691
9.424339861135199
10.131488480155786
51.508575337834124
92.65821849434326
10.628403594282773
5.5993697124293
2.195035721390843
11.10180165558726
91.71721549985924
20.652807594573225
19.783109679002152
37.566607512523674
6.736538605318935
0.5423261445466404
7.9658361428380795
79.78664732214966
16.924200761884485
1.931519927613803
11.55692433132622
40.585985539619735
26.473256946083026
59.81743057002699
11.563489339913177
2.4201534780139164
8.490190417966685
13.788779307197888
2.0727509006864033
1.4719601443879746
8.618916073713345
13.341664064126334
74.86368564645632
2.4806946917841692
7.61811750275055
8.017837257372731
11.492751338706208
