14.422205101855958
12.006942436218585
11.543396380615196
41.49917852418067
11.175369742826806
10.830867569483633
14.91364028889884
6.948792289723034
8.708969735057865
112.73454183646166
1.6285496348111341
90.09439494219383
6.146362971528592
8.203657720797473
5.021951811795889
22.276669409945463
14.747881203752625
4.199567077254944
9.23548145182799
148.59532774812075
87.28993832815632
6.490377492873585
71.06527089424712
60.92693090162108
25.68613979907798
22.55095240883308
5.162363799656124
30.087966270349916
4.16082924427331
3.72677996249965
1.61245154965971
13.26992498437384
17.72474729486056
10.065411069598698
7.846177413237608
14.940623220676647
39.881073205218534
18.389308487995592
9.954061147759408
121.37569288588803
90.95661198152608
7.234178138070235
10.205579167977001
16.985287751463026
2.4664414311581235
3.2596012026013246
5.2048928030180495
2.1547290184283368
121.57935047341905
9.247908386430389
6.97614984548545
6.797793759742936
2.972092416687835
2.6165155925684536
7.11125867902441
9.431036233863406
66.14932602327355
2.3706539182259396
13.090593430537684
13.161089837634485
38.618648345067704
6.934214687571573
10.028459502834918
7.211102550927978
4.994114182774382
46.77093114317909
2.1213203435596424
3.4234485537247377
51.91190763058274
63.85078759829887
13.228756555322953
111.63746269475618
6.733003292241386
2.973213749463701
8.31163842652779
4.533823502911814
14.597374193098338
144.08374301079218
4.088310863215481
5.114083119567589
4.216370213557839
10.918529466658306
12.425779653607254
109.85900054160332
8.229658117277578
3.5735136770411273
6.850042111044057
3.1754264805429417
1.2041594578792296
0.6454972243679028
5.662743740155179
9.128709291752768
6.950719387228922
18.86080592127494
11.775681155103795
11.52946535744704
1.8788294228055935
166.9374134219169
5.533985905294664
22.73189676280408
14.78061793926988
12.691860908997283
17.144184930263584
