18.83006714197877
6.955905073002031
14.702171477501075
58.51922760939348
18.034688796871432
8.826367424074407
12.165525060596439
1.3257359305592338
1.7541160386140586
7.5345358695297735
3.7121422386541174
4.564354645876384
11.579435795121167
9.013878188659973
7.543208866258444
48.70010266929629
14.350020101835291
8.140806303599618
17.492855684535904
12.649110640673518
7.844645405527362
18.890473789717397
53.137899503427526
12.156036803548712
17.13670524536927
24.30576063405546
14.020074892809953
17.53567791675018
100.89213161700086
12.900719802730832
8.993886812718959
5.159010042186836
5.903993805649092
19.15634404685245
113.27016568709789
6.56145041731989
2.4053511772118195
13.59738536958076
1.5811388300841898
7.955760029504336
11.167910378500634
79.84449171447494
7.770753849184478
13.090593430537684
90.63479832088042
36.3547337587097
14.786357348460223
10.499084209147444
8.102468759581859
13.93137944832935
16.18898802684508
15.0102529061869
24.063457773146403
1.889822365046136
45.458772530722825
5.936168397046637
34.04723609508246
8.35995746932297
10.561177090573832
9.309493362512628
3.2015621187164247
4.314554973040049
117.03038541810888
4.407785320154718
19.250974001333024
112.67721085540698
10.674613267985526
4.1
33.14739808793444
7.79957263786506
26.60314403838901
12.89961239727768
47.13996680724579
13.601470508735444
3.0413812651491097
25.930380162747625
10.036297759994605
23.527908959361433
21.213203435596427
14.403703227526824
5.646237685397242
14.522013940527975
17.92732241269981
12.67397450011754
3.0301515113634476
4.818120558297157
4.205948168962618
12.281422284627025
42.94658415880233
13.209844813622906
3.4058772731852804
60.57330270011699
5.470831746635972
3.34995854037363
78.50940881656969
11.390785749894516
9.490596850115834
9.100137361600648
0.4714045207910317
7.719341636054051
