4.049691346263317
2.3333333333333335
0.23570226039551584
13.50719972623654
5.2048928030180495
2.54296414970142
14.724747258210641
5.850706729171206
6.475595210738032
101.65558097250313
16.782927833565473
2.2038926600773587
2.016597794967223
1.5075567228888183
5.380004130522991
3.794733192202055
0.9284766908852593
0.2773500981126146
3.8078865529319543
1.6903085094570331
5.000000000000001
72.02603695886648
1.4744195615489712
2.0155644370746373
2.065591117977289
1.3363062095621219
2.438722702779599
55.68722175388773
3.2071349029490928
6.519202405202649
6.50213640104372
4.430011286667337
2.0248456731316584
6.654154925892376
1.834021909257456
1.2909944487358056
14.432868471225403
1.243163121016122
2.23606797749979
22.995651762887697
5.525062514530825
5.515130702591432
2.3804761428476167
12.75245074485685
28.153596573084585
5.075192189225524
2.6575364531836625
4.514932489485904
10.082988974836116
2.5495097567963922
24.72102409403916
20.215505600075073
5.375872022286245
2.2638462845343543
2.2360679774997894
5.55090082779363
1.9039432764659772
0.693888666488711
2.4596747752497685
1.6499158227686108
3.1953914182443244
4.203173404306163
4.328202090167848
8.381527307120104
17.19219091830441
5.854722690083432
10.906529280774015
28.75567576825293
77.14618158621548
1.632993161855452
6.501281924871945
1.6903085094570331
7.905694150420948
5.862458618415279
27.350994919324652
19.28038727135255
1.8257418583505536
6.754628043053148
0.74535599249993
3.22490309931942
7.060180864974626
2.9533408577782247
1.7994708216848745
7.504165509901817
2.29906813420444
0.2672612419124244
2.53546276418555
2.0
0.19245008972987526
13.946325680981353
4.91256891385081
1.552985739111069
6.350852961085883
2.9417420270727606
2.581988897471611
2.7653315937748606
0.8451542547285166
4.576510072581994
9.050364131298304
14.952305125679736
