93.63997247139945
62.135604393401806
31.431503208395775
36.33730865102698
27.350664041836566
66.72414189115594
34.70670764500078
61.56658545383562
86.24528972645405
47.50789408087881
23.9220957833269
47.72643397531393
67.565400415696
52.39451483872319
14.88647516563753
49.28792955683978
92.44878462033873
18.786393252260304
68.45030638678284
79.98541533721423
34.39153642653637
20.934421415458324
56.8000880281008
19.867617426914133
5.755432216610669
71.9291979922585
80.58801754248934
79.12259231966945
82.62786234898998
13.530828996529863
156.21032829703248
43.502873468312416
51.879347207406795
77.17512552629894
67.74105106949553
21.829553631824584
7.605918747922567
165.0272704737008
12.586841201372623
26.78245694479877
124.86179025893657
26.993385433154863
58.37893455691017
7.166842844909909
64.28063471995279
14.206072645175372
14.233762678926468
80.27487499557726
7.035076949991925
47.03560168730657
118.26263146066047
8.962886439832502
85.82321946885936
42.356620891347475
13.0862523283024
40.64363125884254
13.31486816629118
10.830867569483633
41.30526600810119
12.455047375590553
71.077925044077
74.8628375393589
88.0160970126109
50.13931809979265
6.352727198388331
57.71848124234626
59.083476055976455
30.428422385803852
19.905037711991138
105.51421705154239
0.6488856845230502
8.786353054595518
80.72365014236962
45.45405843894942
26.36706700075346
58.87840577551897
46.84320350152959
20.689311710340174
81.67068017348699
60.460731057439254
54.53472026411903
66.48934751772899
28.468136268619617
10.67432323243906
14.432107063270916
10.243464815606654
18.067004916882784
59.539062807538386
66.20213155346453
32.41368628871961
41.87264240310351
32.82203092871789
20.529788655079287
144.69376529168667
109.97936869459444
116.01795838001402
55.79034414663527
14.909604162964767
64.25729530566937
30.729232243674986
