1.6236882817719773
4.883646178829912
9.467648263236423
36.43350106701249
9.13639339184376
62.507845661410926
18.99401819712531
8.035634920242991
37.68604642620522
1.558387444947959
2.305599590927317
0.7669649888473704
6.436503043467892
7.823955886524778
78.02083055184686
11.333333333333332
35.58167443439889
17.26794192084911
1.8797162906495577
11.025538535599972
14.275353385668401
7.253898787483019
89.80967530159418
64.44248081299581
5.125101625008686
3.56682242650545
24.054996510971627
57.117673021829
55.00000000000001
49.86905931459984
1.5811388300841898
101.59273267972142
105.36982490257824
85.373967260016
7.870983480631944
10.848608560193686
24.066574330386118
20.101214478966483
1.0
59.18583414097468
11.180339887498949
121.83632836346847
3.585685828003181
6.935073041809877
42.48887322377574
40.34917044445345
24.67679972047519
21.63058836326873
36.28291609008295
61.43178034505948
28.991378028648448
11.180339887498949
6.137317546507322
7.7176745202165655
9.814954576223638
1.511857892036909
23.212065827926647
57.39213485188666
18.19178871003586
8.047933322861887
10.38355342925445
20.997618912629118
9.617692030835672
3.56682242650545
2.1105794120443453
11.569664768572288
6.794605703546503
0.0
10.152175464730043
3.0686587732536617
44.85888986588946
1.2692955176439846
48.26892259921376
4.224470836229533
14.066170155985702
61.40772826696238
8.968544062928812
5.399805064707623
22.868464457996883
2.101586702153082
2.661453237111885
5.77128168673929
46.09049070397638
6.889605697474034
14.713938969562161
2.2211108331943574
78.01482230960985
7.720823214600312
6.044281043543006
5.848789048455529
6.336706254344299
6.093712606722877
2.5495097567963927
9.526279441628825
6.3120603025603215
15.705625319186328
0.49999999999999994
4.133198922545748
4.364357804719847
31.22920360647605
