7.711130816004775
1.5545631755148024
3.0083217912982647
2.4596747752497685
1.6256866681058633
2.0615528128088303
2.1122354181147664
3.473110997362451
2.4608038433722337
6.940220937885671
1.1785113019775793
2.1661735138967266
2.6956755492207636
20.311214994319133
1.4142135623730951
1.8257418583505536
6.585107164172529
1.3601470508735443
0.3429971702850177
2.593698657761292
11.04124498908936
5.1445764321921255
2.7516228977511745
2.8908723349782948
2.481510575605533
1.2572371141874243
1.6256866681058633
11.248703629011361
4.574174999174925
6.0745370193949775
0.7687061147858074
0.22941573387056177
1.3601470508735443
4.59813626840888
0.31622776601683794
3.1529631254723287
6.679474875720742
8.606475967051125
8.043152845265821
1.7188791273808215
2.5366873297069255
7.148093318867493
1.552985739111069
12.820438228221233
8.602325267042627
4.612236688714844
6.508236539735081
3.064129385141706
1.1126972805283735
2.3769728648009427
4.203173404306164
1.632993161855452
3.444802848737017
1.5
3.0151134457776365
5.483742205048353
3.5089172119045497
3.0864730339780526
6.6570105508166515
3.5787836352163436
3.8078865529319543
1.0660035817780522
2.174229226018436
1.7029386365926402
8.551315688243536
26.959846686013133
2.972092416687835
3.4641016151377544
2.065591117977289
5.115336417740935
6.2158156050806115
7.57018443022971
5.458937625582473
1.2909944487358056
2.8771127502720115
3.420526275297414
13.063945294843617
5.7118298293979315
2.8284271247461903
2.0275875100994063
2.988071523335984
1.4142135623730951
3.7723691800736088
5.315072906367325
1.8918106058538346
2.991215208080594
0.9013878188659973
3.0525697073419664
1.7928429140015905
1.3719886811400708
13.778467035419936
7.72172260574025
2.223610677354389
3.086974532565159
3.9710490766585558
7.321960878829599
1.7113069358158486
3.9510898637098992
7.261354744623949
4.96655480858378
