9.803060746521975
2.627691364061218
11.030261405182864
1.927248223318863
3.063431961806135
0.6324555320336759
5.140872632984737
3.472581680740104
1.632993161855452
14.150971698084906
0.6741998624632421
1.266989801811655
6.15281584781658
77.98259879156193
1.3608276348795434
5.344389581607987
1.2909944487358056
2.3570226039551585
11.218606992721638
1.4433756729740643
8.00734956516971
6.716045202192638
4.068851871911234
5.038978502417537
2.23606797749979
5.70087712549569
3.1937438845342627
5.510755034714533
1.1547005383792515
8.288901154733429
1.064581294844754
3.6239941133138354
2.8702082220799308
3.605551275463989
4.654746681256314
13.537472359888195
7.178672114906303
10.474057587818637
5.717718748968656
1.4935759876113537
2.838231060987734
5.206833117271103
12.774975538137051
1.8439088914585775
0.9759000729485331
8.205689083394114
0.49236596391733095
4.268749491621899
2.4201534780139164
5.754225500544023
4.5730781185390725
2.1547290184283368
2.8771127502720115
1.8771812708978117
1.0954451150103324
3.3541019662496847
4.172740670816047
17.559422921421234
0.8017837257372732
4.574775560458832
2.7902892835178013
1.2354415362426845
14.649232061783989
2.8784916685156974
2.42535625036333
4.36584540044721
0.7559289460184545
2.0
4.135850959342556
5.871642911161277
8.877640452282352
3.4105100714362977
1.6666666666666667
0.23570226039551584
5.50567888638631
2.5495097567963922
9.683217744239409
3.946064947695181
0.8790490729915326
5.581563056514381
2.594866727470475
5.303300858899107
2.474108348721236
2.9154759474226504
14.0988573217044
46.056289670161426
2.943920288775949
1.4288690166235205
4.389381125701739
13.188676069666288
2.3904572186687876
2.3858557568108956
11.893976066339913
15.838244852255567
7.163274390947201
3.141125063837266
1.8408935028645437
23.558437978779494
5.732945723331651
3.484660262185848
