14.549914089093447
10.830867569483633
8.128433340529314
112.22952671497222
13.089435944047908
5.805170109479997
15.305227865013967
75.29465926800994
15.052289811567825
11.325487480310358
61.37453326366999
6.023103666530884
10.30445622931255
10.757057484009543
15.182226450688976
7.39932429347437
134.02653137013996
12.591205722188068
13.92838827718412
11.955043995028914
18.977430203872625
14.740614447359862
4.428317965096905
10.973452814254347
9.350324669687755
8.022290374770964
7.39932429347437
8.633970960424556
141.08071884835726
1.1902380714238083
6.788645983236591
4.509988913511872
59.673233001422886
25.450442039383127
3.366501646120693
14.7
11.260550608207398
2.9871519752227074
6.382005954243541
7.648529270389177
3.6345563690772495
14.42850713628469
4.530939390976874
2.2594829403858614
9.691921034208509
2.195035721390843
10.561177090573832
1.3363062095621219
4.741307836451879
16.53027525481654
11.335784048754634
1.8708286933869707
4.480727962834061
7.39932429347437
8.025999418556339
4.44626031280567
13.839556832981804
2.3804761428476167
109.04774992958764
10.017841227387407
7.214953607304455
34.9665554494577
12.675435561221027
7.39932429347437
9.456668093391638
3.9510898637098992
62.56319881650751
5.885575587824865
10.891510455395983
2.2941573387056176
17.014699527173555
10.904127658827184
9.184614464262658
12.891152709584127
9.067647005823629
2.991215208080594
11.66442555505464
10.982941318244398
7.184705978674423
10.214368964029708
2.7166155414412247
7.505553499465135
8.006247560499238
5.728001396647874
2.6034165586355513
16.605363447937393
2.0591260281974
8.323804075404121
4.25205832509386
32.550814975289875
13.615601910478118
99.24548688311559
4.568004670166906
144.37352349275918
4.743416490252569
32.303714956642374
7.754031209635412
12.54515653074733
7.39932429347437
6.728342160985433
42.0609082165376
