84.83592006534339
7.813618341008688
48.51030818290067
10.361642551431524
24.3051833048811
18.270005567822796
65.75047528345327
53.892087943010175
32.85782043344269
3.561489930677299
57.002192940272046
85.4173577207818
6.947421584060281
103.26975770835747
33.600748641635214
56.712306550569025
45.038872099554176
102.72333392824306
84.05185474285672
41.733045165953676
30.400109648925064
108.40137057646986
32.202484376209235
39.12728516578226
106.2017537519979
29.0746166498087
110.2797142933159
41.7320320617149
117.77202554087283
57.67202528089334
36.147359225085424
1.8257418583505536
86.96916904073743
28.388538019931406
45.09249752822894
44.60817065167422
19.290181728307047
81.44451076244079
41.25217491822548
4.258325179379016
3.0315798175994293
23.670187531529567
14.263590010933433
8.134734970696849
76.03581027676658
69.55962670016757
48.59886829958081
9.529559276272959
112.67455593680216
29.73353886326573
58.98078783242331
96.48678666014327
32.470722598780526
23.486571644645107
68.49476865668892
69.99890109027537
68.59872968419833
17.866791044343195
45.10805739671421
31.780497164141405
90.95503384540177
7.2948122466781635
29.160844272923192
100.48009753179979
49.912423303221814
32.02296969731718
105.39449701004317
13.427869984018027
21.595303722271257
42.88978122272639
35.20493935660223
9.50146187582615
28.1543365517049
55.71445054920671
24.79919353527449
29.849182303884408
74.4043009509531
57.01827192517617
19.72087836477526
12.53144193766372
79.30176057799241
63.67514279154629
22.34489019098234
20.337431281042132
82.98072065245034
25.44129044013411
33.073892316163466
42.08193066969348
42.28869037146141
6.5280460028544995
72.91776189653656
109.41891975339549
32.02050124529596
8.902246907382429
56.043138146728836
32.03513695928269
5.2508502712826015
33.7813827156589
49.721446300587665
159.91013101114012
17.36451311697145
