1.2747548783981961
2.29906813420444
7.704780098330929
0.97182531580755
1.49071198499986
1.1435437497937313
10.251385715643963
4.543441112511214
1.8516401995451028
2.0354009783964297
4.28452364413395
1.4301938838683885
4.163331998932265
9.386160024205852
0.7905694150420949
1.0
6.09449400220044
6.095727580596273
7.327503510221451
5.204164998665331
0.7254762501100116
5.75
0.6396021490668313
1.5339299776947408
1.5942605391424158
0.7844645405527362
2.943920288775949
19.82881282835203
1.2747548783981961
2.5
3.491486243775878
4.6492348419266385
1.7759071354792608
2.3717082451262845
14.030578849681964
9.672412085697939
2.4201534780139164
2.772040859423935
2.23606797749979
2.8867513459481287
6.748219138295788
2.3021728866442674
12.762793146051099
1.118033988749895
2.851899951494325
3.484660262185848
1.955384722187607
1.346291201783626
1.8110770276274835
2.614064523559687
4.437601569801833
2.7658633371878665
4.123105625617661
3.7129118338191502
15.110702608857515
2.3570226039551585
3.5355339059327378
2.8284271247461903
2.1821789023599236
2.943920288775949
0.5773502691896257
1.9611613513818402
3.8275318418009276
1.0408329997330663
4.810027404949335
2.3021728866442674
4.197068574062689
14.609738000540752
2.129162589689508
1.3601470508735443
8.00734956516971
1.6666666666666665
1.2909944487358056
2.327373340628157
3.235222815613581
1.9735087641318603
4.123105625617661
1.3764944032233706
2.0092379244472363
2.9205156676015083
4.231913386293593
10.396677791049845
3.10424928708434
2.3687784005919825
6.522397309783165
7.646349891723937
1.2041594578792296
0.7184212081070996
1.632993161855452
1.064581294844754
1.9601288894248499
2.5495097567963922
2.327373340628157
1.8650096164806276
3.910769444375214
3.396076167186674
0.5423261445466404
3.758324094593227
11.317725438042268
1.4577379737113252
4.81392906506507
