16.006577595344655
0.6666666666666666
4.5924839782963955
4.5924839782963955
43.11670210023025
3.640054944640259
10.770329614269007
36.63417120667533
4.5924839782963955
172.16105416565202
0.6666666666666666
8.152949664709952
8.495096624916439
94.36630754670864
24.018633117688132
83.51001782375022
61.304752893007624
34.909406564229464
42.39050065114289
22.21440973782558
7.96583614283808
0.6666666666666666
47.16256664249405
50.31717581321692
26.25727412441064
20.338797080129066
4.5924839782963955
38.63459044622278
12.565384549980509
3.5161962919661307
5.132850460139458
1.3333333333333333
13.462912017836262
25.25646231935282
13.045375356110616
1.7113069358158486
8.767529025751287
2.29906813420444
1.7113069358158486
30.189218090054748
56.89079451018416
1.7113069358158486
4.242640687119285
38.062083787178835
10.414151211430793
69.69493966841937
15.010252906186901
30.904422552983146
47.661567326306006
15.174906186786716
76.40834570986108
4.3837645128756435
2.62797450520358
6.363961030678928
7.337574531137657
6.800735254367723
24.94104158922709
6.331738236133036
8.498365855987974
6.465790872963896
1.9611613513818404
13.389276577647028
13.295288860432967
4.783550244449876
2.8577380332470415
48.29226498252962
3.5794552658190883
1.0327955589886444
8.077747210701755
21.565790811684447
1.7580981459830654
1.941450686788302
2.132007163556105
16.138820851026832
24.645954575205174
21.819333934227537
4.264014327112209
8.05899301532472
3.063431961806135
1.7113069358158486
9.438798074485389
4.817730411281797
2.280350850198276
52.26684923937701
4.627814458971606
4.675162334843877
60.03332407921454
35.700473519602085
27.21117924423837
9.955784602874026
25.890081040744086
5.553566895532807
39.01753991543587
12.280065146407
10.21763181955584
0.8770580193070293
42.32316150761897
1.7113069358158486
8.785013977691515
4.395245364957662
10.778064142816495
