11.067971810589327
4.257933771208753
1.5689290811054724
23.400244198969986
13.165611772087667
8.954430086935638
22.707627873390116
12.697018772699586
3.2274861218395143
5.1908038341324785
41.811481676687805
92.25453918371713
24.767249880975214
10.24044269876389
4.024922359499622
5.656854249492381
3.484660262185848
3.6666666666666665
2.2188007849009166
24.961508830135312
1.0540925533894598
9.831920802501752
3.8927941319630754
5.060632371551998
15.807874268505834
86.81223206647573
9.192388155425117
8.916277250063505
10.364201207361166
4.301162633521313
1.552985739111069
6.512807894193308
9.045340337332908
5.515130702591432
7.393691004272944
10.823255385643321
5.140872632984737
35.73513677041127
92.25453918371713
2.5495097567963922
92.25453918371713
4.43846820423443
8.146681597597366
7.3484692283495345
1.3627702877384937
5.88430114796991
11.019463300386795
77.65717200385527
92.25453918371713
99.74535760443374
7.023769168568492
13.401492454200763
11.691548558352213
3.8470768123342687
7.891307069980693
1.3363062095621219
28.91712295509358
18.22315377022686
9.703951085339757
5.802298395176405
1.3363062095621219
2.594866727470475
0.6405126152203485
8.393118874676116
12.041594578792296
9.76488306005098
92.25453918371713
77.65717200385527
9.635005621863089
8.040078180145834
30.700162866017504
4.016217125604641
8.97381812634432
14.0
4.588027898781784
6.7788185513687385
22.525911006364794
21.261467494037188
71.72772592705464
4.739360554076727
33.11931292899793
12.974333637352377
6.617077473153407
1.414213562373095
6.373774391990981
20.22671500763285
7.752418977325723
4.556830683968074
12.48109681789937
6.713171133426189
4.482288376589473
113.07353801840642
12.701705922171767
7.1414284285428495
69.3757882838098
5.1
74.4655028258798
20.399849169879815
10.443989806435233
10.95859977784156
