412.4240355589374
412.0128019469804
413.1065604203014
415.759054999366
425.0959190339225
432.6129520336092
446.11049745264114
472.88666764997237
501.5758360543545
461.12243660577985
427.0965656785968
388.1047735175098
379.1447235690508
386.4545791815061
313.4402070514217
193.85431019079522
32.08959264945385
32.19911895615492
32.227619934198984
32.24821736085658
32.25894681894777
32.25948544802013
32.25250769430549
32.26691667164673
32.23521563579502
32.229392964281466
32.25818738889825
28.736288244047746
6.932290553448518
15.843432243701866
15.928875896509025
15.960498383615008
16.02379319608901
16.105319252620127
16.185425683930884
16.241978955431218
16.29246386136804
16.37413663689086
16.420239680674577
16.441288304485028
16.47194839845239
16.51630652438682
14.4904475575507
14.493812270857115
14.490227806714666
14.501295522592608
4.758853517836745
411.99402385388447
411.7463551609333
412.9321284768326
415.1984501521408
424.3535233282999
433.7111525827607
445.8357460013382
474.38183486509587
496.6342974746379
462.30770723823963
426.35451791536383
390.7066030167167
386.87786847133884
390.94221744322823
330.04623339519867
215.73613098779688
37.60123295751789
37.76772580432278
37.85900714083447
37.913686967885134
37.88460068331497
37.92313732299625
37.91835530871536
37.952086179543166
38.018084441913395
38.01112035755078
37.9798339226865
35.76581910064144
5.990827696146245
13.769359658436747
13.82246459923657
13.882680416693365
13.940164753586542
14.012329858665916
14.030792621761483
14.052315402722785
14.082888629168913
14.12113263364215
14.151882376047775
14.180350112785304
14.190580885635963
14.213969676625707
14.533402094405602
14.577554702717984
14.622431786700881
14.630014424530243
4.7017901882990145
412.7096121875791
412.9939874180644
413.4432184919259
418.0108465372333
427.1227190534336
438.5823109561083
450.7576472692203
478.44955862250174
506.2007307678447
472.88254106195535
439.21951971556973
400.94108172700237
387.4604825479527
384.1360476326228
325.13156456348196
225.4007682424219
42.37857114406947
42.31350924388548
42.254591132942586
42.208657025883966
42.151168883980276
42.178148424519144
42.241062258916095
42.256571829731655
42.28009104799912
42.30368065440069
42.27817349551153
39.291184829006326
5.486122959931861
12.016135229442657
12.077771669473947
12.104566146250455
12.150922433269681
12.184942660968114
12.200224086750067
12.24267759181491
12.273312436506245
12.293156353223626
12.327534165028254
12.354223669327647
12.390245635969114
12.426272368929427
12.211600651726021
12.204389622298509
12.19940895961279
12.197943707778606
3.6687109564053753
413.2337919265519
412.2450870854515
412.8892075346619
416.0038648675882
423.2002968584623
433.59830895511675
447.6725210126705
474.8340683220784
500.2202242404005
461.4404394596588
425.42735994017846
387.24406771136546
373.2529470535115
369.04888169523946
311.83485632360953
207.14467143534782
37.05680617526312
36.97726725214462
36.90098969602532
36.865176679383396
36.785981075420345
36.70527921477058
36.69147478247279
36.66261456136445
36.63800184682999
36.54342368805862
36.483595494228815
34.040824755216796
8.459765500878458
17.81666778543076
17.922538300825195
17.994778403570475
18.051857438042124
18.13258161373926
18.16380077805482
18.208357575068213
18.275987505773067
18.309082014098447
18.353278257375216
18.39934061641102
18.44167569109394
18.449318610902044
16.87996999618386
16.87026900726614
16.853228400974384
16.833410591212044
6.262201290366633
412.28441347620407
410.2579034140703
412.82769563827037
417.4965268699205
425.68888603667745
437.9844176511176
452.32469942939076
476.59611005004655
503.0497438894452
465.92836878509394
435.0588633776913
395.5908539233689
388.00876797490156
382.57324626862527
310.95676966594596
212.22188339163847
44.8387647495751
44.730628649511544
44.62709762032333
44.51526902244707
44.44230755939826
44.356334145431454
44.324643349063976
44.28722985524247
44.2401271900584
44.10998627924708
44.06345199998639
41.200363206390264
9.407417499857955
8.502962941230411
8.574067566984032
8.623044381920558
8.70374242795863
8.7747092442485
8.812246798323411
8.853761182881573
8.928062669276843
8.990884588576703
9.031995923818268
9.093630511823958
9.141453890266277
9.204042519493257
10.492471012696502
10.505266879354492
10.507643121076596
10.502021593760176
2.7476235673702796
413.71029206993785
412.51067195440856
415.3870766595896
417.75785934331026
427.49236046357566
437.7110824433933
450.2799551044083
477.40101129532616
501.8198947505899
468.7467343768311
433.6425491714181
394.63021386589156
392.2547971794243
402.06095482996614
338.3628569452816
240.93966616777323
38.85679936046239
38.970670265719555
38.99322729602652
39.08465985693186
39.16125430984187
39.23852293643465
39.31256741592143
39.370827168325945
39.43226628590643
39.506217728478234
39.5016081472991
37.69900712621709
5.949440403810992
13.289092832273111
13.39649667421574
13.471417613451816
13.604785981052197
13.668403045403636
13.755001713201105
13.836631192441311
13.871657548593003
13.89127260122098
13.936424209159082
14.01573320663473
14.063755006069043
14.120891412433426
16.014317539200025
16.101719963379136
16.193353346140448
16.233888797912293
4.017455009097492
413.52323040310574
413.4885218623933
416.2396627332513
418.77658539758687
427.6200627226043
437.70601024597863
452.8953652060729
484.95506759448256
508.3140729638508
472.5279241139265
438.4305016897041
399.6877628097346
390.22456756071387
391.706557568351
317.93471761010187
221.3544856195239
35.82640938872713
35.83989363456586
35.87126643737313
35.8788686876595
35.87588141056305
35.887099159485615
35.91480821980752
35.90388863457405
35.94297738459015
35.978880332689855
35.967880980794966
33.471342433929564
4.868185089527392
15.675128154687414
15.708709850756584
15.766019265884275
15.851927285863004
15.890580360337383
15.936638258239299
15.997117001382657
16.048940231471377
16.089396217679198
16.10758253718168
16.147863612578746
16.187517274438054
16.243518503997493
16.906011237041575
16.9501094735593
16.96457952704224
16.997551327425093
2.045446052426566
412.8359880925974
411.7214158591314
412.7892523222976
416.6301026751492
424.14563461285525
434.5038888849204
450.65989764660014
479.89478099521403
511.65483874832057
477.61981960418797
440.2014336794391
399.3251211797293
398.5539036531047
397.16851360344083
335.4451817327748
227.45166574354408
44.03450688543665
44.024399265090565
44.00384073924209
44.00256080681509
44.00519989260732
44.028375557936556
44.006799695060465
43.98135137871174
43.99942209262472
44.01972875637536
44.04305524286002
41.65094909536539
8.785101876889902
7.494914903924337
7.636290617168392
7.805986911428316
7.919810184831478
8.027515814548027
8.126638160070204
8.217734657755296
8.29898543497039
8.39591509074954
8.468321168175368
8.531293050217192
8.57928385355598
8.619863640324516
8.28228502798928
8.323517961123546
8.334448253301503
8.362014183744265
4.048524037570901
412.0500477678654
410.44216828217594
411.6621684077593
413.6605874597293
421.174428722536
432.5258060377456
445.3202804940862
477.99857535636403
508.5084414643297
472.82240463867396
435.53249090957974
393.9737242477598
389.6672772423881
393.2866041185576
328.5205769609591
237.68633702286257
34.257677064007986
34.284834313385964
34.305956893389634
34.297200034516315
34.25278987309073
34.322557587877114
34.35817986555853
34.40522406290652
34.446303890800884
34.46063034587959
34.4723578996293
32.857753277355506
8.235678378392555
11.346389929640509
11.495418682436483
11.586582234633422
11.659464999788128
11.735145206371294
11.775629600834938
11.81130613313075
11.91221954330851
11.979314076472399
12.022369657257846
12.060136002698176
12.105651530550846
12.130633552774382
9.7837758189642
9.703773337757163
9.674646257834457
9.634823407307888
0.32484817837796803
413.75269741859654
413.46136741646944
416.14308229221916
419.2112884354299
425.96459695088214
436.5954273315058
450.66707094718606
483.4304988632707
508.9099623140873
469.90275039614284
428.4503432357737
382.99244368880125
370.2459853446843
375.30167878024145
301.6555238523848
193.3489476610749
37.467596937810804
37.43645070615386
37.374725013223575
37.373512255307304
37.35341699942559
37.385377170147734
37.43189448548372
37.407876755615334
37.389679987141086
37.3929023127917
37.43240961102261
35.68745760412525
1.604181530088351
11.211282636062155
11.338766144603566
11.406487225648164
11.471262377603958
11.510159407726697
11.554073974770546
11.63219636493942
11.675981300127695
11.716436141463678
11.75360412735505
11.82875052922363
11.860588221319404
11.907887369777036
11.496155030005337
11.512887579190656
11.50974206439979
11.515021390447162
3.39836243808923
414.3409825517953
414.12670748915315
416.60970141577593
419.3802994910764
426.91039038766286
437.6501692007881
450.17039507951085
475.99307779891075
506.21996430626564
466.57227876379096
431.0923561814321
387.00658653745717
382.25156604430094
384.94750095932443
312.96819083498775
206.3283494750041
34.64559013586963
34.75870275248856
34.862123611897275
34.85622610345469
34.86361937651661
34.81614817396928
34.84339798960922
34.79807782517392
34.80204919116604
34.80853427772417
34.836925462918586
31.045997436939974
1.353940507719303
14.780900634474216
14.835882544182212
14.896677732140008
14.934068218135767
14.959446897159438
14.985241452221649
15.026332074819841
15.047065602518169
15.066673145208581
15.092865267377299
15.111950992121114
15.139816564311657
15.149897479015937
16.25732599629898
16.255111032554527
16.23107541876316
16.224608488364517
2.4496430511004585
412.9639682367005
412.70554973079174
414.6053822724035
418.0682469725856
425.5554031543877
437.1491648877141
450.55684148145355
480.7407368694805
511.68019102385455
475.7453819114119
443.8916071916305
402.69069881854773
398.4366762550084
398.5253668232026
332.65900132842484
227.03244431468931
35.480451069365095
35.462024298238966
35.410702239933954
35.39037115910359
35.34401053844766
35.3556070954689
35.347244267428096
35.37163713808717
35.29520538258563
35.30486888290218
35.31544389448583
32.0358118301391
2.8090451717845917
15.66155854309069
15.761774269229631
15.830918567362609
15.873401056212805
15.932535271838068
15.9895429376952
16.03930946490485
16.116887586705055
16.188953532178164
16.242812747784214
16.27219584818549
16.311165444685628
16.344409474580246
16.04992903496219
16.072177600360895
16.05468707581052
16.05632051650304
4.913608975751156
411.74898179703604
411.537770576047
413.20028709567316
416.9914855830513
427.54929628179985
437.8798705428083
453.9131069235208
482.20501520395027
511.5062595041524
472.32658698819074
438.0799319237071
399.879735648398
396.70535196761836
398.81159825026634
324.0381798075266
210.28672719655796
37.7752032353763
37.749311792341935
37.658608488118375
37.66658237389034
37.638522255351596
37.57183737814052
37.503398099492166
37.41525241796922
37.39313978125641
37.39731000410097
37.449672017604925
35.18897400847124
1.1884598013729246
12.589788894936731
12.636832010575146
12.695201733597429
12.711790334323748
12.765482167512367
12.80777932794212
12.834392357830271
12.853016168901648
12.877887059917006
12.90480956762643
12.92945472669383
12.967798606891474
12.979661556383139
12.48620331072017
12.489544983132252
12.490548509951287
12.493287679377957
6.0307599250976995
412.19715990259294
412.873380703799
414.8492065542362
417.9646884081526
427.20090667739106
439.8041400380328
455.195389892152
486.2793615614537
513.2174536374192
475.62051664534897
436.0283776860286
395.95368863033593
390.19896664470986
403.8932895121625
339.94316943775345
211.71111771492616
37.07708386981742
36.95177711656659
36.90378110823715
36.8929044005728
36.88226452778439
36.86244901035331
36.8005532905212
36.828181496827014
36.815310843143266
36.799363293644134
36.72855713711524
33.62600028957714
8.265020980315363
12.880327555549341
12.995206187255814
13.083859373464069
13.172175500499554
13.238850303774976
13.274259768946553
13.317430751424137
13.348496319488495
13.362794663757331
13.42071527783718
13.47851380700243
13.507497140617707
13.549045641759607
13.169785704258322
13.061031796087438
12.98944968356564
12.927582975399101
4.146924416816303
413.4518388856777
413.17829356682626
415.2693410826745
417.86199827714375
429.13939157291657
439.17677660749854
456.03220162861095
485.4905581094849
507.05930805482524
471.1601507593136
437.96267741938743
403.463576586955
404.602560346808
410.5653022374166
345.7514394490491
231.57024043751224
36.473142068319895
36.43734354684787
36.42280894636955
36.36532921377975
36.277077153633876
36.27540552546365
36.3093110309806
36.32589293115735
36.29358367047052
36.279707706183565
36.276903578758315
33.491554244782265
7.707294279359845
11.871945839597933
11.920567894173551
11.979446118546377
12.030167764318438
12.093932977938
12.133948322765175
12.174323700825624
12.209366483660748
12.243625437844905
12.27149142894424
12.293235491000038
12.350194538630786
12.355087493274116
12.126861290431021
12.114145917448996
12.106984514472135
12.115841284923128
1.8476014886430865
412.66948338172745
412.1964628575813
413.2620850347852
417.61611409643086
425.0834276792311
436.8077310279698
452.2517758485245
481.82538988328406
509.24364290739766
468.5601445471605
434.8390732611348
388.19888615068464
376.45886328937314
377.26472189682005
318.3336355777791
217.6282472889791
33.61139876018355
33.6866792640294
33.78662261341443
33.83545338629298
33.896216460468494
33.90878646617619
33.94095290013889
33.950760152711204
33.962688050579125
33.88404917491716
33.8839292347223
30.5170644273616
3.187003387686565
13.405362936158655
13.477946008480677
13.539868215718347
13.651585990057658
13.763011793185944
13.830517640186299
13.897005450514152
13.92525483940509
13.962934444805741
13.96928906000264
14.00227024981375
14.036892032247275
14.09126524329846
14.901983235526806
14.910708439676906
14.909756298445247
14.944438745276635
1.0426865128572875
411.8426132875809
411.7984004230528
413.5697333779088
419.1042609193903
427.2515135747297
435.59827365615445
450.7287677747976
479.06413876785416
498.24143166406185
460.90793297510226
424.5063427159039
383.95102502422765
383.0516543155872
400.6904098298564
333.9885545325792
230.71908490556072
45.04121113826822
45.16303508477602
45.30312688583836
45.4109561264247
45.44969934968723
45.50219781946671
45.53423139092481
45.551167913302066
45.61932985733499
45.659438710237524
45.6984980927345
42.547516237108034
10.636636007906088
8.918965899653998
9.009838656223403
9.076555198231722
9.15460198811956
9.247320355493171
9.308331184999833
9.367082178565521
9.397190857871761
9.460766545787141
9.531779680721513
9.585884370923308
9.608066950253479
9.655763388571325
10.899136857323082
10.951497660278687
10.990474565697339
10.983658669446259
1.6678859963923147
413.61387948168107
413.2787789039386
416.0188199257177
420.5103320424389
427.9014492906233
438.70453363168315
449.8020651073846
477.8360661986975
509.18052821070734
473.8570016705182
440.62791306951124
399.1687419829607
386.36236548598737
386.44614681553816
330.0678413885878
242.97956376902494
43.18851229215802
43.21857616590544
43.262352991195854
43.26635733754605
43.24177155032314
43.21080224494417
43.21017608939091
43.19060760048229
43.13842760338958
43.076353223707756
43.02263183065893
40.20251679870096
5.63575683795843
14.847531577873044
14.875264913548335
14.93446902055688
14.958204838032119
15.007340941045118
15.038350723402681
15.071837991591526
15.11988915516818
15.133997119052305
15.20077054740736
15.226641140059831
15.246769123230775
15.295944186882672
17.19366751297484
17.22422716151741
17.230496213129978
17.25910441497875
3.459272077918127
413.591359616799
412.658113062633
413.9103819902344
414.90779351201724
420.8639732342165
432.8683914028294
450.9311906511452
474.5916929226161
503.1145730448347
462.3856703799541
432.04306742744814
395.38985642117655
390.23715074182417
395.4759000132273
324.9668346994513
218.80797987506733
37.33138967304628
37.33166836448489
37.34621065934182
37.343756671949244
37.319135669298774
37.32185767912542
37.357369051359754
37.3840391510682
37.36378107601154
37.341817721604755
37.35474269437107
34.83141343766805
10.230367202402496
11.588030140819553
11.686950192972132
11.8323552512093
11.918737201914022
11.985283886488874
12.050531499682993
12.105817291811348
12.211704627787462
12.296729695040902
12.356326028437687
12.397231647207379
12.464812443823734
12.543750817307092
12.754446185968106
12.849083712728481
12.864196218723961
12.89134547492419
2.09647133309985
411.7166280517364
411.4510671358559
412.9135291880104
418.84643022590006
426.5090909502605
436.00401714389835
450.50116015586764
476.73079774669986
502.45728104113704
462.7429730453924
429.22690633180423
386.6837516586708
376.3531061048271
384.6924185991314
319.63368282484385
212.49713395913685
34.36732302120645
34.39344384592356
34.41834460432146
34.403183605498405
34.375856686748165
34.357337399322944
34.326661351044294
34.28813276571712
34.30981039607253
34.33844124503034
34.2882530909252
31.83408298425689
5.114957982291837
15.339591534889987
15.489127120431451
15.569678786685518
15.623336659944941
15.687192387670477
15.723782777177478
15.757987438891487
15.841582936062048
15.887541353916827
15.943071813070292
15.99060751007247
16.049896270255616
16.081383486482306
15.809565760163279
15.849559175446162
15.879590100179843
15.895274730457524
1.8580409625024796
412.7640971072599
412.1187889275393
414.27137788007553
416.9300944352173
424.34203471247463
434.7401353485981
449.1878940694023
478.7265870001862
501.1364246189895
466.63090658625174
433.368171882623
394.95507961733557
384.9771207227839
385.5339259159698
315.06877578693855
196.6956789956051
39.75262733704924
39.74147096898216
39.68839965482071
39.679153888154204
39.6128988391999
39.55009734971742
39.49256860650455
39.44524018568212
39.44251454448802
39.41181476156594
39.3976615925715
36.100327311994576
8.04348176750157
7.343267107817277
7.459503657045432
7.567676624764991
7.629727401982025
7.667636480032891
7.712394520340982
7.7757811956721286
7.835065834269155
7.883102062966523
7.9271373120313395
7.991747002861076
8.03933777866601
8.067274682675922
6.304003773870472
6.275047185865675
6.2927352863992425
6.290601574756801
3.052993008612358
413.61396589273824
413.9945472656097
416.56702379608544
418.8079600539758
428.5804813269069
436.9825328906027
450.3993109804565
475.82306020045604
507.12397120407667
465.771066693994
434.81849614108967
394.24722342650375
388.5005595122855
377.5659314329147
312.12111909562674
206.32495504793178
34.558399815563426
34.5903816865629
34.4481974250138
34.48315074185842
34.48663519567892
34.48225633627341
34.47185425124461
34.465450014677586
34.500370626802585
34.50536603689917
34.5182775737821
32.08298675590809
5.343314405525647
17.84888942849496
17.842045279567007
17.885110008028647
17.915941482220774
17.95086129020097
17.97512434433536
17.994611320122942
18.056127882761796
18.07910715489345
18.127042779657344
18.152565900689897
18.173385348239986
18.19316416250178
17.729320309952787
17.715899869442328
17.71991734967107
17.720463316004235
7.892464927370961
413.0637361123264
413.22228908957845
414.5507371499763
418.44227162971004
424.24740754402984
433.1488892641467
447.02713895611777
472.76142542282776
496.734260118869
461.2634879999084
424.4034879258807
390.0630075987363
376.80475541918145
373.4179347739318
296.16374466118714
204.51203635157538
38.260418351904846
38.23739090349335
38.246351774162626
38.265415394381705
38.22211043782401
38.238076380621635
38.297743437005266
38.30662986279699
38.326339896112486
38.30991360316533
38.28379753141564
35.041871759846444
7.9056954937313195
15.926840719247965
16.126333417905435
16.277770813177437
16.358568441884955
16.440369378806878
16.50251312848028
16.548397014615848
16.60517223243694
16.646129370212776
16.70572140137314
16.764679623918603
16.835828966357838
16.88248420232755
14.779223462225804
14.723775469784592
14.70839555386392
14.709600309411167
2.545655362938559
413.6295184890644
414.4867680221242
418.251809110787
422.11092085058294
432.71957563866846
445.52984697022475
460.24022222357775
490.09805633676774
510.42047252969786
472.08809044089486
437.8351831912969
400.9439593149891
399.02187465927875
395.21344018948764
326.8026603304143
205.8844280087837
36.469007099188595
36.47075288492299
36.51820676579296
36.48708162782961
36.44628291252433
36.50257773833931
36.525379441306534
36.480048567784536
36.5004961602158
36.575879104274755
36.58711942415774
34.238180372325296
5.2276032246287185
8.536458808307977
8.64807451912601
8.761743102866744
8.832214334168022
8.933803852604832
9.019558558925146
9.073790493780455
9.120102066827439
9.17146670626301
9.240816808940043
9.304393242893463
9.342849936255774
9.383596590937374
10.896616702365373
10.911713556338357
10.930214715374373
10.948180671676418
3.4233918616619996
412.1695302798549
412.836533965684
414.66984647786774
418.75475552931243
427.35550352354556
437.41939056715086
448.66034147062396
474.1299169897819
499.75069005272206
463.07467461861665
427.63622898514774
387.56726176646873
375.78117002073407
377.9301452335042
313.74553806797127
228.0075992892004
39.47858277527689
39.46688647207534
39.37514641504659
39.3017677967466
39.22754980689065
39.131635209430286
39.12933022366258
39.10408010848074
39.05051443328323
38.99872559301156
38.99281018765469
36.01472200998527
14.176888639721959
7.962841495998169
8.106755375873519
8.183305188024054
8.266421894042214
8.350378237552045
8.406850210745672
8.490831548852643
8.536814565263107
8.622143147287558
8.672142764664265
8.735609250030551
8.768613659179865
8.830785278716421
9.243427583834377
9.298496241568616
9.283394155652813
9.31788018099295
1.0887032378364534
412.98389682233807
412.8791527951956
414.20111903475055
418.2423775641759
427.5415692507711
438.16682828115796
452.1442030655729
478.14464763149016
509.7670985846121
471.0883880210531
433.7254170833465
398.2191537578104
392.0652699605289
407.69511144036744
345.3170969444125
233.61059795030687
32.07350145351705
31.981989995969847
31.904815640576462
31.900268495926838
31.814436369868
31.836834411573506
31.80986116895489
31.764824277307124
31.711369773065986
31.65184511457519
31.61174837715187
29.12457920816639
3.185892149083086
11.539430020091979
11.569629519018601
11.645710475533301
11.728797020411175
11.790877408621952
11.83728052444193
11.907087134809155
11.975541762003965
12.015889123825117
12.053117090461827
12.08137322049519
12.105907270750466
12.121700972317129
14.1946861392098
14.295705148786706
14.319540181635837
14.378091991139474
3.5711239316298484
413.2953149771932
413.46556840156205
414.3252670131084
417.84695718891703
424.15658500660686
432.96802347836456
444.74825265558957
474.013755372366
504.0565953998968
465.96113366321595
426.45561430087963
386.88762902054305
378.89258376539146
379.0445444119132
316.28688657644875
210.88601447840708
41.216512455842185
41.234667770360076
41.289526918476504
41.341879147309925
41.373698750457926
41.38630295583625
41.37785012513364
41.4256278647787
41.394001541518065
41.409994801111566
41.461550845823446
37.87719360360078
9.734073134464033
10.076038924056698
10.372454440530012
10.552970477254384
10.677517292095366
10.791929979001551
10.895057229951076
10.989724513640372
11.054776444625016
11.15384317846882
11.237899006195725
11.32482224744876
11.38570329515451
11.477311437579365
15.11467037064117
15.25081221537204
15.413198486751464
15.499743849001874
5.691751681637646
414.04946658978605
415.15593089722637
417.19355145970803
420.9934231146246
428.5326355641489
438.5069887789462
455.0762502622434
480.80877031011437
505.4157266433226
469.22435653385037
434.2452967707839
398.6644906432229
396.55584403094934
402.8492895559702
338.49603695783367
218.5622994281062
45.782333770489196
45.79295505965714
45.859611044526424
45.92344212398713
45.956817594279315
45.98351453291621
45.99812423916181
46.022727950598394
46.06184672953275
46.03513897392756
46.05206042503878
42.6640694481194
9.830487946685386
10.606059232155225
10.689433100935577
10.791868733386734
10.852233389903942
10.923751092724611
10.999525001827013
11.085924314672509
11.143234595808636
11.2140748667832
11.283008466568884
11.334639446951575
11.394746457520137
11.45905756064515
11.831442434788586
11.848626032786823
11.874121444314934
11.846239991820905
2.881975348967437
412.9475116463341
412.62062662333227
415.1159532909011
419.7694645314367
428.5385691250887
440.8681823746076
453.61872173422194
484.22931574271723
510.50506363279186
472.33016907317676
439.7742177480402
395.5316143166924
391.6958137797344
397.0612258251803
334.84663976392625
233.25143691850508
38.49742446098335
38.53532213295104
38.479041773276144
38.488558268886734
38.47415035075228
38.45016241643729
38.44739314018199
38.47997168459619
38.483351086002884
38.49579153580247
38.546852913896906
36.01507667860958
9.831415385108535
16.080090429075984
16.184762329661353
16.265062492252213
16.30516548297179
16.354747746467762
16.402051177849337
16.448821855830584
16.46525531080402
16.4918007495833
16.529078709020812
16.581198143895765
16.614668746224936
16.644215675269773
15.071190474587514
15.026324936827798
15.008498716068305
14.99368345802034
0.506285805772512
413.08391254077344
414.0257393356713
415.2456406127098
419.7619848493106
426.72464370719103
433.81206529612166
448.63775742706747
476.07986248993546
504.03695616673957
467.6944000763514
437.37481366489226
397.8634903092939
385.85094441721657
392.6792050511027
325.9045509412633
202.79699068826537
34.520924472974855
34.42997782309912
34.377429001189746
34.373301652001494
34.287869299374954
34.257242197559826
34.24663993210051
34.23305063041686
34.19484474112664
34.172185903996606
34.15465646388086
32.33012462398853
3.564890259482131
18.008734227208596
17.98139197011933
18.00545775875849
18.009813412047997
18.028461844138686
18.045026713061485
18.080426884090073
18.09565115932099
18.142912629809278
18.16194812292517
18.194859057072392
18.23693110663753
18.235206649694913
18.40858208213499
18.41981229030554
18.410484382380613
18.431110545449407
5.803872798590194
413.7649450879152
411.70452165314333
413.5568827615944
416.00574444204045
423.78911056062856
433.15844238354185
446.63256613760893
473.6565200887986
494.9802068121376
459.1838999578324
427.05870182668633
387.36556674427084
379.4178878910953
380.09432711164754
311.6811306666229
206.67575050489177
44.12826328107526
44.106227212924
44.05595877288091
44.05035354411552
43.994566994432724
43.97583159945035
43.97841913199895
43.99932318133057
44.03990885910185
44.06542059597506
44.065500398406684
41.215802649951115
6.412058803079813
12.224230209206228
12.346928406134714
12.460078955916376
12.523449877100424
12.620068984365531
12.662675193299906
12.698584718456477
12.76097882678803
12.82384581869337
12.857488907237418
12.937862664567835
12.978524704036472
13.016749202519872
11.338154711649445
11.320570203654464
11.309111971314632
11.271247635998947
4.276781554380321
412.0238365183217
411.37726208451187
412.04524745194794
417.90395611154776
428.7642921848854
437.2204289970461
452.5925225875601
479.1515386551209
510.02674180934247
472.8749743245793
439.77962168377246
400.03140439621734
386.29170196628195
389.6484690106254
327.5549408102813
219.23622601941656
42.09484678570039
41.98047626234739
41.928906469580575
41.85897693567305
41.84157478092671
41.73004953742224
41.681889431770216
41.59593257871371
41.50810084066087
41.46738319990547
41.459298044801706
38.94794826840656
7.843665953136906
19.00209056966089
19.051057876961718
19.106408829577607
19.139087040977934
19.199768787754746
19.25135168608411
19.289029783895124
19.3334091190228
19.371036823806943
19.434600480633506
19.45777318633636
19.517381718855713
19.540719856610288
21.617163911334366
21.714352730995476
21.770572818423165
21.848073211230716
7.038004453037796
412.6693227797119
411.78651289593915
410.84293256151875
414.7021862766581
426.0855904353231
434.72226251494357
453.4712538883008
482.38656575560265
506.5147857310627
465.5241700320497
430.82221998346677
392.21679955760635
376.0394160385469
376.06982858035695
313.11857670602336
206.0239248344442
45.235177464222446
45.144196616939354
44.986369537750925
44.940005529793766
44.896511719248565
44.885266323769244
44.89479852455787
44.86910956761566
44.87109473259816
44.8143412567624
44.77527892979777
42.40055955607698
10.256139020966058
9.501789061893692
9.565671154137926
9.628255558362731
9.668697715577922
9.713060975849544
9.78343734459532
9.810583939942251
9.824833081268174
9.84918070860063
9.890543858199049
9.92605834175005
9.964528648196826
9.998407147888475
8.687407451146273
8.645021363871713
8.597289268839395
8.542988680843166
2.324318395940232
413.2942630363642
411.7471087350975
414.8728842258061
420.48391983038
429.56880171723805
440.1393302697224
451.15042382744195
478.7105850827817
505.6600815783505
466.53856777430775
432.4119859333717
391.31078942855953
376.3290124648919
386.53429696603064
326.0723041372086
212.1574879859777
42.42380648841649
42.49778967481253
42.5410071874356
42.61235731144775
42.64442854564493
42.63513366111943
42.630042979387184
42.661136584633496
42.66724812919463
42.73056285547498
42.71446009680662
39.728209740498606
10.117772990508914
8.911929203682517
9.045397495249164
9.132798312747092
9.178594832923967
9.222102339071624
9.27815749234226
9.34320661160947
9.435182187377412
9.512513570941788
9.587588646292309
9.639119834194556
9.660189148628861
9.697049449284213
12.020530537043834
12.02431831159154
12.063775768237042
12.085317960358598
4.468264535193906
412.6926814020893
411.8232824590537
413.46107802915424
416.44171194928106
425.79534370831277
436.57892755295387
450.7975454981011
481.33097288105694
501.2112726064806
460.31979392207955
423.4672522593465
386.7967028434109
375.3715182131774
370.28107626454266
312.57425365467054
207.24285022462897
34.19526113715395
34.09426761918726
34.06710980357347
34.05922738851359
34.063821235130476
34.05050377891076
34.108270864334635
34.125623912404514
34.17489755280842
34.15882936319235
34.1648791062135
31.753143478389518
2.7699249816517892
18.202777742951888
18.22920906351762
18.28713942033287
18.338901077853023
18.361052124235144
18.395678581905322
18.43706639261821
18.465644204118615
18.483124891213865
18.50678140341754
18.522707377906336
18.545168156235295
18.56183577677411
19.07915760702775
19.074739109312063
19.11266222016155
19.14371776495418
3.2247862898668385
413.1566548339209
411.11964133865433
411.40189937977607
415.25092024193515
426.3385631739679
438.6641901768908
448.64870559760925
478.01809877411534
507.14407482185743
468.15560046432046
433.84980017555546
392.3530886646996
382.04192595227744
375.13349916638197
297.2024891785519
190.11577568229688
39.00239405612978
39.1007446764982
39.156905635541044
39.20283858144576
39.287191215070514
39.3385080108315
39.39638262932745
39.40391111206449
39.41918449218037
39.43083866103215
39.436608471080255
36.369206376736415
1.2992776534221733
13.805748875724165
13.885262585137587
13.980499622380533
14.044850512209257
14.091118558253449
14.176764766906716
14.252503154238186
14.328901610546337
14.398827572595284
14.448024238830149
14.47112057279401
14.524975265610028
14.560547864028305
14.057981775819602
14.06665782763952
14.053029312489425
14.041053127551313
4.073181362056221
412.0512529446181
412.20020233001947
413.68971953209825
419.5636642962251
428.02132012489415
437.5340082199147
452.09013448378175
481.69391922959676
507.38032256812
471.43810979604723
435.399988116205
390.57132453421286
380.1025079158055
395.4205206734124
334.6736178545838
218.0747805383908
32.4545789389939
32.45275630683838
32.40763914073558
32.38051048697057
32.383929388513586
32.39492207073575
32.43237457981218
32.40918999720756
32.39866858451233
32.38591806022038
32.37471204643008
30.353006186526176
2.858182402457334
13.366817086600149
13.422579480327016
13.515077772889628
13.55334354229197
13.590281717789344
13.61792348914333
13.653184505034963
13.689639792530555
13.708233129525835
13.73261351682279
13.779532141166245
13.820056314023752
13.825845804749871
14.758617292531772
14.745297853817734
14.739180485145784
14.735207210458741
3.757816357974974
413.15889317031804
411.98101621502525
413.98144052278167
417.2490457195698
425.0427442827842
439.5821567213673
453.533216570512
483.25751482861773
509.62909144183516
473.5492525935913
438.78160057923833
400.4986621346927
399.6262979500058
400.64284271760715
326.3894153473163
223.76595166107347
47.79247770031238
47.82893552591395
47.859646506048655
47.907054056648164
47.89720929833579
47.848770876226524
47.85203217188645
47.836216883158194
47.82050702790675
47.82894074095339
47.81878320364797
44.699238786938665
12.10351639352168
5.879870671310418
5.9527234589271245
6.014777989286084
6.076264505055095
6.166165066840347
6.213479575135927
6.299887759248345
6.3516692184290875
6.418495862555574
6.478652512194365
6.5495211183244075
6.585322329505269
6.630000737962647
9.070385485511613
9.11384355525778
9.167997655892608
9.241369814968541
3.1717317332982704
413.95166662156623
414.2461661133247
414.549099060249
417.5938209901755
427.400425637618
439.5373261590881
456.11810908153717
484.244196113539
509.8371739711431
476.9200758359768
443.6077398317461
399.74760356388924
383.373762256529
388.85486679094237
326.54562593270106
214.72990854056977
41.97147543432351
41.96137080082869
41.91787846550324
41.830278330835625
41.76893664691285
41.72135705369984
41.70495640597267
41.68177977509503
41.63568711336709
41.621286955678364
41.640966040602045
38.440802071280935
9.290525910019191
10.361001337626243
10.41763369120779
10.485998939984295
10.57715374975353
10.708305965642857
10.776710678135409
10.837096368062316
10.928503648166457
10.960669729797067
11.015412314059068
11.08376811575488
11.144015489480882
11.19236238844391
12.078057870371802
12.065819616220876
12.093113513713874
12.102002788148608
4.203945765066573
413.16294391888425
412.10873312556515
413.3155227546143
417.0229541867659
426.0558326885647
433.77227395749935
446.9319312396844
473.22532070267704
498.37018642831686
463.8763663800615
426.8739173683771
389.7938557598855
381.84058293998095
380.9177172342291
329.50932602509783
220.71900491512866
42.14520827663771
42.03463780094912
42.013747347416626
42.05374868948261
42.08226232766119
42.065805942184234
42.01166000662286
42.00939252778691
41.99760576884256
41.97154992407697
42.008911189185746
39.536989816748076
10.14021244076313
13.690856530877987
13.821970406246692
13.92542043705848
14.052246317173724
14.140709777989155
14.21009050265357
14.280213591713741
14.33821510912337
14.403697967643987
14.434184877683814
14.460418651790233
14.488694697672816
14.527548745102834
14.768505095614318
14.825305231322812
14.862794462631523
14.891010094559867
2.068755232228158
413.12888684337145
413.01131073412944
415.6017194922635
418.8661389726518
426.03684167938746
439.91981490054064
452.9209099274354
480.6190263041163
510.50290780662795
472.7122117135761
434.70641276803315
393.13860251273417
386.7169283252059
390.57619160984865
314.6409884388139
193.5131958072911
41.959294970391504
42.04313619778632
42.06087092698549
42.07630106205918
42.05856617767627
42.01075451471243
41.9517258358289
41.94277094507406
41.948269477613756
41.94535743518888
41.97610954104782
39.27424403418666
10.839137760278895
14.051170945195295
14.118044578450291
14.139959696587853
14.155865363453136
14.20163572683208
14.25131981810646
14.315247754285961
14.344284389094755
14.380348143697997
14.435639442425106
14.448249372875672
14.467138137524366
14.508413465817094
14.906982832109534
14.883440719939001
14.896453428235716
14.906811181529784
5.658891849938309
412.56674578501656
413.8100056945438
414.09855375227596
418.3240518238065
424.1455321816963
433.6046865735924
445.6541959523657
476.5170176685516
499.20986201725344
461.4363679914174
427.58250342643413
383.5788280733285
367.45396233691787
372.26294164333297
307.0933256575908
214.97437535159725
43.71867573611406
43.781861388892814
43.86755932469973
43.65006084779682
43.66258257948094
43.73215987870701
43.799517079969036
43.79159281117588
43.776942358256996
43.78267718893178
43.75335653940854
40.49770163344682
13.319322957068321
14.248732167277547
14.283542176569178
14.324894397600973
14.340824708621565
14.365606831053752
14.430612244847092
14.456432120756
14.479279022237282
14.477951697938186
14.512031714606499
14.527722308184744
14.558143088669063
14.576102806961275
14.027472732430711
14.03920592760939
14.020464221272093
14.002824714644692
5.157537654025455
413.14310480845984
412.9182763307795
414.50895773918444
419.54356933685256
427.0321904068445
441.39352712836074
457.90930760730896
483.8713763190321
511.7405086386906
473.0442848343962
439.7407170355185
396.31321816946524
384.0389353582987
380.33421467512744
311.06766897342675
195.94166961654594
32.15538832205971
32.002355943136706
31.506469898402997
31.42065303586956
31.401557708502068
31.406363450771394
31.425293467200817
31.397100393467284
31.399182482442182
31.451756700434153
31.438225112531335
29.291480756272453
3.686181514938709
11.707562474247359
11.784713058399555
11.864156748932235
11.932626892859792
11.984287662548281
12.055230187030908
12.125957840043139
12.15262609955653
12.223711181205145
12.27818100890722
12.34305616316374
12.430888389037701
12.458017127820996
12.863831507925553
12.843603570123047
12.823914394368725
12.803915658612524
2.234690145185501
412.13510752149705
410.46661522974256
411.8193086260969
413.99762292679156
422.1887140271335
431.48441047961035
445.24476767420236
469.93822527450885
496.5303196016872
459.06982285537384
422.71841137343154
382.52991843293086
377.20652210345906
384.94982270447576
320.1338877346304
212.86649373967404
40.94367808418362
40.87939991167505
40.871034014707625
40.852094932399744
40.871278748756374
40.878902127436355
40.867323505503386
40.844648174345764
40.80071845666494
40.82424279420935
40.83457459231204
39.394111636179424
9.32826945084285
10.190916776593859
10.294884708605876
10.378624820123331
10.460851867183576
10.527533484455883
10.576502094721995
10.647953903303614
10.7052122561916
10.749166828578103
10.780604564263415
10.794094284935335
10.813999864837493
10.846482820588124
9.770486207331427
9.761170196823587
9.75954870841442
9.757085325979002
3.3583272195222245
413.5683867634098
412.8648761417178
413.5857332885199
416.9212122350572
427.006871577754
435.90474597881644
447.5574738431642
474.55908567654296
499.11914659455755
462.3597863052196
431.62048565668437
390.2251641427357
381.2563239211326
391.4282046860581
331.3813048829195
221.1778880498578
37.25108550757043
37.3239813352072
37.335300958424476
37.365195197374874
37.37884102175425
37.38179442829759
37.395345859552584
37.417596911470554
37.4007884203753
37.3862696788596
37.37032809253227
35.143770253445986
7.739306090185945
11.7909422855084
11.800592526563808
11.873712234435573
11.924918282785104
12.004392717684766
12.083635880074887
12.162540103519284
12.237377382104054
12.296588936876633
12.384841747683893
12.467333727335836
12.508441612584775
12.596920081729037
8.58015345022846
8.561849203868167
8.546887401156566
8.479746252623011
3.8161962443172364
412.7912477051517
411.42302507443753
414.0004515034727
418.4156027644178
427.7732391352311
438.0103730205795
449.93521995389466
479.2174653234424
506.6952009570203
470.56792776297635
438.2580075497016
397.14769060355906
378.62906298711
384.7219304064033
324.90389838209956
230.164461797321
42.82359585673291
42.90594312177625
42.92946880058102
42.921671179904976
42.93499882840057
42.930575061686845
42.9378343715736
42.92443753746491
42.90770536012093
42.887154042550044
42.8532606803138
39.72844015887612
11.044171991543795
12.352192360595794
12.529117938935213
12.687976628338395
12.856202737136721
12.954662166857052
13.028872800185242
13.08649660848158
13.200338783303845
13.260904486448267
13.318287330309133
13.372625106298507
13.420633463813678
13.481362276291042
14.960184792039058
14.994479475415503
15.006044862755127
15.049400128315952
2.2989288011169604
412.287009506964
412.25150797112747
413.0512454827531
415.09164309564073
422.46193707887596
430.95186026467655
446.706780503794
467.88326261194607
495.08627434205056
459.54308159514096
425.4615099522638
388.90998873710805
372.2067892758325
383.3810564220557
312.8991645490445
205.59771618348793
44.067051715644645
44.093974762681576
44.085737576788276
44.03904500818951
44.043018828025886
44.02623623537342
44.00027173254147
44.06032965260335
44.089747113796825
44.16193194564637
44.15655824158816
41.58287684895595
13.105299746999677
9.328615113197454
9.40402927616782
9.47278644353316
9.573972392765913
9.690867601943115
9.766635553232545
9.792295970389613
9.8303497503613
9.878787437933777
9.926394057257479
9.961621905699776
10.00437640482142
10.041687385564538
11.673663794972589
11.7328319789685
11.811792073303074
11.884252501294009
3.072475866686507
413.61225047825656
412.6720106958689
414.638304724156
416.6546383759307
424.7959996685959
434.73177114962164
446.61001738444554
475.16835671140205
500.6405380465853
467.55830082570543
435.87794109700747
398.27296820072536
392.3847835308897
398.4439962211673
333.9317823570762
229.64195229480296
37.06760392969124
37.12535921984792
36.81191151802045
36.9046688834023
37.00690920360494
36.94762266345309
36.99555747107731
37.01858343989418
37.008592063219794
36.97742156842359
36.93916467108703
35.524494261789314
4.762120906974156
16.42033966595907
16.55187727638685
16.621293026543245
16.66098995664314
16.73206478592103
16.769887426772268
16.81378324617612
16.84960624563416
16.888796465771602
16.928499217707333
16.96951592158315
16.97614155751372
16.99381688811319
17.86719574877707
17.913094464269022
17.973720742192253
18.007571168981613
4.4195167532663415
413.1087276645594
412.3109778321986
414.1704649218611
419.07780085727825
425.55468837179296
438.11645974188633
449.2468597656268
479.5016702750617
507.0401236782176
474.4613311818208
440.5505709693712
399.681639584858
395.0011970735659
400.09214221296077
334.75457202324094
223.0352368491024
43.32601480642216
43.39803725785198
43.42241030649105
43.376813564560614
43.378210019608844
43.411953141336255
43.39187100906069
43.384484531077554
43.36219165854156
43.38452395768784
43.34203970804991
40.125911230360764
2.996682986595342
17.724882262137
17.73417544892253
17.783788525557345
17.82420739108256
17.851879511378822
17.894912919033377
17.95250776607088
18.003102307391938
18.066856971352646
18.142053747550253
18.15344730514557
18.166535969825606
18.198609154867473
18.816163025214752
18.841145655836716
18.848869913517888
18.859392834879923
4.806967446300202
411.909425674731
412.4847487029371
413.3133148094311
416.57714607554703
427.861322845708
435.44629103037767
447.81070883400696
477.5838994569707
508.99032759172064
476.62588378475425
437.27688438747646
396.8964169539519
383.0732157369817
393.6860107519208
324.74976797957373
229.0976705336277
41.113892135290705
41.02830883388417
40.938125362629336
40.90113511349262
40.887100762928185
40.854161172511645
40.81663460783741
40.783895657654206
40.75853213119393
40.71756690488096
40.758055976155994
38.05413860325049
4.868068699017152
14.404537335205006
14.505607352575748
14.590696861990502
14.691065754226988
14.787662830472179
14.82674611555094
14.877322183461482
14.91027097530229
14.91956816736728
14.936891455364313
14.938854738883606
14.956434353155704
14.986470699595783
12.594019995854515
12.573186707793974
12.56378035196245
12.547477001395034
3.2004164397376726
412.4420521716489
412.94941445638085
415.721164828548
419.9514798476298
429.643159006503
440.19050033103696
454.7546767326512
485.9284734917137
509.2769731030217
472.50991390375765
438.22613214632423
396.90177950611246
387.5122722555833
382.92075456847346
316.3318097098657
209.58262239089916
42.4129609441712
42.565491571885524
42.56800731785705
42.603030797350186
42.57094235798972
42.53137182599428
42.54527212504437
42.55334308651013
42.54907887373392
42.59193074632728
42.61442813712488
40.64299850406552
10.12567057481472
10.02972072339921
10.094674599388348
10.125977610981671
10.18633204552239
10.238011648643491
10.286548665411994
10.348010570342906
10.412257538432756
10.433028375227892
10.468435402440246
10.526808400063175
10.549435972090848
10.581056667227193
9.640066957622514
9.61325179799715
9.629540547855404
9.585353307777833
4.147636703590868
413.37325873542477
413.22734066651986
415.9742777696901
419.00329644472345
427.9520108247526
437.16802157443624
448.9976423440956
478.9583089885874
502.24489086533856
466.4970630218791
436.95399777703545
395.4252709057021
381.4411760187502
388.3401658739068
320.0074742079833
221.01963271303103
41.12179867100962
41.01104936181675
40.95316881856094
40.86939538897389
40.76885305674158
40.652162092118154
40.61799705150433
40.53832680404632
40.43853389806572
40.3606897615219
40.35154568386557
37.91360453485052
7.130547978905945
14.335995917487452
14.56012018149481
14.754949160688787
14.931882969944908
15.077122874781361
15.154761189139034
15.284192959404253
15.402268828423562
15.54202718898512
15.66042164799047
15.759859856247875
15.881824183128515
15.97956331996741
16.816722216335485
16.865129208221237
16.901704880684274
16.908557127219535
5.545258048761698
412.9524163586495
412.4503198462619
414.98587283001075
415.86131304339193
422.9540814540617
433.24996505473547
448.2402100443077
478.80366937811954
503.89519212471555
467.28966423692395
430.7529391814267
391.65644693550513
383.1126512574724
375.6409509248447
303.89379009863654
195.67455587801206
38.95852300838043
38.92706071128925
38.95835336022368
39.03268265183522
39.09841666489186
39.15684139623356
39.188884781539144
39.23011670862263
39.27161130179872
39.379223469647016
39.40631145528838
36.835634165049704
11.030825777799262
6.92986189817827
7.0438660123702235
7.179323004801917
7.279836798019791
7.370298144562598
7.479063082045733
7.564924940414601
7.646806561421008
7.712838032570265
7.791541519748893
7.8817316447074965
7.949458591339132
8.011206926776108
9.829121805072823
9.853683916275028
9.900724305860324
9.915957748267116
2.254369683687943
412.27463003995405
413.3828754162362
413.7492669917201
418.06040855439323
427.84153292594453
438.36501209766055
450.2147800290456
480.80757723911506
506.28441448148305
469.2093933428485
433.62025156665186
394.8885994187291
388.4829123603478
383.3715522991327
316.03345726147944
185.92092734214467
38.87825984617827
38.868648160141866
38.83103562661156
38.85291982364062
38.88455072131237
38.90751904718311
38.94767553104488
38.94078191445231
38.97966716363793
38.93220436363606
38.97067069171427
36.351107709528144
11.686937510655868
9.904452346571741
9.942845978282323
10.000266779063004
10.07813894922926
10.11616358827403
10.141689497162153
10.194428224756095
10.227058781054595
10.267697185677719
10.311218290309768
10.349996101964182
10.388701285775992
10.413114125940494
10.853994474717434
10.939296083300164
10.98223636446727
11.028363573151443
1.1164587097150076
412.8431937935759
411.99585779055946
414.1981344409232
416.4460916099037
422.06954852011194
431.44413307466687
442.39027633264556
472.10950210040454
503.7408946707007
470.2288870227118
441.1681969294783
397.0109407907521
389.01715743515473
392.1628102855931
337.25493459061835
233.41683701946994
35.07742035447001
35.099997297262334
35.037521939373576
35.01807292799682
34.96543111395452
34.961976047432664
34.953631173326926
34.94991886123465
34.918166726470226
34.96252485298625
34.936355613034934
32.5003364250217
5.197488680053698
14.633174070999102
14.655239879930418
14.684891110048893
14.733465211324289
14.782761668366216
14.840474898170989
14.85181315131826
14.925920164573387
14.945976011088133
14.990848247940454
15.033126850907228
15.069366227660165
15.125820626179571
15.118852720104
15.15321749006165
15.161414973988931
15.190487230895148
1.9446038632812017
413.43108735021997
412.6250746926661
414.99187604731947
417.1279425896113
427.191302086701
436.9086186567162
454.11450088448686
478.25970144832934
505.7581807466925
470.141379885678
433.35330708450005
394.5369845473169
385.6394558236273
403.5676672327821
342.70801732797037
224.96729583809704
39.70280362175921
39.66796736651979
39.651366500539666
39.59256153063751
39.565258275071436
39.619414036393806
39.62070723060808
39.60016973904827
39.5850347820554
39.6052646252014
39.61542603980959
37.42793758039193
4.490808938244858
12.4004655187694
12.505881839782356
12.575858055531139
12.61367827019969
12.652869152468966
12.705040506617541
12.732014808763507
12.791254720795935
12.816998970393882
12.847341460217406
12.860902324622003
12.882197126823812
12.91598838837632
10.73259600362201
10.707228583747503
10.695624767179295
10.683256991481711
3.43817517047654
412.20645066691765
410.8757070355411
412.61338771881583
416.3562152229279
422.84902048281396
435.1398182777389
451.3741007871608
478.46245289037876
501.1762325389514
461.9985659375785
427.107396011683
387.687913444376
381.4801393765626
374.311296563921
312.946352312562
217.80485068949434
40.60357985685141
40.55528645812286
40.624508641979666
40.71824166311136
40.717636570913356
40.76337738573225
40.75773058452235
40.787224710777586
40.75003951041616
40.713671295577235
40.72487285570542
38.57303524043478
10.66054540971091
13.74326878284773
13.902131833990147
14.006535401997956
14.093610260524423
14.191620252281506
14.23549465163279
14.327534092340821
14.384437996416546
14.472982033173817
14.502442544635922
14.542426108131334
14.594156925791891
14.611722435522866
12.73710072710384
12.708592944336175
12.66670567224539
12.625918541926199
3.536523307688528
412.6863797846181
411.119192963668
411.20824000863973
416.09947444713794
422.7878576658128
432.7047906334862
445.68724084264835
472.1441370598582
496.3079806539103
456.04075412877006
422.0264388651107
385.28875509987563
375.8779890864871
378.5647906996405
312.0052497338068
201.71457569250333
37.38673692088061
37.312020018065
37.28146690040927
37.267248478808035
37.24884856572493
37.23067669454165
37.1921000677033
37.16783144224654
37.17074498361212
37.1805068581162
37.15984636702112
35.347292407993585
7.507686009945103
13.069709660737022
13.180927156283866
13.295187730422946
13.407933480235373
13.500239836636329
13.549455109263029
13.603060502077977
13.674259602351082
13.722270997070293
13.768666018005733
13.83361349991547
13.882465561032626
13.90667868008416
14.922429035162912
14.976379156548767
15.009542227714686
15.012937914689081
4.887919766755423
412.1734655840365
413.22211812009465
413.50304432152666
417.7164006698641
425.594983621172
437.5244465472735
450.1232633097592
478.1125476861959
504.6972706226018
470.27089937898654
436.9738898573828
398.1649569804983
393.4417998471438
395.9324368094402
330.04207817839665
210.60740070242775
41.809780413022345
41.86266020872825
41.90676283367293
41.968766448565034
41.96377981187172
41.98536299381569
42.05232541567228
42.054858960530964
42.08976228919312
42.1205626853159
42.180871028066456
39.65855559912551
8.130199490419834
10.817283157674261
11.045209787455683
11.163135510584537
11.261549220693363
11.378082980076785
11.47161190065466
11.547186908432408
11.632243595041254
11.707488570917114
11.78235792161656
11.864423075971729
11.955420949229023
12.059381229543455
12.539840590689135
12.555279694849618
12.574200320787911
12.591089600355398
2.809425138482671
413.73023393657974
413.87969072011833
414.8697755847456
418.1302788534415
428.23959861377546
440.39768511738123
453.888241711869
479.62804070974903
503.0032170913201
468.64499180109135
431.3648862539379
387.6054060103046
380.07140655120685
386.96866179901474
332.9892133538154
230.29834271584522
38.17164714459674
38.11559184338253
38.14160178626591
38.11870518658727
38.14264985871852
38.18234462994209
38.193876971193184
38.23275925745963
38.239701663988846
38.28602783821724
38.27502709493959
36.30223443709131
3.1236174644917933
12.430621820679221
12.501442854707582
12.600038644900799
12.738265422122767
12.797588268030568
12.897967192803518
12.997345011378352
13.092520836374725
13.178825865311508
13.224188783103038
13.292595789279781
13.363282460752233
13.42564401509673
14.31630428118645
14.400640828052858
14.456986385679587
14.495574600709368
4.128964506785288
412.0050216597125
412.5150312969798
412.7430929509245
417.90273805057643
427.0534866494099
437.4374831719486
451.38850330672
477.726473724367
501.572621034971
462.86626667218434
426.92836366432454
385.7351227514409
375.8106384397079
369.8464795216899
294.86804783054953
197.14142814170083
39.005430891815784
38.90349560096414
38.79255767078967
38.69480645229551
38.63038514474292
38.594840188551004
38.60862078848386
38.615273074828075
38.61529005551365
38.632884323088454
38.61436272788802
36.97325592670865
8.81151437968312
13.748441764635206
13.847508653645631
13.928167983305384
13.994520950635872
14.044097622550883
14.10290759476674
14.159974232732274
14.230029982425732
14.264136427064095
14.286432038809327
14.338275720898936
14.374652849729795
14.407938020614123
12.474831981159046
12.443090196782055
12.37536522392885
12.338464972723058
4.0259221547865085
414.29060695842463
412.6324456568688
413.61172443450255
415.70997141864194
423.918804792476
433.8287676626495
448.27935980815903
472.9136142684442
502.962386571456
470.0584018279016
436.0233639835206
399.96420301057566
387.253445136776
379.93549179910417
309.2128079577633
207.81835766316894
42.66100882958045
42.62491391836609
42.62737250047751
42.65017598294424
42.699641848466484
42.74308395289797
42.74446841993008
42.74063946457797
42.752987042285234
42.76424498842029
42.796964896492504
39.991205148521225
11.925563189201533
7.441877309949509
7.520874512739936
7.595542969085275
7.644399024032648
7.694851240747022
7.713001115620595
7.764641363224592
7.8095199017763255
7.874582026932928
7.912459498866182
7.938050089434553
7.965439647336985
8.000117209607016
6.048710089584866
6.075710294021744
6.083948883440137
6.0679815713094225
3.631965920185786
412.6083609322578
412.1011937387452
415.27377244650614
420.0420994761671
431.2505791696729
442.0665984528526
457.61430393791966
483.6145990630133
511.3308269793357
472.2614301679013
434.9856879073924
390.9342652812319
377.3446461281967
380.98234107834554
312.94164953231325
215.99173730045024
38.52537564490856
38.56849048353151
38.59592518749958
38.59799101546057
38.6224450245245
38.64981981812013
38.65640261612433
38.68738724510905
38.72568116404152
38.770844375782445
38.781211672255466
36.534326982019984
7.397137910387173
15.49354755921202
15.59848092721114
15.687022356161512
15.749170243270504
15.788729388984933
15.808884787205349
15.839198833200049
15.857764540653609
15.875698584722153
15.913157837787734
15.94290385077344
15.966559670907888
16.013272543816417
13.664477984873766
13.687216299644378
13.671107255356048
13.673552200892608
2.240414061240838
412.25106981866753
412.12181784257035
412.51036237229164
416.3513068258625
425.6315896762783
436.0859155032424
450.199563868417
478.12294178914823
506.54521846045225
471.5883069301294
435.73556890666976
395.07674621816085
392.33806626853925
387.1980175600239
330.81576532061655
211.75886574509465
41.086466595525586
41.08949293152839
41.11426640285356
41.17198356836277
41.18894807858856
41.20089442084529
41.205843163160644
41.20208256871576
41.23386010078569
41.21827990402976
41.22675922838546
39.341726068581764
8.697344208395922
12.923855330706594
12.931667592902786
12.94776320646752
12.970859806385452
13.015609612601907
13.063429041004564
13.082475728367289
13.085464672208465
13.11742554155566
13.14182523759679
13.184618856974607
13.207924565166152
13.22100300514645
13.50840080707506
13.522084971287477
13.521513408233874
13.559294319284595
5.248348044528764
412.9534699020171
410.8560217591242
411.263645248467
414.4468542777687
422.18635694579666
433.5997201384611
446.1769685120898
474.2181622396562
494.37877068151874
452.89412978705326
417.6107156520809
374.56960869425404
359.26243391764103
358.20881812008423
295.2993686715211
192.1777279643888
33.60205079847028
33.53682467264837
33.53841290293303
33.51158799072788
33.45935566478713
33.44970439975758
33.382783342209805
33.41844013746309
33.389844962949766
33.301699517171784
33.29149890052752
30.592848424320362
3.1259866860279946
15.947659363780296
16.015945859187653
16.0835497843868
16.15090759237688
16.235966856613008
16.320811607982964
16.41435805605418
16.48567291855496
16.51784565162712
16.60410137778929
16.68908609140017
16.751143588854514
16.797238911611824
15.138344156181164
15.204287427212583
15.2174288312167
15.249212769165569
3.713043655576626
413.3619922934869
413.20519983290205
413.9729612815499
418.57765000665347
424.97827138371093
433.17060344431064
446.1503305319118
477.1338495140244
495.2349776201559
456.0983298467108
422.26945087646584
376.2818480132428
370.23475412248445
364.9665586279385
299.8320595950979
198.4456884738158
32.9914878916141
33.01105597873826
33.015559320307275
33.04239480532328
33.06594233193455
33.04382734286931
33.02911803566159
33.07548381746121
33.095698793141516
33.116483309174995
33.15336154122226
31.02457203612135
6.146359810471229
14.798417836667522
14.854624786220786
14.878851697139229
14.952344226786828
14.992418114433109
15.039526452191765
15.080613417655831
15.111461660825375
15.164844282615151
15.201183541941925
15.247590907161067
15.276653760364704
15.324492911990689
15.49087861364909
15.472905649670473
15.535819087313754
15.564765451765652
0.9799116993276543
412.63183067721775
410.8893459268457
414.25772615076113
416.3623079194201
425.31353372312674
435.418720400997
451.7872408330118
482.11740748706825
511.0087341354019
475.7824453631611
443.9822930233892
403.14905307647274
396.4689682632731
406.83123442512544
338.0914820881642
227.5158123586968
35.17750867814608
35.12765148644346
35.03723908578627
35.05438086070976
35.1196785126318
35.13413364294811
35.19959844289046
35.230773136074184
35.23546456493229
35.221844239044856
35.19302313786319
32.495266811115535
10.150806639367032
10.482631256099062
10.63568547218553
10.731154879774447
10.795486740059648
10.85106634594015
10.923617079484009
10.970782383285997
11.013831916538512
11.053231308778823
11.06777184709937
11.084189950987199
11.096359508938713
11.113989707174273
11.295165333689555
11.312236562233489
11.325272944621712
11.336667730043237
0.8845411784621103
411.9161348539226
410.67707448913995
411.4055067813067
412.9899527077033
420.38218239972576
430.9687752256819
446.36695533486676
470.6661793064866
495.2470755646623
458.9243630070719
424.345996012374
382.44342643820016
374.5558385421019
376.7094812287295
315.9935362481417
189.29430127116333
38.46781798267261
38.43006632366216
38.42321829510636
38.35846575459482
38.30904078057551
38.27077821820145
38.30758993786382
38.297221730846694
38.25210910758954
38.2703144232282
38.25048770208
36.11645544016293
11.974008526597045
9.64104697520009
9.682963208912325
9.758305761520484
9.820766704110412
9.855489334214171
9.886960506745458
9.95029683351152
9.982212580651657
10.022056990096226
10.082754079287271
10.132680267975822
10.196968289292458
10.223613162250413
10.9233532833675
10.95167785177387
10.94608111715195
10.949452082456999
3.292595714122993
413.3059712158113
412.48929585597335
414.48840129731207
418.4134090953189
429.9398024923289
440.55174472310244
453.3277055570756
481.50521960969525
504.30807571006574
468.40560376999866
434.7339584730422
390.7513820957675
384.66915024789
390.36257498180623
331.88925672492036
226.86620154310674
37.62607930811906
37.69464155325687
37.741300435563
37.786147302174165
37.82746723929089
37.88967289127387
37.9566815389221
38.074869253465295
38.12116237535806
38.15834892081036
38.22364535661812
36.49664292184432
4.72194696482688
13.077833685079739
13.156447522438311
13.227209394685971
13.300799166752938
13.337658252551664
13.415777584094812
13.487942652716061
13.517924647213563
13.526509577496547
13.578795227545216
13.640093713471943
13.670701637686932
13.718978116028305
13.140878586737857
13.159539043923747
13.173211927449193
13.146720760635665
3.737673432686073
412.504429134599
412.5847151443003
414.84747677189563
417.14887233209316
426.6028926829249
437.4944140894531
453.35299256708424
483.4060002394176
508.9330186143948
472.98318571892736
437.4620398985539
396.86508225718813
387.868397422669
393.5564864025229
322.0908041753042
223.42321746522123
40.783718382739174
40.85139934575752
40.84505921585163
40.873140488582905
40.848688146548646
40.85795315197404
40.901693356087165
40.92714358197328
40.9504647388897
40.9476483235938
40.91960951744304
38.724722214367766
12.04569696365056
12.591264026197264
12.71158486147736
12.83090649473696
12.905831359914956
12.97670312834207
13.020293187910404
13.052464020591978
13.086589554385958
13.122159061795324
13.174550865496482
13.206770762478124
13.223201868384468
13.275270941425882
13.890708322554566
13.936468558171066
13.971873485076044
14.038220591791234
4.773344548544217
413.73880780827415
412.13739725034213
415.01673865274296
420.0863358587841
428.1240579308695
435.99162986915877
453.2970207226462
479.24536748805923
510.18789394567347
473.99246558703646
443.4319494227834
403.4529443866399
394.62207754551883
394.83274232709914
326.2368359227867
219.01417177029404
44.49637513889058
44.448991056026316
44.38772589644451
44.360122908186106
44.36990659555101
44.382970520544625
44.416215177747645
44.408306995325205
44.42808063526083
44.4154015709722
44.42444826884909
41.139195937272135
6.47888389880748
12.855922021181573
12.888643071918606
12.951470416696214
12.974958505081055
13.05825071871616
13.127902750973464
13.17436219546302
13.259505045283817
13.304126251934346
13.35250174917946
13.395326443297181
13.428109571837789
13.486033079555927
13.767720480300186
13.762997459245257
13.779281697781187
13.759805120291576
3.9410255887307346
412.187221169403
411.414490272033
412.3988502408984
416.0735368036298
424.1648546757499
436.0129350192226
448.83774575317545
483.1296495153926
505.7672778377254
469.62776898189213
437.2800226983824
399.6042981962928
400.07968799975595
404.3127048612628
344.5870214180523
228.3013794759586
41.531192108340285
41.471511844051776
41.46166360807123
41.468622643976396
41.48787339621683
41.502686230196346
41.53065424558152
41.49561282116828
41.4760430679821
41.44998571854197
41.49315217657938
36.611826952965174
9.188293835820375
11.226233835247788
11.30218247206883
11.359732665214255
11.44035377827448
11.493094009618353
11.532183616660724
11.561795613671157
11.621241705191872
11.645897484849478
11.67667593910594
11.700502373137757
11.715472056058681
11.748905883355492
10.518044900539513
10.493415432409284
10.512264700091764
10.527254889842334
2.6308390428890314
412.9406115792931
411.8388786305109
413.01150174765166
417.4140854690133
425.5136281168067
435.28175177106385
452.57854249129434
481.0459256633675
508.5320399504689
474.98021869458506
437.5617156349748
402.20940666620174
392.642990846189
404.47253223149823
335.65138914723764
212.4232364563351
46.030925395940606
46.0371434872657
46.077152091131104
46.1490627918447
46.178598707553455
46.21138123114686
46.22855822177994
46.19769876479239
46.19317566658595
46.234437089145565
46.26068848147418
42.53848577938675
10.036857926648478
11.223967402629214
11.319774004265438
11.44831857044572
11.535668514029414
11.63403004940712
11.696065396346665
11.782627484158413
11.851080598142373
11.925747483427207
12.023935003332955
12.089619682227355
12.137204465781231
12.202895539608866
11.308880503095063
11.352163295678217
11.413456081146748
11.455031413271438
2.658262341153862
413.12895708736977
412.8921427502554
414.5925310653301
417.9297683355625
425.4821208600747
435.55928780585555
448.03512539932836
480.1659288314719
506.38248147525167
469.6045278681993
434.93410703398075
394.271342757254
377.87175033276446
381.62866057757026
314.04307395000353
211.78116293055413
40.281929761934684
40.35153942067979
40.382191205160474
40.391360483508
40.42337675866967
40.4625580438608
40.517458956289566
40.541458267078866
40.58988621302779
40.61283435508591
40.67348637686178
39.13468151569978
8.19404911357362
11.449082641853952
11.586253636413637
11.725817279088174
11.848823016974372
11.96953448603414
12.040354586103472
12.102745906909579
12.1837393831595
12.244811859026578
12.281399894608002
12.349656107821737
12.426033280318377
12.48675000573481
12.446728792840618
12.445184345164005
12.488412143595164
12.536080650464813
3.229659213899852
413.1069128295172
413.1583589130082
414.65984470884194
419.65904244865465
427.47476964700627
438.15783288104825
451.758218714366
475.3423743976752
500.2393421764269
463.98734388446417
430.09834560549996
388.8701698651603
375.4245175177216
388.7522039666328
334.98915325912543
220.35421818469814
40.641238255364584
40.64344111536202
40.692530513102824
40.73834321056058
40.806922891901955
40.837216042976756
40.83073612364255
40.843965268851655
40.83299482316986
40.85284307245146
40.83464198502891
36.74849521631613
10.552602207040763
9.454004795171159
9.536119136670445
9.597935496724313
9.668194227765857
9.72782715153131
9.781921299841594
9.85505207638375
9.907332143075728
9.973729826294534
10.039399318610103
10.122026129899709
10.1799378003205
10.224293304525313
9.520345328346755
9.475322913227473
9.468843811167025
9.434966571057858
3.8414247979525826
413.0084998768067
411.4717439188505
414.13053885352514
417.9219346956214
427.7441788382795
439.24581479456583
454.985341985308
481.28657505752284
511.31346897663815
478.57769252232737
444.52716901675706
408.0514385251367
406.2858412970775
407.2728929635534
347.47433149899257
231.98195222013234
38.469115713173174
38.29862939290094
38.17524793395981
38.106844138773035
38.03988942376596
38.02234305421833
37.98864928440464
37.98887510198101
37.96736656170651
37.94824014106048
37.936987497004445
35.66050365435712
9.038389029724796
11.064184525787299
11.205764554529685
11.336422072341804
11.463405524055664
11.548582899853571
11.668648555083958
11.767671909801404
11.8455990492655
11.903485787305687
11.99140045974987
12.037199500638879
12.092869928202292
12.153074150678187
13.111466416960399
13.167435426618724
13.202088530134715
13.20896230496779
1.5577367331719194
412.8139266912712
412.0586331554941
413.3591363247755
417.7565844273
425.08174954144624
435.05884474441837
449.3454691783652
478.33609957452353
506.4091090159501
472.5036994444267
439.6318425252608
395.62039596308944
389.5252504330759
411.8574693397126
339.40108087786115
223.71848954211134
43.9732645154529
44.049342140437176
44.04931383840564
44.05281517622922
43.97929645858526
43.89154091171448
43.83591938459819
43.7500285362676
43.7053798223538
43.66261025385446
43.54991527225208
42.13456089536853
14.923075787433781
6.141082796658568
6.282829748795209
6.364746921616183
6.462980551527253
6.520944048875812
6.587155268076961
6.633855315539433
6.679840616388639
6.732686217324183
6.769012679366346
6.807694006759743
6.869154869348739
6.947691620936143
6.612376962794861
6.582637742989278
6.5925957760281
6.596951129286792
6.629705890267735
412.02594953861876
410.8752414595309
412.83572642649193
416.3546035721119
424.92731768943156
436.40254070657505
449.49184635072845
477.5177095002632
500.57452377658564
466.19576614539477
430.80683857977186
391.906126343684
384.28010350425336
399.5327945824019
331.5328731558787
220.1361876664607
39.15745650853826
39.25132023944918
39.22616458217951
39.25619552399508
39.315970714034655
39.295150542877614
39.2804803281637
39.33485558687406
39.32542411923728
39.33488524915117
39.352175050172974
37.618463851389976
9.197485499745436
13.99447116582133
14.095083979759268
14.156661347192907
14.187834581982258
14.214732175893861
14.254758745797151
14.282332652633658
14.312063248990004
14.358113949139716
14.383276553143073
14.413799171364769
14.422516801057311
14.449508233362248
14.543978262490176
14.595206028658001
14.635059442897088
14.680863904463846
3.59969151457601
413.4509857743353
412.9290028334168
413.62598668875734
417.95003926127134
428.2262200806467
440.5008400323044
454.0660075142226
482.1356910521177
506.76414057384386
472.0224173510408
436.26049451698003
393.20567755134607
381.8702919594049
380.20440558653735
322.09244429603496
228.4875046136247
42.30737819782191
42.32166799200612
42.299713885235576
42.301076538011245
42.31201740343046
42.32006118052483
42.35898422503615
42.3358045976439
42.35033949227997
42.365995312164834
42.35428100108384
39.18939620065591
11.190718289778212
5.1006357521825345
5.21447629235219
5.2868726163115465
5.366153328514965
5.439354487980489
5.4961838517486274
5.562636652886886
5.601194405879183
5.640104516425693
5.679738789451774
5.730692405771027
5.792022401597355
5.831936720454871
6.329873632642148
6.350848391223694
6.404863124517909
6.429157427223204
5.058547442032625
412.05966175039856
411.7091051891447
412.0166431076272
415.47237659847093
424.5275519348846
435.6738280513878
448.9381418048166
477.7351917777419
502.4803879504487
461.49441513759086
430.7027369385993
387.07214936446826
372.5739339886095
376.3400731923751
313.7350990664148
206.9155108428311
36.58301351357292
36.65008080641362
36.68990343288455
36.75495308884877
36.79346931417499
36.84380748455272
36.88319162538688
36.92047072551393
36.930521301241065
36.97451832607046
36.99794986157171
34.91335448051408
4.992979662261648
9.316733236751919
9.345177816058554
9.386224189518897
9.441707621197795
9.472772595879373
9.502417285746755
9.548771515969511
9.597369804341424
9.61299535418263
9.646882095817588
9.682680914554847
9.72212061467993
9.766183463589943
7.884168220353827
7.886813221492505
7.870147432810676
7.8520669914824595
3.524484285256184
413.00995076102896
414.39480510280504
414.702434229239
417.073801072395
426.19063914270276
435.4586656993305
450.32899006264995
475.2839804211948
506.3011936016603
466.15315700444995
430.6838612036362
394.7099081182698
384.40140327376497
386.0086433721982
321.3592767033274
213.84900814241914
33.231000276656104
33.18204828059747
33.18761988919734
33.14344624280218
33.0874437798886
33.0384916909186
33.04115846153297
32.95028090264192
32.94496497316761
32.91813286375714
32.84266035204992
30.9471547631434
6.636943713794739
14.695054883589805
14.884916858093883
14.985265179721193
15.054596056731137
15.109721068593316
15.169050945199963
15.256439597016614
15.329167190766634
15.385516466640391
15.417289478932467
15.466741047565687
15.49487591741418
15.509274231551018
16.41568185876174
16.49321061643829
16.54751299450127
16.567035265473564
2.762101016443398
413.5590593414471
413.7754058253479
415.19807852656766
416.95243717984613
425.1492513514543
436.313390064973
448.90390971064954
480.599962407375
502.44851335164344
469.0903185640786
428.1505165342476
390.57601105225893
380.8453712531304
392.8015187377808
325.17086207530355
224.57907241183796
42.55947402400986
42.57415629383817
42.543328054964704
42.469400509141
42.47863642392765
42.467397549354075
42.430829984633675
42.431429077434785
42.404413857283075
42.38129936579262
42.356225466600186
39.935815382758335
7.121523806066065
13.369722148551677
13.509560823071418
13.623998390476608
13.702256913301243
13.787098822352977
13.853207244999423
13.956682353938366
14.005316465585912
14.064222106360827
14.103345622964357
14.127323187873163
14.16765992387276
14.230847984683797
14.255915383064096
14.244710098689268
14.214234649253097
14.205838741844858
3.5718918088793083
412.55995293930204
411.95902591425505
411.725780793807
416.25686238818474
422.3889300283812
431.3192453973461
443.636768581129
469.1973940329476
490.47254683200055
456.5550579756351
422.90930946397015
383.8912888832298
374.33605842800904
387.68564671713114
313.8055983760425
186.5386385390313
44.00708452305249
43.937457393269625
43.94052077827863
43.893912400012134
43.8500647855776
43.85719269918567
43.826883954313786
43.84388103866466
43.90100986374091
43.93375196852668
43.95715170561975
41.72598652624411
8.819283627060697
15.111660913326658
15.213820554179732
15.33712217711603
15.395164086328712
15.456748810388646
15.53006568882476
15.62318236439505
15.697183830476089
15.765898759795432
15.843149485897959
15.906152633214504
15.983348784726454
16.051160126628243
17.314860898203133
17.30663496644207
17.319601252120577
17.330713537985957
4.55420382233726
413.44961653876175
414.051717665639
415.1126880525318
417.6234817527689
427.2621713978407
437.8731860489567
450.55671801468134
478.6362141879586
501.25063825800174
468.0818616239425
432.02343022450054
384.4458526670945
374.5155394473762
387.38768466153357
314.39581966250864
215.6114551398692
39.546556324424465
39.539810029883995
39.50147599896074
39.56791008209464
39.615857125432704
39.610113926667935
39.58087711584544
39.60394044505434
39.61070376842474
39.605784288916595
39.607833326756285
37.16454795367484
13.564368572448062
11.037815639729178
11.169642879053866
11.277953602724814
11.371537377912986
11.428211579556798
11.479117338669292
11.566934623838685
11.61778730242523
11.67947792201647
11.716177731585912
11.78026366329675
11.811453900260416
11.84147288989845
11.667752289118628
11.608446689378034
11.6327331407815
11.619211815641668
5.395818912711447
412.52758259075176
412.18495240810563
412.0036024738348
414.43555524115976
423.3439905842119
434.2564066059243
446.3681975534108
473.2913014551583
499.33109167486003
464.24137453141117
430.55442062277757
392.3667771039093
384.01505716730367
375.94248173780255
313.44833965149775
208.25369162965447
35.90216129029325
35.902118661262016
35.89007465025958
35.872534783171595
35.84099200365616
35.83348763259486
35.785591245162074
35.74944917797505
35.76308346262451
35.804170459590274
35.79262533269498
34.55578501483687
6.511031356004815
11.236898639070068
11.35803643985733
11.468673299572295
11.560568488175905
11.609691987254177
11.698346202437913
11.793689086068474
11.878091343790045
11.952099568079106
12.026621943844614
12.091009677990405
12.13704486109825
12.182244803236022
13.426487533303865
13.438687684009183
13.447043140476739
13.468164040453015
4.170932456978185
413.7492705703685
412.8224655099652
414.70401253823815
418.7734336540677
427.6829877274729
438.27547075726676
453.3116110319381
481.14567493142334
508.32154237217674
472.6195254952459
437.7615145134045
397.8439601726028
392.5233090337153
395.3353930691812
332.7615205617505
221.54203594847414
41.551705351183735
41.56312367414683
41.614843687760036
41.61784478124612
41.629743980019114
41.69427716153999
41.71514178032612
41.755192601248005
41.81759588390686
41.825761498329925
41.86907855168972
39.87992094623306
11.022175330260751
11.013250942673407
11.118206475429853
11.167860379633758
11.265484512998391
11.339724776662903
11.394400504514277
11.49766760950235
11.584888059126454
11.64066244140239
11.676957077272402
11.728601133838287
11.783114738800997
11.866829564839712
12.511508997497117
12.559571451933666
12.565038216511791
12.6733782616388
3.005442678184153
412.61998848985013
412.6011542325609
413.07422423252035
417.0601080261509
422.1696528007341
431.46306002334745
446.5007040116487
473.59090772515344
502.4007166484913
464.7150130671697
432.8222858238042
396.1258837105339
383.30048121732835
393.05598184232866
320.56502769363436
210.9848221912179
32.696406842474055
32.548517870150135
32.43413467604542
32.39328868359005
32.34298340832815
32.384616640504056
32.36332159965774
32.359051967011794
32.37644446976257
32.394117033325
32.43742075870485
30.464623330627283
2.9459797468898974
11.722429857844439
11.741455307717038
11.77531869891073
11.813262455631431
11.85113545497279
11.892258046396227
11.909577522415798
11.97100434375989
12.000196900624756
12.032025301230677
12.061355184568171
12.096065727585712
12.137309731551273
11.945715990066269
11.92500786447338
11.926778508571662
11.925610416482726
3.126134297916256
412.83721831022297
410.97044474153824
413.7468219983606
416.40820534458453
423.7323952467255
434.6476943913457
450.0245591840955
480.6856967239673
501.7238079424157
465.3392788166657
433.6598120204259
394.4149957627626
385.23413074534676
396.06621379405897
322.80394814266486
216.746887928288
36.050890123988175
36.17306168724791
36.25349777807634
36.31262574070009
36.32450407427324
36.29891038076559
36.31872831054685
36.27541512246485
36.26499793682688
36.27074748068586
36.212165217286326
34.11416247187221
8.017324609229805
12.984190384861508
13.002503793225008
13.112311884772982
13.194242937604836
13.234052948103226
13.301490682348128
13.393052965859368
13.44697244937756
13.491573757245902
13.523732461582288
13.551918861070357
13.592686203331525
13.634046133098638
12.90475029597268
12.93666315287773
12.989287491907742
12.994819811280335
5.115673887467683
411.9875986389436
410.9029689278574
410.10568291253566
413.959016633357
424.0656461409059
437.205172842276
451.09434853689675
483.2593936445859
507.82921548100956
474.773654143852
442.4427979164222
399.0795539157287
390.43507851121774
392.88122385679344
329.4325880556309
226.35193121971878
39.880180494477855
39.84154684876819
39.76089755392483
39.70741059766794
39.686093501464306
39.6811550235825
39.59326129286697
39.52078701255999
39.48153821232087
39.425952998565386
39.34986229398074
35.87078737653711
7.134626074403046
11.237914214810646
11.38746212178881
11.499554810170551
11.584745245704791
11.695450786458546
11.771569664741234
11.867514645800071
11.948673807028243
12.030747784521164
12.085929826912311
12.164024033659084
12.221980494547886
12.286594857493537
11.641397350660041
11.565935824917151
11.541468762722165
11.532837743055666
3.01525284752366
413.3281068644391
412.39831394271596
413.9486335320454
418.3496941804764
426.43627509979706
435.7663662589247
452.3413139606508
475.6503165166138
505.00004182404047
469.9436357551643
431.8248972658739
391.990667192573
385.5532428742526
383.03014154675145
311.4919999704287
208.98912043852687
42.21235597981528
42.16097781816815
42.126504068815365
42.12191622395507
42.161695950714325
42.168503746287676
42.14640821756098
42.175510046212565
42.21474110094991
42.23425653051775
42.238183477049354
39.59730077372004
9.075980940009295
11.81396429740896
11.98019722562172
12.149097950367196
12.27836864969685
12.381442244900242
12.450659486126144
12.525503550513017
12.613057288040292
12.70117639357238
12.745741717132754
12.794767114070963
12.864250350409906
12.899348082358138
14.871288360928451
14.863435911923165
14.916018963991238
14.927178922683217
4.200046071916318
412.9927564687495
411.89041693120595
411.28127160807054
415.33246317384487
423.58900330773116
434.8463538899062
449.4232602561554
480.71871067936195
507.61316183370775
472.22710448445423
439.0380186429436
399.11926075736125
390.930861452774
391.1020962140217
328.7017143048307
216.3481063456061
33.916436640318636
33.578785191988224
33.345247251285464
33.18823211156595
33.04681434196526
33.013981958503706
32.95425556251362
32.900280034083956
32.85998815747341
32.81187778951408
32.739504668838954
30.34476169331711
6.577004133592039
7.994425923918182
8.03724430896264
8.106314975894172
8.163110638899417
8.189315275334877
8.21049868944194
8.233312017167655
8.268524353166475
8.305942206644472
8.33304454415746
8.349643619236591
8.37919873486095
8.396435463275557
8.22119771226907
8.30205567551936
8.341706692364003
8.375257925797738
1.194193398416997
412.5150430390047
412.3059633650704
414.3140431563672
417.4508604593737
426.1743936107299
437.2393732534197
454.0213290938356
483.54207060408277
510.46094704422916
475.9266284175919
440.21547776197116
397.90097559419445
393.8884182155225
386.86889736229193
321.2476226421041
215.0908671935049
40.92612528838102
40.89364298304629
40.58185105946147
40.50087130493606
40.50259576005304
40.465360427790316
40.45128241986828
40.508327450998145
40.57238716436295
40.5612945745685
40.595991575399474
36.69981938910988
6.714765165305503
12.038786797647653
12.08581213796246
12.083264609277693
12.135625353831367
12.174185312575826
12.206085018104474
12.286235537496708
12.332237640266095
12.397277908547347
12.438060399474532
12.47210084986669
12.515959092895963
12.551419729285085
12.265879425006846
12.275366014808109
12.287994716629932
12.292159703159452
2.805627485719775
412.7383369445458
413.0296299639237
412.9337805819272
415.2531958068937
425.4210084169495
436.1323427698387
447.89310201937724
483.71964286957854
506.8636744059242
468.25667402369294
436.4679681908863
393.59725961853337
386.0985464293605
385.45234332727705
328.3863534275382
210.01043160601458
35.04367976789449
34.908365569076004
34.801184371117266
34.783917375215715
34.69863604560914
34.630304268696946
34.5376136803987
34.51444582669655
34.41186760745637
34.400889060037514
34.39167283274077
30.576587365496373
5.4210816744553165
14.71356678119982
14.742033481353651
14.768787219572037
14.845249718416873
14.872961735408287
14.912407715299063
14.94855322983763
14.960846234008017
14.993501232466452
15.005053412688591
15.035900610364248
15.053485350550277
15.080333273150053
15.041531199425622
15.045161491631065
15.059151322291576
15.060305450074521
3.384542237161111
412.11880308952595
411.34278180398496
413.05738420031474
415.80737266269716
421.9694148153645
430.34266417566414
446.2057846320063
474.3505922493575
509.7457877392151
470.799358570556
437.06670086635137
398.4670833010596
397.1918157846708
394.9649918342171
325.97769670755525
217.3198714590303
38.467282584684796
38.3872115445808
38.31391646576589
38.311050350163335
38.30659365978837
38.29102245613914
38.22772218439945
38.19357343472893
38.21172148106982
38.24087409613164
38.24960799891789
35.91371740830858
5.162548393299072
11.674415483388138
11.781366791773596
11.875277432394283
11.919430368812982
11.965956745893159
12.009148216479147
12.045489910426841
12.09095188206081
12.111368858046657
12.143026793934155
12.217253436594278
12.267327610765653
12.282483263857596
10.584109311643992
10.625396725143895
10.679706692619321
10.70805508101563
2.9509797282106525
412.3294121080766
411.54179568008533
412.7718420181666
413.7120028199095
423.0397275657712
431.9910328638011
449.40976977390494
479.21812755214637
508.53958962550223
474.81824124676496
435.82692520356045
398.25438870338724
386.9952879554377
403.58761746848387
335.4717026548345
237.6749871148014
37.41850128593754
37.40665137395488
37.34916176428094
37.323599896490144
37.32420506747627
37.24955571139837
37.22537100245053
37.2132529488504
37.15083072856562
37.175359894172196
37.130866811795165
34.58501158581193
5.976216150903554
8.68463891385423
8.785684656893666
8.868503049527426
8.946961160468893
9.035374361818082
9.085234766294548
9.156826543657091
9.207296731558673
9.248856275928048
9.296565684236093
9.334127971799418
9.370118545045415
9.425248116030954
10.646066336808868
10.615297569531043
10.641810105562747
10.649464262821471
2.1816436063087496
414.21347691152243
414.36379050757483
415.6129920621416
419.1787247969761
426.8130422313787
437.33040429952075
448.7488400284606
481.76551062878707
504.9304058327648
470.17243128725715
436.1976372003743
394.91815291513507
390.4429916843019
404.003603340923
338.9381652219715
244.5449104158896
45.50834210590476
45.49209906275935
45.526181420391616
45.537197329953244
45.53043330259839
45.47592704352445
45.448701310633595
45.404579805643216
45.41186355435988
45.405419160803724
45.40267419722773
42.1169669089199
7.11598691769481
14.17448280850078
14.295739264302448
14.425328134051068
14.546508988514223
14.609654914413694
14.696723680070681
14.779632183915705
14.833504296846536
14.889622846615037
14.913706484535922
14.951576257192661
15.024637976287767
15.064352283210727
14.559702656595967
14.514985722902907
14.477333407510876
14.478212914315193
0.33577145938948977
413.6367757900041
412.48106560790245
415.346006431804
419.57086115026055
430.3647630423564
440.42394637193235
455.1545628690496
484.1241580431174
512.6174306309822
470.4233372168304
442.4057034154283
402.8021762523829
393.87570254916164
397.16042451211905
335.00437174261316
226.54065201317462
33.53799921050519
33.49018362199614
33.48169056697328
33.42583342326405
33.3490048175751
33.29078470875435
33.26301645343407
33.23974811653143
33.24734174595285
33.23217217646411
33.21124470026126
31.158880091743796
7.306533541982829
13.742767283770961
13.799306641605773
13.83502024908478
13.891127211859944
13.94884203173274
13.985710479827574
14.030018133393401
14.057627335473274
14.098434546106992
14.155645266428005
14.178762798648957
14.200987286917456
14.213835024267258
13.04012808961955
12.979464570094265
12.912828100696244
12.855102010164423
3.096341205246667
413.572807830876
413.2215051762362
413.5507633375301
416.3746187385111
425.32314624761557
436.85917222737856
452.7462331091592
485.53499169195146
512.0317718215009
476.000690259392
440.88431377264175
399.57712500423986
393.4418054369546
392.1740987346072
328.02825457063454
219.0853455171122
45.68469033254083
45.60647237137756
45.57248524029164
45.48587481980749
45.47890481638574
45.41005260182238
45.35420602536298
45.28727643804092
45.211042160735424
45.156373531699856
45.18354154637873
41.25596523330228
8.668458816202998
10.7541083403144
10.844514681684599
10.932026607638841
11.032921364774312
11.07675613076074
11.117743866463888
11.145925040067205
11.201580786368485
11.23866331804735
11.274942264809498
11.323318710109666
11.384883207182023
11.416861003210242
11.31108957561898
11.314783928880795
11.315889185329173
11.321102939995441
2.1537445582921495
413.4151881978951
412.65399490637344
414.66939025064363
420.9100131044499
429.6663960563761
444.23738593846906
459.96142312168
488.24073210411314
512.7198555208494
477.4866735052772
445.1803068244964
408.00350767886243
404.18580463853425
404.3525647935108
329.66025279480726
216.39623310307383
39.73229777195197
39.70777007686664
39.691007729684394
39.67187245309658
39.68077081548431
39.70848675133307
39.72662832865196
39.75294839102612
39.81149786180321
39.80209883370047
39.78236168572662
36.54644404025166
5.052417664969811
13.296393075234159
13.380331902031013
13.441707229420372
13.53365200964397
13.6080185296999
13.678596022392837
13.749366112698166
13.795620249870012
13.833904970547083
13.846583504799938
13.897738394905552
13.9545826123026
13.961894956031815
14.01587525855476
14.008963196447121
14.023902019592654
14.013103361027301
3.128540557031907
411.8202678860478
412.1938314734828
414.03081642924315
419.910832003556
428.57624018190523
439.0168828388388
453.014613064963
485.4161603840604
509.4009154421502
473.68264648159794
444.92146981120356
404.47613694084833
399.13138895308583
404.0180764695012
336.6172353774619
217.59907560712793
38.48361191699229
38.476186455019985
38.46115193034472
38.40025145150562
38.415032748807846
38.39030128724066
38.340602098999014
38.31794097243929
38.303258042314084
38.28154766605286
38.20770641343824
35.8919919865405
2.5558636381258393
14.281910201177958
14.394422625308648
14.533107562572923
14.6557330046191
14.757179537720724
14.811763625798218
14.925240031031551
15.003208770246257
15.04520046449445
15.087794833645466
15.171893567190404
15.25623253004763
15.28214911491571
13.699299152273639
13.681125676127976
13.673749390917406
13.670624863834265
2.926429802449844
