228.65957229033734
237.03493020973698
229.4581035322042
231.92985258853403
231.40524273152576
230.0605717341993
247.62179943525885
235.28139181272564
244.78552764707015
244.4676302135361
243.0356169599656
249.24208923779113
235.70034188093723
232.9934645981611
260.01671191711984
242.1839619557237
243.29834587679173
238.18153131690354
223.19660258224212
233.66816749399135
247.59282006038572
238.0165674141957
241.46669085134224
256.16483408583275
254.25787732500675
241.13015157793933
239.0111573406843
237.43025851726327
236.7189069531433
233.12296794142395
235.2144089587587
236.33970158535476
239.95330985233548
233.6247736943172
241.11016384862566
224.64347414556798
240.28677311357222
233.76906933505506
228.3479596967628
236.94912721698068
235.47150415345948
253.71200722215661
222.19291274968802
237.16170521103246
241.73110799280377
239.002710140587
234.71539826312673
230.0411524449089
244.32467221822984
248.028271081774
225.87958508134759
240.30138483902994
239.8396718264478
235.8221050228144
246.53595533456632
235.64698173326983
236.55463478464173
250.9972791612321
239.26519457149075
244.52688062631725
239.40031786762933
235.94995433858628
237.57039057127992
229.83521270684352
243.02278323386
232.22784658019097
236.02335560330445
243.69909724904605
243.47073746140418
246.50943186823503
236.51569592440296
242.1229518437354
251.89018771414393
237.59845199462873
235.28135961401227
240.27038340764585
242.79322478191193
245.21093931940467
235.70867908362823
248.03783469837916
251.0994361388896
240.38165676500967
240.00484491233786
265.03823623520185
269.3003280106927
264.4540287712277
263.6263851888539
273.20749135653904
270.24403547474907
277.9078519825382
273.62630509274817
273.23683255861874
266.57566694448417
271.1757287481108
276.5452453528585
267.64986134101036
276.60015394299825
263.541084512086
267.85130684886565
267.84722871636075
279.8517464658743
282.0460343937517
267.23318610826715
271.4113055386484
262.38414109850464
271.3075131039807
279.1090416716326
278.2239856786193
275.48460332052434
269.32130748729605
265.14645983171323
273.317519867766
280.149221321239
268.4627684885115
288.31980941308905
278.03695507449504
275.00818169647243
285.03654736425176
268.1407309845023
271.7603308420029
274.5059805055863
277.4399593326145
269.1098172679696
273.9154370725875
276.82775717557143
284.2486984678121
267.1297086622901
273.7062986689098
280.29080137124254
269.2149506531397
269.1073515656283
276.5497544144031
270.039662558741
271.00559451432827
262.19300603523567
271.60757982676927
273.25074152129116
268.4150613532898
272.04931094602483
275.9210382606566
266.6703333081253
274.78476425498314
271.22770261657763
267.1483821109837
273.54459446549174
273.22486633944374
283.5425893935512
270.87877823853233
269.01073248766187
274.6216184740985
282.070424075143
279.3543747047228
263.4945445355558
267.7532679539131
274.9070810761455
286.27729127543455
275.271151587942
270.55165865320436
266.232542463664
274.343674271712
266.92658166619526
273.5464812775972
278.72166522656016
271.42979448346
280.84372878880527
278.6250280394782
260.30505976244683
266.49462864525844
273.1201866644726
268.45632791945883
270.4215738180053
271.89875566712936
274.78542948647134
271.54170950334685
