28.15605011173863
19.583827914620617
18.404291584246018
16.780196661541247
17.920765780341146
19.200694431886227
16.317365297633387
9.903481578133068
9.028483455902963
5.305657357952923
12.127698919460405
19.89379697028038
7.551577039895289
11.547727049077666
13.650745662521778
10.153943278478767
5.033222956847166
19.569041070554597
16.901143412463213
17.03652673649307
12.101070094660942
13.580717854218806
19.5892021814382
19.219381243542035
19.56693294476334
21.70871467136935
19.773036513721735
17.753604597108616
22.03227297923614
26.31565149323713
5.324471804789654
12.22978199182502
20.373436702650906
16.17054379068578
12.833655079621812
10.361417584431889
6.300183147521007
6.041522986797286
2.3822258499143194
17.356739620574203
7.245688373094719
10.444866590590713
12.665125558217154
10.987798110498444
17.448091512709848
11.236387776167671
12.040529846080652
6.0805405165143815
12.616315966692836
8.695710702144167
20.33534646347275
13.010679374182494
18.05547008526779
7.642758972117488
31.297852251481338
26.103426765252276
18.69413245473815
21.524404753674375
15.117189281235644
24.339701161509335
10.23067283548187
23.83275057562597
13.86903024728117
8.697531766169607
6.958523739384593
22.02271554554524
10.287959237047836
21.81487769594157
19.24632569171526
13.92838827718412
14.644814380363245
21.80978373727412
12.032849774023212
23.03379160180876
18.40194497729434
9.23158828275082
15.008331019803634
19.159991209755155
22.44208231923966
14.569253855113406
8.792041856133308
15.282342752340035
23.565069488545966
14.939879517586478
15.765644787180623
20.08177725645262
20.003124755897513
8.795932074125608
22.184631949546564
13.416407864998739
10.612802596268736
25.554842985234714
21.106174173338335
19.110206696946005
24.409697526461347
17.081503967091944
16.322639842518473
16.486357996840905
28.592928418676454
28.071337695236398
20.377002287437232
18.82467585518092
12.393994961718805
8.64002314811714
22.901390442733522
14.6935359937627
17.60514630642382
