7.397945263369388
7.550734217343703
7.7610210739538035
7.924200598300947
8.031197222463652
8.256979731251684
8.372906043535217
8.506218057455765
8.69341500417289
8.666873458854784
8.659717913552553
8.63931753562176
8.588455995756995
8.60609929828117
8.602858389944975
8.540346596235048
8.557008043395667
8.571931134662563
9.959016529837346
4.726173224789678
4.632085201201201
4.563189109894188
4.470618838121763
4.424135981333251
4.387356047404816
4.358801138140641
4.318533348857135
4.312921134376173
4.321310437048918
4.321206984939571
4.321671577973644
4.315803602282732
4.311194831301726
4.3009352177588624
4.30273275757873
4.298839332708905
4.299039020050006
4.3055923888431575
2.2276924817012596
2.1812773474300102
2.140060284011011
2.1189182055299747
2.1251674181068476
2.154043843642885
2.139755470866861
2.1251921623285828
2.147297414422292
2.136049093656674
2.132097735511879
2.1205489657051415
2.135621396291346
2.1493886214179674
2.1442281309031412
2.136494951483036
2.1460176195032186
2.1412449802813773
2.1563079514049885
4.384436220061578
4.3025506435530625
4.268195052708563
4.213959428665596
4.121186402668565
4.07178100292666
4.003379969453076
3.936995357262881
3.899945047702517
3.913667357002839
3.9193170729964426
3.912210621906022
3.90649916695162
3.9077999136851624
3.8992214607831968
3.892628170098802
3.8650958580462125
3.8586408578282456
3.569836749395266
4.461858461298685
4.364864935031294
4.306037829707404
4.239706388528847
4.1974415953041
4.16308299482495
4.09877900663405
4.059054338749517
4.072156025299026
4.0957925631271905
4.145314747588788
4.152197161910992
4.167153022330126
4.158089370667043
4.1345327567407075
4.195012550151819
4.19456893904735
4.197398639083194
4.18831265722994
2.8102094309276553
2.6123249389989054
2.4889590746040002
2.363927047629704
2.2783673840427814
2.206920638546728
2.1293501269572306
2.0617125722579757
1.9959883616076286
1.9970705669638242
1.9948745217600818
1.9993350133616277
2.003176352501414
1.9831047230865546
1.965757727643229
1.9851402062457941
1.9923982853697741
1.99212602190766
1.5144159323569022
6.598129967550065
6.403176050016925
6.257635158126456
6.097924423950223
5.993361532356461
5.848896837014695
5.759359863087758
5.6592180325367005
5.5791214436984
5.6045777041954485
5.592230883631985
5.599684552806776
5.607771890465743
5.630536363356231
5.63599084436497
5.627941182038215
5.599619961806541
5.607794156589732
5.013035491992874
7.632823787884751
7.578116997192807
7.530493007488944
7.503930362324606
7.469637713159601
7.4146168875823495
7.364921566276073
7.320455719025337
7.2901211155709325
7.288521696702547
7.28787947667748
7.291678263754025
7.308069152370226
7.3013806418043785
7.291901751511626
7.28439268067115
7.2931398193559405
7.2853271165528515
7.05956183490442
9.185728603668752
9.376453843582745
9.51098882191195
9.634814069077851
9.800977117538636
9.913898911268713
10.045863341439857
10.197035976427884
10.365339188150458
10.391302179258133
10.36275508837669
10.351740724352396
10.349324251144141
10.281774874609596
10.305143939021102
10.272828899520947
10.254704005816803
10.24850843753442
11.375481546760028
5.409583091545585
5.383073941877607
5.33505104893262
5.291244744984159
5.238010854979646
5.20946287362178
5.194231187582583
5.175697163434226
5.140290170925289
5.126385000943882
5.139284475226449
5.145281209938884
5.139708761994934
5.139303972650721
5.140706684143254
5.144493545390632
5.147278376677589
5.157777136846582
4.986948170616719
5.124330318235398
4.892501735351985
4.701758757501611
4.547156209757888
4.412566311492117
4.3355365347451595
4.2528874014950455
4.1682515105973055
4.061065008948255
4.062160638128626
4.077007720785184
4.073198822205672
4.088934363335296
4.113465552476454
4.139573996484647
4.086279368982062
4.046084076317324
4.0552021416768484
3.7958827890754314
5.850670732440916
5.8472829559920525
5.971348290111338
6.117517491924601
6.211714643536789
6.260659141839018
6.42540992403514
6.619728952420745
6.798500589683106
6.7364774880277265
6.759135458580378
6.792938393263656
6.827985771643233
6.816714187987136
6.791493220043481
6.806164096574652
6.795884451020254
6.7828160054106625
7.727268595264425
6.705849753593289
6.73460896050798
6.7986407675313005
6.984876961269898
7.079553423436224
7.1423998516390235
7.313725378532634
7.434656644029655
7.58174487102474
7.587945159620867
7.551571154116738
7.553714203017508
7.556773607721615
7.551449112036238
7.527305923149887
7.469440156200998
7.4872377284420395
7.503760733351198
8.48901104824405
10.889330920204472
10.961897555148164
11.134124113567362
11.320689487919967
11.527485260449367
11.707707538793994
11.902131817462418
12.095595261539852
12.268170857960529
12.20948678817757
12.210480855493175
12.266856661692033
12.290281119452526
12.289605488097935
12.288690201898438
12.352623113467509
12.342818337849897
12.323355479881727
13.520209261647622
8.59229193675376
8.924761834934909
9.203875394875675
9.51591810988796
9.800625588137637
10.045494800781729
10.335022509648871
10.575128421198864
10.816373898476128
10.823950615258923
10.77369417924625
10.780414832476861
10.783172372865376
10.803279794465332
10.788598729113403
10.791851845388699
10.811955396947926
10.812550738574256
12.281223677098456
8.129861469390562
7.829885212712459
7.618472007019286
7.399725717114896
7.2322479447715615
7.078748684902802
6.945098473864535
6.760270842930054
6.589937934268431
6.62306424508225
6.622528390126747
6.596030951557486
6.585435890209715
6.601544682354946
6.591806651180844
6.635066570628014
6.650571202821137
6.640018130281747
5.855899685848338
10.371278026934617
10.527902256860768
10.686906155193798
10.867446552042255
11.06810916995258
11.17772719933848
11.415685715160503
11.700281606472764
11.888669438961616
11.854058348204761
11.787261990362763
11.793832275525642
11.73408214705984
11.691684064098476
11.69645628684432
11.66613727326924
11.696594113703858
11.769835120467578
13.09615904867753
8.468823147032838
8.69990292627711
8.8562075375705
8.973916091221856
9.120238624808763
9.245873071002203
9.415094835857008
9.609091485778254
9.776515606697842
9.775857773644896
9.747277437220403
9.757695008303012
9.785202863513629
9.794271845963292
9.80278935612588
9.804874920024655
9.741715869021226
9.776751097915596
10.863078805682886
10.072454393238711
10.356980386314806
10.578304472612919
10.841586556942312
11.174298477721461
11.433886856533206
11.646723819070559
11.950286787804277
12.273992195466409
12.211426797133232
12.193934723082894
12.173305937477895
12.148561221830422
12.09696511885244
12.082949225155822
12.168696642320581
12.194214786321798
12.199673031378355
13.943464987400889
7.054774989629462
7.072914028637329
7.116786857001644
7.284225116047583
7.392313384604177
7.491535300985263
7.670945916823833
7.793364725162103
7.9120547613001015
7.890868635895279
7.974136085371366
7.931458905411198
7.940218141671903
7.9338561936524545
7.930208913129579
7.870836069004742
7.794483327810729
7.782034461495204
8.893869247790196
8.414620796724687
8.63942654567474
8.849654717189312
8.977996627175974
9.230843146984517
9.47128949209065
9.702881915552021
9.928498313400853
10.087401286697501
10.13047762237909
10.208107826165746
10.22268074783778
10.23366479863239
10.218958649727451
10.145171821144883
10.176403108204891
10.214533113948258
10.204197559250066
11.787881082968498
4.74048005972313
4.683429508864093
4.652545259518439
4.609043600458327
4.60362454526356
4.6293537540579255
4.694322986539767
4.744452835945236
4.766349526410405
4.784369008147834
4.764021598515315
4.733581232941303
4.747299398135505
4.6785145346979204
4.648262699330166
4.662691648188285
4.668214787497059
4.678732981942097
5.2143241993925455
7.098280613433665
7.198559293990071
7.417338966437152
7.610054220830643
7.7438463237230915
7.973633242779837
8.172797941227389
8.349023104653108
8.536313332998354
8.527876569310711
8.550951916219725
8.525679886497354
8.514017264421168
8.47576662974232
8.520900772118122
8.541980721288208
8.5997031098369
8.542736372791852
9.714351165961396
3.6195780144165632
3.4670494821525537
3.3175434428312682
3.183482815034242
3.0447975679334145
2.979778435046133
2.9127472104304237
2.7861980903530794
2.6509573295716837
2.6476376980373226
2.6118716913719346
2.599608533086638
2.609066580956348
2.62480826795664
2.62367190734677
2.6501558496405035
2.656218397747678
2.6680887014858037
2.0168748035473114
10.58239901401434
10.41636107744963
10.210534398310777
10.02624223758423
9.9000986334333
9.787015840204795
9.65238302198027
9.558442589147573
9.456124538961037
9.46486342578333
9.453959503236776
9.440005948453162
9.420633992310577
9.413353020261747
9.399926707974647
9.40864690063518
9.410746209685252
9.426619613038842
8.665566109371374
11.902962619682842
12.072025231027938
12.310384889923254
12.49752205376872
12.63596791852134
12.973754851633196
13.187310858543198
13.40439096642998
13.710968436443398
13.693432948549205
13.659785363901278
13.68840791381959
13.698564936293064
13.731734413236454
13.782472794630639
13.76525325571095
13.807840715925773
13.862157531181396
15.293741251902373
8.150577330115205
8.326435277079494
8.478998942306628
8.629238595174673
8.84227334495146
9.007282479839867
9.205443015263144
9.409902813972208
9.694110652236997
9.72419113705861
9.72239375224578
9.738532703068739
9.775927669879598
9.74830770093927
9.753699858110997
9.751349689594687
9.695190779010415
9.742833053653127
11.352151267240115
6.197333508538421
6.300641356896272
6.365403942771116
6.382384172168198
6.4716236871205
6.610758971689634
6.683511671203351
6.8082724141865985
6.936562205478274
6.951485278212615
6.9260991686051305
6.946750672261802
6.959394395478895
6.952139329987566
6.982728365573742
6.998844961690972
6.959359004337047
6.949235618503522
7.607869373505096
1.261403815764311
1.1534028069508593
1.0314777173602507
0.9797712076080253
0.9545642808788063
0.8908381089118218
0.8117418638288402
0.7840780904811061
0.7277913109836974
0.6929915900394801
0.7079770582647148
0.7214280908731072
0.7428938964696588
0.7300099727249252
0.7379299613454547
0.7297345533577277
0.7420960872910684
0.7376059512750264
0.5664388168350027
6.781660352968968
6.72725190549371
6.693423384810764
6.6462151237209675
6.615670763582062
6.574433945877128
6.55123483912263
6.497185685231694
6.461759424254351
6.4575625200790645
6.457049317621116
6.451138325233654
6.444621280660195
6.446752654638938
6.440171207025959
6.439618100600881
6.452217188678061
6.45728122321104
6.307754106830428
7.772911275943795
7.706547553979465
7.6288528300466725
7.56976777778618
7.510551929319909
7.398038552670971
7.352191260043612
7.304128133343951
7.229349164283296
7.21886644712506
7.23258906257064
7.228585930765699
7.237740206532107
7.245475441446678
7.2381162214341135
7.2433809239769475
7.233803538981085
7.2318143874180665
6.899360161650756
5.411878920332262
5.3062757550290405
5.209929425085235
5.087710481638921
5.013542107542713
4.9363822918170595
4.87869319750373
4.800079731338212
4.728327689521203
4.71138858102252
4.692437298093092
4.691700847157295
4.71335698298574
4.728220610172266
4.746652463325008
4.767250860663827
4.76023240024905
4.768666878297694
4.386372163568054
8.008255244159386
8.242283353009684
8.43102189181011
8.595238780030241
8.810976046302848
8.97732619343404
9.172780525510303
9.50199107237579
9.74969893130734
9.661661407730511
9.676645126038407
9.698862978764582
9.698869238751335
9.7061724142589
9.657877319556519
9.660628970425366
9.647463797410905
9.706622878139427
11.369962937669113
3.7356898123412403
3.7583979582741383
3.772179178386885
3.784983831813804
3.7969954158224573
3.8065651234638103
3.8233765894148104
3.8282444677849914
3.8232815510662594
3.821513949435693
3.831875555361059
3.847293060341563
3.85641277472139
3.859159704690417
3.851237905497054
3.8541496062682015
3.8640347938600006
3.8603926966441673
3.8909779014638572
1.1326442749177574
1.1995246812768288
1.305498858892953
1.3844481617202655
1.4924895853643743
1.6213151853585483
1.7251309163028763
1.848271565997054
1.9864237765680752
1.996289834875749
2.021784530292136
2.005298300898759
2.0502789259670853
2.048702152825407
2.040434069164362
2.0861142476213064
2.0936433975867863
2.098445835478467
2.862118854284044
9.064580642984508
8.849447651306003
8.64809835326216
8.457590637750815
8.327826725756934
8.192003295444577
8.052641877928483
7.968142399909052
7.855914608320576
7.878101787603617
7.874022025934865
7.900127402303048
7.912547414697869
7.919015814051994
7.908445838945293
7.913006562605874
7.910662050719042
7.909989611107169
7.246098545069253
6.802817744860979
6.898288201200892
7.025673667261878
7.131351214443067
7.245763087867845
7.3413385098742046
7.4756576248294495
7.5393069900471055
7.626290060081299
7.60694537854809
7.608282640616791
7.551767900268203
7.5026680015521725
7.475669561824293
7.447280035803487
7.444184771870298
7.473466053349806
7.460759465986796
8.176289183093392
4.842728430368437
4.856540538719536
4.872420310807926
4.866860202568885
4.860641935567634
4.890985669492002
4.87375163076374
4.898133245847717
4.911691420259506
4.921051911159738
4.961717778043117
4.98554313056665
4.980673037080206
4.977273210240283
4.994633645279613
5.043581067375229
5.061733676387049
5.003284091799126
5.322675977336044
5.280799233602905
5.176744902683883
5.103855189811601
5.011935274165134
4.955211806379835
4.900078676785421
4.851814687589192
4.799134710818244
4.724416243963843
4.723749629502644
4.712924215953087
4.703774009127094
4.710301840602913
4.691944430855621
4.696795104846641
4.705023151507036
4.707469122801819
4.702977574315195
4.318712429193007
5.616116739793793
5.696838568440196
5.764348251569181
5.847458057780657
5.916657659753838
6.010492142086912
6.121273854891728
6.202950753322444
6.2078270715874
6.191849671471574
6.1977232259805515
6.157513190724694
6.203532840460068
6.221869976750726
6.225696233103283
6.230548651859557
6.248096653304932
6.245381116274578
6.891354823005873
7.097636319979028
7.255594968929003
7.35218150294887
7.47023754588702
7.652305560454283
7.801692811841895
7.982508407828578
8.106795634833947
8.299047633978965
8.356717304420965
8.358833248884013
8.37596007931838
8.384281420383504
8.373254896899805
8.295553259866567
8.2882152561547
8.198588805274147
8.169941341691514
9.416951767305878
7.182482744945018
7.055581295002471
6.937140957560683
6.834728449862129
6.761238847121186
6.6878538007637705
6.637056909030401
6.577330012744491
6.494173846154935
6.493192640152378
6.499999261875951
6.5192091629954545
6.503989844419477
6.505202543358695
6.490605687799217
6.469971876170355
6.475335649422193
6.454959100915771
6.041394185850923
13.606063928361191
14.002567983073295
14.297172691424944
14.614083340660276
14.872684210912961
15.030775639946855
15.232914505795833
15.468291089621369
15.694745369301613
15.69336431469673
15.691497015126503
15.691043881227879
15.55135538313275
15.503536690758727
15.537370627501272
15.520288604816741
15.501747454318101
15.447149553349323
17.05720855282227
10.591727711378123
10.615008641092448
10.711303742531864
10.81263019995398
10.946556410787156
11.082424429495052
11.226794049895833
11.39151283654643
11.642129310659353
11.64646958193231
11.700453098906038
11.727705008019042
11.682924018803558
11.682917513257117
11.656535135685534
11.68403678777534
11.703902127305248
11.705729201347228
13.004913107030081
7.453796384073242
7.533824803950945
7.574649944976788
7.68400036188481
7.8330989193277185
7.927901010354797
8.010686499787017
8.11924535197495
8.236929451733243
8.262310631609978
8.307107666035186
8.283253881081066
8.277672511534629
8.287100386698837
8.300107913306327
8.323736962722098
8.314182408340697
8.315823412395156
9.00976932813085
6.174999875314305
6.1218432225833865
6.095887360384468
6.106605745569018
6.088964391189583
6.225263782169099
6.265092421950661
6.353028200570974
6.361872856843403
6.3224704614137845
6.304489627961104
6.31425333611592
6.338152609903078
6.290698516784254
6.282458436800475
6.294662153220342
6.255437744145561
6.313731572677118
6.954180442533573
4.851033138436013
4.687930621154642
4.561773142773458
4.420337228201276
4.311449128395959
4.209102314297959
4.114037112750516
4.053599228535181
3.9492331249988677
3.95613004417175
3.9745848007417903
3.975419356311125
3.9953085528910357
4.004508483871477
3.9929531576198722
3.98450085962561
3.9935501495183647
3.988230388589174
3.374084428417377
7.7704728663829625
7.720013118168196
7.676616430320023
7.635695239767929
7.602786370805902
7.574186258085463
7.538049170943515
7.51039905844077
7.473754528331515
7.4713951867114945
7.471467272677975
7.46639010883778
7.457750738894738
7.44930371530261
7.444939258645764
7.44909464867539
7.450817600384433
7.4410092111154285
7.285957303208052
2.3175600504546376
2.5603163661760333
2.8116051481556807
2.99007648970921
3.185380341818942
3.418191277763166
3.5745198603452404
3.781859789587256
3.93950743273794
3.969502553379833
3.9949903902674437
4.037012367109895
4.009224132919101
4.006547126357026
3.988207372745747
4.034558374221295
4.036210654195353
4.05873638793281
5.1442337865668035
9.537273610406062
9.622454631065724
9.820794518093079
10.042547248055852
10.229853697261992
10.582842290463528
10.813992888190116
11.030461637642661
11.263460561791566
11.217298365826641
11.236345026989738
11.18853007093884
11.193426512310623
11.1679679931332
11.208840577311777
11.24258130978468
11.210486980133798
11.254301209022104
12.837178035368556
