9.584102199940563
9.339992370853096
9.2561225162535
9.211193409175813
9.214129672772184
9.181674722484603
9.208882758247158
9.212297355508918
9.293049795481192
9.322709263351808
9.261745428835015
8.551436341898622
8.445059311835927
8.345974302528347
8.184840053160466
8.03950383163674
7.819208751977972
7.6010532629336485
7.440480080087859
7.335039005774432
7.430544438767616
7.462067922327308
7.42279810926455
7.343692185544082
7.4308212762305
7.455432947390823
7.538238059438252
7.636425813530658
7.70361786891158
7.762126316453157
7.797133522290821
7.816782139654864
7.870857189585324
7.8322585609726865
7.8504749874667645
7.732876294753448
7.68543366523462
5.483004613205051
5.572405341263463
5.610204022898196
5.69792328771424
5.701543811085619
5.777326259605857
5.814755110289097
5.838754828664499
5.8356520823923805
5.84381905393613
5.789048410595549
5.789005212058789
5.6797921166726795
5.674186259340202
5.665413975770044
5.686965321939433
5.645806958718823
5.525217873454847
5.4798298531313705
5.501091926568865
5.474286066024858
5.458101700408188
5.455469134972606
5.4104077368227665
5.409504742278575
5.460877979363266
5.445990261917498
5.413721049808889
5.350299571106375
5.419850031333686
5.439072646442356
5.479348888633428
5.545097765514551
5.534564501292098
5.57897425978642
5.552798778241454
5.540542732541954
5.560711647480962
5.0456079208461855
4.6465444300851555
4.412596345048523
4.232085484164128
4.126701743947219
3.9843674124290795
3.972819434036701
3.9505627761461275
3.9613712550256164
3.9565673393769227
3.956258640597588
3.9743097741589746
3.97199985669857
3.9895400565574604
3.9801881728343678
3.981319714342821
3.9809885690401283
3.9794338892539325
3.9638857943486174
3.950827669041245
3.9470078908774306
3.9383870718309164
3.921849928601442
3.9288387536712746
3.935326486130853
3.9226846704570995
3.9281433791212543
3.9269870759965295
3.935290127490025
3.937331833978212
3.9242977200282603
3.9156896632682714
3.954223222531738
3.957198587246571
3.95183645863305
3.9474071727954736
3.9662428022204894
3.9428237041034873
3.948038426985049
4.282600392370297
4.171332770939953
4.084280319391843
4.034817316895128
3.992414546931442
4.0008073470653045
4.013789905705093
4.064137655034456
4.0869395612426205
4.0976358764224985
4.091725778446688
4.088168504546327
4.069460764308809
4.0969398593535145
4.088703758098676
4.094423008611978
4.092413867870899
4.085570139700145
4.082031464436176
4.07845053594641
4.110248451178647
4.1026494790151125
4.123436055229247
4.106286561710081
4.127874691338773
4.146282730121
4.160578478404014
4.153998693870324
4.165333523380735
4.168829642577538
4.169536557087494
4.2001104930400945
4.253733314318359
4.227197934192419
4.238103605301137
4.241763472793475
4.228107812309937
4.225755663828352
4.51075837009842
4.471358678857465
4.428228501012538
4.393011531889893
4.3776514380026015
4.369645082904556
4.361018176199433
4.361093716763214
4.362134444114395
4.350985799453913
4.354153669918762
4.358121661583114
4.374842398463234
4.367924121024828
4.366558850438429
4.365982154417311
4.372279702939353
4.367301981240002
4.37267347191052
4.371374786175289
4.365889052057434
4.366125931124434
4.352962196880034
4.341999952702729
4.333868570868331
4.319726761720878
4.310958560980013
4.324172046950726
4.329298001964834
4.336123577193805
4.342141171627499
4.338578614443067
4.33573498586424
4.341657054678734
4.3358995375325176
4.336468595090869
4.332791228944019
4.328722638559594
5.7078198580087305
5.497227294476944
5.377146114329219
5.2457436035307525
5.164988032900377
5.193445164848434
5.168312012636856
5.139742721634665
5.143076868112575
5.104300909816241
5.069110191874305
5.061994852906076
5.036244708600779
5.0515326517317
5.014692105010651
4.993985934187583
5.027663836700736
5.040693461770399
5.031483081944425
5.009434689867512
5.000916064532988
4.992336256483131
4.964730438783635
4.975234520522355
4.952099778940029
4.930342191614536
4.901671017221331
4.868322159546467
4.901465741759469
4.923192061647326
4.9706484265841135
4.97508664757904
4.981405015423735
4.983305739956658
4.952314332305364
4.984923696103713
5.009047284628291
4.756043974011704
7.462287320907323
7.4579725476994065
7.414506143890055
7.409041003376173
7.477418307078026
7.5121362341305895
7.459728610357904
7.479197413110292
7.414534969701674
7.476839844122218
7.472061263260946
7.003695162231153
6.927576959111794
6.844822892004489
6.732006865744597
6.691766166156272
6.601710857241411
6.467753051579309
6.419789283272122
6.3331493974586675
6.30091618538997
6.357181515794097
6.286026326559963
6.275735705974816
6.335386726382474
6.400750973630478
6.377514227211244
6.4766211578482
6.500364033666529
6.4974446458130615
6.547243511996011
6.554542589284068
6.544294805317472
6.5327256721071825
6.453826958389439
6.47890074945912
6.421905816062889
5.0410449875648995
7.45336383026703
7.325695496157783
7.294842838748578
7.3130184201657285
7.369384035629833
7.4084824239306135
7.403627921722553
7.390930970456716
7.401358946080427
7.322175927631036
7.291694168213456
7.102891248636985
7.0273181833145175
6.986997240591119
6.8774476457026115
6.775690216300129
6.735630300583748
6.630899258798745
6.5670031145042325
6.4079511690798
6.40120007821989
6.3718485381770575
6.443485835574389
6.413073901841101
6.515272437249708
6.544101736972658
6.640955096941958
6.628518103265229
6.68903509036842
6.756031036765807
6.755885080392471
6.761674356519136
6.7486897654598
6.708300141064551
6.671716639090548
6.684482316693004
6.62533306804294
5.21547399227567
8.153210586600188
8.130644035255747
8.119733430373955
8.113525135699332
8.116775921634147
8.114072786818022
8.14870116738298
8.14213440988182
8.14806841710756
8.17864482110594
8.216850465283885
7.843644220258578
7.745709565298758
7.627375494236351
7.530054480750867
7.371993492551085
7.165430663105776
7.062568967745436
6.956084781650935
6.843747403181742
6.817977903519423
6.794200788156086
6.76319269026616
6.76500580143927
6.778570714808715
6.8204957034001215
6.811836501118438
6.827538233001981
6.8520434243364905
6.841956718282756
6.815183908082771
6.723537168420881
6.754165722993909
6.772222293589147
6.7973234334221475
6.837933811338003
6.817305924373566
5.344005206473483
8.531787583628653
8.422100239611423
8.32290409808089
8.175829477851705
8.244717871409991
8.303092204119297
8.326135670268648
8.27605965376334
8.335219015696946
8.322160940335163
8.354004424353366
7.759852588995521
7.663643919677897
7.532113122569377
7.454690020415827
7.3977224962172965
7.317790496343438
7.1867035309012826
7.02676956706275
6.892017090818945
6.8116202979647875
6.868299438598602
6.848594984504723
6.872707763319169
6.910112431870203
7.084258192193613
7.1283176772650645
7.158629583074719
7.243776198664789
7.288792922764206
7.323591766276918
7.314233171503941
7.337451710600805
7.349190920377925
7.316989333057327
7.299073467114507
7.312215273037595
5.441506675640141
4.013287693466609
4.0308908884537535
4.0509805613059795
4.056643529260524
4.072438057946084
4.06903835391614
4.066599102589015
4.061795915204838
4.04504983592348
4.036215779881567
4.03204872791815
4.03400962174501
4.020475377573352
4.0529324641020334
4.074236128503955
4.097474007237793
4.116526214230431
4.121512276223538
4.114221640718377
4.104635787137661
4.101587765361511
4.10924024270377
4.117639112252434
4.11791678794211
4.111181914718401
4.110592071095799
4.093423396733245
4.094722718144773
4.098303959606909
4.089212447908226
4.097901598701387
4.103496144131271
4.10420006647338
4.125257959110284
4.120605503560252
4.132257569588304
4.125345893895523
4.1198724126137325
5.4241638752118675
5.281174609098867
5.252247966633021
5.238255305360896
5.203748812959204
5.176626430704612
5.1773772409227385
5.222755032266768
5.206719735520499
5.2086611776636165
5.154995767366534
5.189603915602959
5.1980741187101716
5.21476882590185
5.212476076933629
5.23937586116365
5.278083470287447
5.2577710360027865
5.246750634411659
5.283095716842664
5.290608581919401
5.322324251165621
5.309256429788621
5.284871304357267
5.315669485100787
5.369958619767582
5.371423981520518
5.4089573148970755
5.38411082215124
5.377062010769475
5.39965797244807
5.426965497383015
5.412443265952398
5.375583050689107
5.390362803931951
5.395455359642261
5.3750386520191045
5.039437289700559
6.136822253464557
5.940781451539559
5.741555591623457
5.636053661280727
5.5029008641848085
5.525360771668286
5.540295538203073
5.539519687880266
5.541714722533614
5.538676683449393
5.531886980733071
5.492881002182912
5.477703240428339
5.460736822493174
5.440915016551034
5.462966623777685
5.429701196094153
5.412767185327951
5.387311419529911
5.337418799748993
5.338537503216945
5.3799258107773875
5.381695843691281
5.403926550878092
5.406567658768841
5.436381627948571
5.40808543162776
5.445036757675794
5.435184219143535
5.449933676652835
5.440506059371095
5.43827547457114
5.422453357847817
5.383328033419324
5.423945743225689
5.425991807172908
5.437058329074847
5.143286620272897
8.102279853276425
7.999426733936072
7.957348289001427
8.008117873085649
8.100241431103855
8.148973859230694
8.037629416404354
8.026720144590108
8.059845904504193
8.081851293666533
8.09210001692724
7.603921212535703
7.420406620875946
7.217829376720369
7.114293698497763
7.0498349345016
6.916298129995241
6.848764376979203
6.765497965272037
6.704941112973568
6.684253107363281
6.619358823468143
6.632136144429529
6.650450440230179
6.774245134896805
6.811297514224779
6.884864688596456
6.9216289513471505
6.852044737297752
6.858771529578864
6.922704036108491
6.914889896079403
6.918262961526427
6.963612369713726
6.956337100855695
6.892675232510011
6.948654483680837
5.54045451661145
3.4037403358397755
3.304443527498879
3.234874156460427
3.1700478618630203
3.1445590566127453
3.1408230244913207
3.1508842267850943
3.1307494104527818
3.132928699116919
3.128105191672491
3.1225733611488464
3.1189163246951037
3.1338032552529524
3.127204948303525
3.123988339679225
3.116454659386842
3.1277549569959837
3.1208132956902332
3.119447581009591
3.1196769253217
3.1347961859393725
3.143443822779506
3.1559980387471067
3.148358205171005
3.1262738469385773
3.1124733597414718
3.1055800003618255
3.1226329970051774
3.134169657509481
3.1393983236808576
3.134598357213723
3.1129323121408206
3.112393540082506
3.121478732328058
3.120714596408313
3.1410387186080966
3.1432279616402448
3.1218500134221623
3.7193430818200826
3.7712468741002025
3.8261844296772813
3.8940803986045123
3.92767712369079
3.9190723430501286
3.9217309548599744
3.9247364706237566
3.928942456623877
3.9351481417805703
3.9312495381632844
3.9302575312125563
3.9271079245689573
3.933628609678248
3.9427774663208526
3.940531423665657
3.937070587496365
3.928064362954067
3.921778491347385
3.913534021595748
3.9109078641929296
3.905121693409816
3.902693137127532
3.906828817081331
3.8993699327041944
3.8896100412616637
3.888635999455761
3.8936722188240678
3.885613923818299
3.889433705978188
3.8821876142534717
3.871900303488951
3.877953523294978
3.8783646586423375
3.8807391322525437
3.873995485164219
3.878082272472285
3.874729373071343
4.991037322798835
4.764035300966645
4.5648881478696035
4.438840830797379
4.342614253739956
4.31210366963758
4.311486132089982
4.273268915764177
4.271188397401981
4.27911813264338
4.286525998220053
4.291535341868428
4.316781906452684
4.368768602830552
4.392540532224591
4.359825535582177
4.358429734344609
4.371009212806688
4.35647634337829
4.362255303320522
4.360529157987913
4.350431365432347
4.364262544405123
4.390465188461155
4.411232596271541
4.390640738261561
4.359232808149582
4.364181554722325
4.364428753151615
4.351236149631711
4.346918732638847
4.3394933282424715
4.345136306457868
4.316998169088459
4.3420623598838635
4.361347831620631
4.379147232830393
4.327273673417942
5.871083647944765
5.692420154218782
5.575493377736072
5.528137671582477
5.492011078829785
5.514309615979118
5.496853131615924
5.515464893290213
5.478954403524053
5.4464300987234076
5.482807861234237
5.40404403919126
5.389111773125874
5.371138922819941
5.374752828989188
5.379308069030643
5.406940662218834
5.39225226894579
5.390049955818547
5.3819486112076405
5.39170648887379
5.407935918857039
5.4046555606349616
5.449594729829382
5.456222443522909
5.521835453812579
5.53895286107888
5.506959884969368
5.498337051647195
5.475231384652053
5.504344884841254
5.494725817371227
5.483592168949196
5.426091768965074
5.473850726399967
5.476089107391562
5.435456414459874
5.1715463379636395
7.080998725845167
6.9767233657074055
6.911572542774334
6.945241075165321
7.06721110188306
7.138054226725098
7.151863551025241
7.136393821446052
7.0919638916930845
7.046653881525417
7.000509078541876
6.716498404424895
6.640157865369694
6.6278306317692035
6.618024945400162
6.578893127506577
6.520972589467405
6.519774714223218
6.479681739896361
6.38745886678109
6.400993813659403
6.450478319394983
6.429399704557403
6.430678376944041
6.515802765999837
6.520894332555063
6.524580482233427
6.520733438952586
6.589047581602623
6.572875613937401
6.6191368232756655
6.694609940461357
6.689890603699393
6.694688758499278
6.641325123967398
6.655313297539989
6.693623027440008
5.635650935087641
4.427350146785532
4.453832781889723
4.511552140760216
4.569151710128365
4.660826365947537
4.656500325898298
4.633808846326479
4.655268850480896
4.629501415545122
4.6295412782663465
4.626506573047014
4.62737342100399
4.608143086907824
4.648923074941424
4.662952070922912
4.678000195195072
4.666124748233553
4.687670326569631
4.749729007625927
4.755349476843745
4.775832809176646
4.79309862966219
4.794427359195043
4.765823343239022
4.760404948904242
4.753647574341306
4.764710247682252
4.741391723055486
4.701990885392974
4.665652134258943
4.670805733456313
4.67049418641718
4.664027750590928
4.6767147860696445
4.686865383027064
4.688377517104657
4.691890113742874
4.611951850708347
6.248142510609858
6.207644820974301
6.178971077632759
6.139129210749651
6.136562012638648
6.221441084504683
6.286592476958817
6.329209998206802
6.309486586529513
6.320087513298564
6.3297288066831205
6.241049200740323
6.196353922508125
6.165902041221252
6.181548050726128
6.139819062786514
6.095651402742381
6.0504114572880745
5.978390527967622
5.968157659000051
6.031299635471344
6.063308844921179
6.029501196028853
6.020756872159476
6.0881215132319735
6.099717305745954
6.119220865322666
6.149565200784187
6.138709531276818
6.136279566220236
6.126649088238829
6.136073689857433
6.142285857739046
6.157306151805592
6.099969721481172
6.1205727367374925
6.13028515201185
5.384492213908076
4.363769302410662
4.244098277670957
4.186272433456309
4.128981907496859
4.089655914633485
4.114501189866177
4.1263287840297975
4.133963478614253
4.118451627330115
4.118268137700347
4.138821536780738
4.144151266274257
4.12442184176143
4.132532820633502
4.126206305280611
4.132358725346552
4.142140690076876
4.151327439605635
4.161059331536615
4.163818303535164
4.17032465427019
4.192287859541414
4.1890100850835985
4.204046209972051
4.213374274949742
4.197987140273708
4.165591096794463
4.174303303262585
4.1883012654220915
4.159245089536779
4.161083510555402
4.1652076694276525
4.172454900328414
4.141485945858792
4.15457229489022
4.161715039326628
4.137095875340961
4.0778350659672125
4.903104148006847
4.957198114556413
5.029830076059021
5.114453386008763
5.1439546814588
5.161660318498236
5.157414637983642
5.141737082719852
5.125342623207043
5.162917765576576
5.146143134757319
5.161388353598176
5.149186715619396
5.132227117423729
5.20606457213391
5.224922302592085
5.193506900742725
5.166787501498133
5.129865930273392
5.133995516115132
5.098660612807245
5.092320034609338
5.077148341860705
5.111825860176674
5.136224166418813
5.084637320277902
5.111984998856552
5.118435544020239
5.038101394983709
5.017108432228908
5.005877466265623
4.990077987184384
4.982898179689889
4.94151938498871
4.939896000043116
4.912586422836667
4.912440367639817
4.716250158798266
6.301350839979337
6.102888274624326
5.993113523327868
5.7978857881281165
5.746188773038304
5.746548905976632
5.742332715726255
5.731171272215066
5.789217637239266
5.801095145999895
5.834089338022349
5.763782185155144
5.731865062664945
5.720717845495054
5.717489460927446
5.69752610979073
5.714405114965416
5.662147853475429
5.656935731908155
5.658570032624022
5.68073536277676
5.645163425285246
5.645628597924702
5.630342852815547
5.629869509813412
5.5942397622401625
5.575426909182105
5.585201143926912
5.553202073146434
5.531597864129526
5.50409392896099
5.454122851175828
5.432941068325743
5.433746203373385
5.433863415815362
5.44233977577625
5.466360820552582
5.230048938904361
4.800628056223774
4.772516066456726
4.739868721290972
4.734945782719517
4.7438285161777545
4.800900352059853
4.71816802349332
4.7141426915313245
4.739808876308433
4.705778531918574
4.708691354548199
4.703820962163882
4.725006398990797
4.757410046037059
4.7886188224974005
4.783505970864221
4.769147371386994
4.745486448155878
4.724437173933931
4.729728020845269
4.720154568300444
4.736829368566802
4.752121973125909
4.709929616001537
4.732564670663901
4.733635066938716
4.755983676844182
4.767332380235035
4.794524722143296
4.756072266416124
4.789309858221369
4.772549571069077
4.7628359608801425
4.740725775840643
4.732912234136916
4.776361454755382
4.778426464910945
4.552853949290896
7.982541245366218
7.700404943973986
7.546608644261957
7.440568291510079
7.444836531214694
7.5017177711958425
7.494316090266274
7.485750302638524
7.5508668408012785
7.513924882621062
7.45095212797385
7.230728041978155
7.153927545360671
7.112099518418649
7.067899768204188
7.035282864749635
7.065289044903118
7.068301765251085
7.076588545209919
7.007193721538534
7.004234543476228
7.026266693027562
7.031211193691886
7.085090450412025
7.138341441384032
7.111420671551707
7.168046072949186
7.1541012466595255
7.146639429333894
7.176640014360588
7.084172696810698
7.060231131270281
7.136619887745334
7.165999579724601
7.185824132700493
7.190879285794045
7.19997022753291
6.118239422114081
9.15007600680823
9.081480862444096
9.032162360918162
9.017373078553586
9.141330685475634
9.210782145708256
9.279329626813828
9.254178828148358
9.221921533052262
9.148543369157357
9.08495960951743
8.27756051467941
7.997797342759312
7.8357159535052165
7.728781577181463
7.571969842250622
7.288653881781241
7.218586779970014
6.976334664973822
6.788697630128943
6.822406565027696
6.760857307292348
6.699167717109068
6.7610772358353595
6.833866207546931
6.817182967655455
6.82805289270954
6.9237769734291055
6.92450437560829
7.014741283029816
7.084250344196459
7.108215160719204
7.1325057587692235
7.1757259334487875
7.174284845213809
7.159453829039029
7.124614086925195
5.263946465359118
3.22841063610006
3.3268099915192826
3.4222302171931567
3.4737868521982143
3.5139924533354057
3.5109914391177552
3.5038400152876488
3.5069307835270607
3.501769647248979
3.4999510428562215
3.4961312338949235
3.4804601094496674
3.4950606637817043
3.4967829583278536
3.511071671797645
3.503312977299842
3.5019966893385073
3.5032633315995954
3.5043900950502436
3.503582586518387
3.4940716602564685
3.488898816802681
3.4717484477953677
3.4683525517795553
3.4598677967785605
3.458399068790353
3.4634399546303345
3.453785703600007
3.4619676916201376
3.450067136032755
3.449005046367308
3.4609129245280217
3.467886063725369
3.4579983745334824
3.4680749713788157
3.4750303521283015
3.452190858046203
3.4484755135652443
4.641755926895153
4.55853618100123
4.494010692610938
4.461244545600903
4.471683720694953
4.4370681509288215
4.463165404765587
4.470914487511225
4.4755238417232945
4.4829665593164725
4.512489472045158
4.506429951680895
4.49924804481817
4.511156174443517
4.448816499033454
4.447216759808932
4.416670404924841
4.4150655115934105
4.426770779686487
4.441291087526621
4.420895949867528
4.398976458759924
4.357798091381414
4.380597098757792
4.386380068475176
4.350197219412517
4.402198735213063
4.396037111979682
4.363881581690796
4.369727706381921
4.381537999322101
4.398932165120413
4.415359374435959
4.406570152204338
4.404006008961641
4.402678741188997
4.364254826169961
4.125914776989735
5.969211811016014
5.872569566493096
5.875605936858487
5.861017149579973
5.94513756224902
5.937790031161604
5.931230614038268
5.969620199986018
5.945631841161303
6.0249119863244704
6.058238675258672
5.992453617544212
5.897345445061631
5.888348080335547
5.902778532258042
5.862633084339702
5.791751953801696
5.722368429439588
5.661230167392019
5.663788354888143
5.6755827953828595
5.74955313182124
5.8113570649833886
5.825952524882219
5.84644667254746
5.900074293468072
5.931033761245325
5.965111474514919
5.965985002740261
5.971163102290942
5.982619906597558
5.972377750824502
5.967750332950688
5.992272034608802
5.966610423966043
5.975916110816137
5.993878575248981
5.34965927600566
