0.025
0.025
0.0375
0.5
0.0375
0.0375
0.025
0.025
0.0375
0.025
0.1
0.1
0.0375
0.5
0.0375
0.5
0.025
0.025
0.05
0.05
0.025
0.05
0.0375
0.4875
0.025
0.0125
0.05
0.025
0.05
0.0375
0.025
0.0375
0.0375
0.05
0.0375
0.0375
0.0375
0.0375
0.0375
0.0125
0.025
0.0125
0.05
0.0375
0.0375
0.025
0.025
0.0375
0.0375
0.575
0.05
0.025
0.0125
0.025
0.05
0.0125
0.0375
0.0
0.5375
0.0375
0.0375
0.0375
0.45
0.0375
0.0375
0.025
0.475
0.45
0.025
0.0375
0.05
0.0625
0.0625
0.05
0.5125
0.025
0.05
0.0375
0.075
0.05
0.0375
0.0375
0.025
0.05
0.05
0.0375
0.025
0.025
0.05
0.05
0.025
0.0375
0.0375
0.0375
0.4625
0.0375
0.0375
0.0375
0.0125
0.1
