0.0375
0.0375
0.0625
0.0625
0.0625
0.0625
0.0625
0.0625
0.0375
0.0375
0.05
0.0375
0.0375
0.0375
0.05
0.05
0.05
0.1
0.0375
0.1
0.0375
0.05
0.05
0.05
0.0625
0.0625
0.05
0.0625
0.05
0.45
0.45
0.05
0.05
0.05
0.0625
0.0375
0.0375
0.0375
0.0375
0.05
0.0625
0.0375
0.05
0.0375
0.45
0.05
0.0625
0.0625
0.0625
0.0625
0.0625
0.0625
0.0625
0.5
0.0625
0.0625
0.0625
0.0625
0.0625
0.5
0.45
0.0625
0.0625
0.0625
0.4375
0.0625
0.0625
0.0625
0.2
0.2
0.05
0.0625
0.0625
0.05
0.0625
0.0625
0.0625
0.0625
0.0625
0.0625
0.4875
0.0625
0.0625
0.0625
0.0625
0.0375
0.0625
0.0625
0.0625
0.0625
0.1
0.0625
0.0625
0.45
0.45
0.0625
0.0625
0.0625
0.0625
