445.49421933901084
434.136463597051
429.42560148848685
421.22580480350325
416.14467503733704
412.981491435791
409.9672968880797
388.3383966642171
359.6875543992646
332.86863129739965
317.5630478009531
304.0787210816767
289.223209094342
274.16525083973113
257.3358140127799
243.9419039521571
220.23529704718445
172.15078010025542
84.65196967719515
80.31774280713499
61.83715892075453
24.495843626522483
4.392970685516183
4.044816190532608
4.504357938971778
4.966182986126147
5.452892753603803
5.887022170377425
6.309856951958551
6.690803093987395
7.250597867390066
446.4962359254002
435.22741656008156
429.99658245483846
420.8424525739313
415.9470972669689
412.96716820243057
409.10120926765677
384.89739106617134
355.4555750301941
329.2127845732858
315.5251315145289
302.49247035362396
290.6698836946065
278.55846144183977
259.9392525079945
241.01468258804104
218.4064543106394
189.36004410628635
25.525565161270013
23.38402783082147
19.739624101845003
10.539540913773314
7.426703978218775
7.540562117044105
7.711491728283022
7.847626192996021
7.99706289248108
8.114017720542058
8.289778757545767
8.479012655694559
4.934807725956229
445.52016099843433
435.55465618641193
430.59799950639115
423.69063519087763
419.18594544599847
415.688376147634
411.4329067411315
388.2940389159156
361.5126874952534
334.9581056306123
320.8867862974179
306.4695167379306
292.9798491209565
282.5238918891491
269.17028084751774
260.09504708150575
213.6130076292139
165.33452161932718
11.778035671363302
11.12024964604335
10.659160096528442
9.499026560560704
1.7225603122172073
1.8429908918503282
1.9439803131381825
2.066668179228528
2.1466465047125936
2.238526633377957
2.3441131750390922
2.4197908654979576
2.277558854124541
446.3119727956791
434.3608795712332
428.4790617699776
421.3497719293928
417.7154780657192
415.6288508895512
412.3457531468051
387.9148661229688
359.82361655546225
332.35399042396324
316.34518672661983
301.1108603258046
289.46942565210213
277.17384050192766
265.23017552789383
259.4627081479971
229.5682751670399
197.01098418411053
9.976499009345448
9.05839996478227
5.386109856373438
5.030225363125649
4.9693098303148195
5.019456410775772
5.066435047071317
5.088026472745467
5.126076791302691
5.160675553705585
5.220327341207021
5.261647223024333
4.484021009955765
445.68279415625756
434.7362149958193
429.3358543024074
422.799405374179
417.77265561374804
413.13479050760014
409.56700854594834
386.5232175013578
359.3806802599565
331.5070972968448
316.52252246264607
301.74700485837025
289.566134426915
276.88350785532253
266.759140894924
249.94628526418114
205.8309734662891
154.21767196436167
12.874963445845975
12.008530077281732
11.000658343713866
7.673561311577769
5.83080997606165
5.90519417390067
5.988642477409111
6.077518348139482
6.1746341794737605
6.227490692348913
6.345879434210583
6.453717426408459
4.613580451878193
444.62373459823885
435.7700834186126
429.35188318070624
422.09817474855316
418.689334091161
415.07346981389986
411.4969263220941
386.52383523655413
360.47704086230084
333.08672468100076
318.3616324872397
303.61823301234966
289.28096874449767
275.44544591312285
264.45171131350196
246.59182028523705
196.40189475574704
158.6725265333617
8.518614853725111
7.878070174920306
5.067147262025863
4.548647759012221
4.56053889509085
4.556470565978946
4.570500345665464
4.5591812483323
4.567490120569483
4.579656938536668
4.5671473326097844
4.568743260569765
2.982083121770573
445.0642946050673
433.83582053200354
428.78938920580606
419.9271884382895
413.521838588276
410.6267845482619
406.20834061239253
383.4248399264178
356.5825204953497
329.98716965446187
315.86943329619356
301.3923390648728
287.6114006172532
274.68482766444447
258.7140895385451
247.11007282778118
201.42858018110883
180.44388039452153
34.34799456429933
30.94748779035058
24.01848742477455
14.17616807913912
9.559838720661446
9.63979665282024
9.65636007092598
9.72542057932664
9.772674826140715
9.855658779022605
9.908413213642215
9.9600385982024
6.827497694324965
445.05226395629154
435.6072642096035
431.27755968416136
422.9894045687036
419.2617959761899
415.6409786176462
412.36759249455565
386.5591055747983
357.7543974124762
332.647346861809
317.53579937801396
302.9407045271841
291.0996920401503
277.6053194320153
270.3504098907858
269.50723455799204
230.3269436036822
196.60015586098768
8.363761803130622
8.37197710579099
8.407886822598616
8.424221770415008
8.44863482448471
8.477630055920747
8.504104614638967
8.561812459880322
8.596062753423297
8.621948091582635
8.638232552373022
8.670266276545176
7.722924149344268
444.313489511807
434.1693259887722
429.06656543632675
421.2221278734341
415.31019084692025
413.2006153769247
408.2904263480965
384.9700741011541
355.32713009777956
328.2953478101906
315.1929257075536
301.7021974756731
290.5126964186034
276.2711116991134
264.22650683504804
254.94106121835063
233.54753551741487
178.39815388463535
58.4273145457363
55.12532928695145
38.33340072324528
19.59831924967967
4.622564693918191
5.195720958274642
5.716050640221321
6.2761846483868435
6.811449054048892
7.28561756294141
7.706049015650559
8.1737478627874
9.080771243464628
445.6043943696934
435.9919098301639
430.2015350376254
422.21606088882316
418.6810832358415
415.47656380674067
408.6119324852203
385.6695432780757
357.7322879422678
329.5035200245387
316.24315443457846
303.23419727123684
289.27368178879016
276.94855101078065
267.18555310932214
254.03157438960037
215.18760594735818
171.78272069281837
6.394016861170841
6.322007408389779
6.298321046738828
6.274955177592436
5.91615731232227
5.9168735277228865
5.920284928716681
5.914678993352761
5.91277382310052
5.907043260490057
5.902984935170164
5.911721777877668
5.450489421084162
444.93265307802125
434.7674351406666
429.71632117300476
422.8179602998362
417.6517220622471
415.0552785272993
411.8326410242114
387.96108607405534
361.0055119404381
334.163896658991
320.9203300329101
306.8950904371479
296.44582185082857
282.8589311856515
266.78354749223547
262.9661629939997
236.2566620298286
192.7608580212872
44.27656605437845
39.84334729224218
22.86805723718783
13.246260805789886
7.711358374586616
7.88895495979556
8.07059553117641
8.304105295962012
8.447812428268964
8.621451210287912
8.752785378658231
8.887825143523049
5.352656820183856
445.8030060895889
435.08988401005723
429.89162905387354
421.849241509521
417.207074627008
415.1019537907366
412.70885382997056
390.2939384281126
363.1968677181657
335.6469559004019
321.80936242942585
307.3846456459457
290.4864299960877
280.25270078445084
263.50845377375913
251.25834211821808
221.942390329129
160.16600106222998
57.233066439638115
54.02708144854452
39.33424642506757
14.315870363001254
4.760842237887854
5.167846741979879
5.543114120780786
5.879141985916426
6.189597264952763
6.492601006738997
6.757209851670588
6.962162962397435
5.803223243981162
444.7627160014652
434.0694715897359
428.69742807343954
420.642212340675
416.773859382055
415.632926190792
410.64548244433325
386.8664768440619
358.04430523984604
330.60358734856726
315.48503936087235
302.12349208530037
289.46210644251596
275.1102247529972
266.0432192536998
253.4807203905204
237.05739617029576
205.90723165416077
78.4724857010719
72.14680314061842
54.79730604729575
21.581646391248885
3.5747115286779967
3.980130243317281
4.318318517261316
4.6745633040625805
4.946932472345094
5.0684709575936475
5.410865932984039
5.748567930540343
6.587642861051136
445.4982711639349
435.02012188412095
429.09388365208014
422.1184398956857
417.0098987774388
415.23937068498566
411.7796315624995
388.6691330902839
360.8993077800513
333.21392087751246
318.6158673733985
304.233180928709
291.61156717998585
276.8590835146306
264.8924691205299
260.1628625584444
249.83305372116416
213.79050750706304
92.43831107677191
82.52035537673828
50.457736421214456
18.87496611358622
7.2091082905254815
7.508560610069509
8.014484705355754
8.550956853920999
9.094310529443385
9.583848193138701
10.058716887461744
10.493754500784785
10.717621128997006
446.0206866442428
435.6382024711588
428.52280159864506
419.60708243969503
415.02993123010316
411.8974065180437
407.7221089760168
385.98038142288704
356.58269240113225
331.3598617691504
314.70329899257496
300.95844520590873
288.41421530388084
271.95273760421867
254.80141091146865
238.9357104291846
209.50036382637984
163.68184763058397
67.61495863295184
61.90380366544451
37.15664373930368
12.350640768196213
4.355203456230808
4.538863779418258
5.037504064207098
5.463926224488158
5.885065276492431
6.36112560596102
6.7276370399476
6.964248267223888
8.280015686565937
445.57416316669594
434.9748984408553
430.4716987735246
423.0756732584025
418.0481608549368
415.56860232481563
412.9075851403436
389.97161325149415
361.4193600622641
333.85859324619383
318.2267373094399
303.67191525138327
291.3316674157603
278.98927355215557
267.11877178490136
255.9479066471834
226.16073340290632
191.91618656622072
53.29759990725025
47.904851931227725
34.24308661969313
18.56365145233569
12.118169774553703
12.162132839041703
12.197990266010077
12.254282854006298
12.334287306390499
12.478421679713822
12.564038889113872
12.626753394394209
8.525614477953184
443.85140745744405
433.9168574606912
428.09797628747117
419.59482750154496
413.27362487228106
409.7047314227805
404.5459056306978
384.2437808973038
356.5244145567639
332.4415019743826
315.42981256981926
299.8629953785576
287.56325168236015
274.26618343803966
261.9986082182847
254.73921047907385
225.9055099173382
160.77342403003595
50.4108047883202
45.80438714461884
32.78039295296065
13.51572601052782
7.216429133068224
7.584899759494924
8.020146476479088
8.506155349664596
8.935605529241151
9.367370092897566
9.878257243414327
10.214478194543451
10.16675819889746
445.2453311565072
434.12354665113963
428.88218718781536
421.87374901650145
416.90896153113755
413.60107983430163
409.66337228546394
385.45330484488755
357.1971461848678
331.1405723681064
315.655439901816
302.04455446660234
288.6895103507656
275.1447273060776
263.403994914518
257.5544087812807
223.31703789850738
166.91094154844174
51.38406548402853
45.05450602017972
18.565732011229628
5.800023059500743
4.008112643829401
4.485464825445572
4.947036627778886
5.375435521393033
5.794328685645525
6.245711750924932
6.689109227199289
7.1172577683639835
8.232029884692889
445.40742445423285
436.0536567827979
430.16965376718196
424.7403713772959
420.39787523931165
414.75550334950447
411.98290561070496
387.86436062002
358.22712455922226
330.36919549518973
315.40399423803746
300.9929750410692
288.0320636013766
272.84818279850435
256.27022619438475
235.75610471158262
209.23166658888445
178.69471160026393
79.94984149180952
73.01063164851269
62.75309417768052
31.620418389655107
8.301307363797056
8.407809839979615
8.916027290883124
9.366409437721233
8.960073651057817
9.079188212497401
9.533982848049003
9.93130224946058
9.854613617123087
444.76749372049966
434.6905875163299
429.2752439227626
421.15530011927706
414.45185495926114
411.99352008748144
407.80089075269774
383.47641391342665
356.12818603845056
328.80337007683073
312.69371352912145
299.4210618787092
286.96793305500717
272.78853161963127
257.2219946268535
244.13402946809475
211.461960179533
167.71218261297523
58.81930337316222
52.74066825874732
30.45582959151177
17.667257103406556
8.052496529700306
8.083735193074965
8.251118821624786
8.35088136246123
8.607079453174405
8.862736711331888
9.13052515100522
9.359312526700986
7.067436632624171
445.113939213179
436.03534677270085
430.5743465035445
423.7092585559863
419.6959739523662
415.2847497696428
412.4351552410219
388.321244270976
360.38510259420224
333.6062526737282
318.1819259875483
303.3332841092502
290.28122217650713
277.6910529191939
259.74484293723265
247.77929036650346
220.63445050182352
168.14473034028555
63.13524454014754
58.35693628151499
45.57460648673982
23.83250433203276
6.399410741098906
6.054780127097621
6.452776418115677
6.798108107055758
7.0954778069887885
7.503135744036302
7.840663050035591
8.194317285879116
8.198019232437394
444.97933334407554
434.18313570892076
429.4133770077878
420.8570127386029
414.90616303597636
411.97348566854674
407.17123761736553
385.0883148381526
357.41665213488494
331.52063747131916
316.8884875128705
302.48885943144137
291.98278438712066
277.740829686141
262.24945186479823
250.07332506442447
220.63818910131695
178.82754543516518
32.613236840604976
28.27935105309414
20.74098720458355
13.856058447218272
6.7024436185661385
6.7844040198099105
6.892004935148276
7.052770243620116
7.1455225365389
7.2732821976398325
7.390677560524002
7.425482915090355
4.902597036586547
445.52520991575676
435.8565779952235
429.0073502574157
420.1033043064775
417.0974655362801
413.86599793094695
410.5905511078457
385.5955341416183
360.2933803369513
333.92372503491464
318.2326296595472
302.8305270416945
291.266976501219
279.3008686893431
265.3190593084997
258.3100399617293
230.9389612124931
202.16819416504765
45.761092608858625
41.54381948357525
26.984114167705258
13.481261175819947
2.926792147934888
3.3200325901319405
3.62421819860292
3.9808952832388185
4.397433222208323
4.779309432478893
5.118540521424636
5.50825666428721
6.8383683256266234
445.7052829290444
435.52136784865775
430.63716792727365
423.6898584966499
418.59158402291445
417.03235249248974
413.993584189527
390.6273689640411
361.76707560487046
332.9279254467166
317.7359803543163
303.4347665216292
290.5735110729373
278.76069716710157
270.6604051160424
258.5916213238218
204.34255324981726
152.05687912130136
17.366943839415946
15.664444364228975
14.710170363716749
9.331202720142423
6.170857797420181
6.09222289583508
5.986501476982493
5.9254475208564115
5.904870740733606
5.828458355473004
5.778255601447521
5.7567687249023685
3.801256385618528
445.05979998930286
436.40045573231885
429.5336942119011
422.0445652713014
417.0338238179549
413.92499301035315
411.0973688941841
386.5131671875643
357.90454878739786
331.2608773827219
316.86935131169446
301.749867951324
290.96958812278547
278.5164169966681
268.37583568715144
257.6548899447234
235.2091655217757
186.8472537515465
34.11591299921881
28.797947857687145
21.380503781777087
14.062408973292673
12.378864795883887
12.448246848883175
12.517940086068592
12.55061113958758
12.70584564937942
12.820992568183573
12.886187153069333
12.955324670913436
10.930131471784772
446.12595908625013
434.9263254977621
430.072258893652
422.77309148984847
416.80581235720126
413.87725194733775
408.9477672710719
385.8268535864911
358.00621314423836
329.1732008007202
314.135218510089
299.4585392994788
287.97179696480043
274.30191798624514
263.89058203191695
253.61933537635653
230.31832272819835
199.6216789763925
84.37614202687043
78.49076316203013
58.03356310964481
27.71840267581425
7.379378703724006
7.875572394133095
8.365357548484464
8.880145674324611
9.43039348691932
9.891503603782667
10.358241582271127
10.810554780323896
11.726722845340529
444.86355795281816
434.78971087553356
429.5278481428208
422.49219747911286
415.50565068758885
411.6532159768892
407.24990410067113
383.73155607291267
356.5924413619681
331.5981907854088
316.6350341223437
302.2190398560043
289.09315693269446
276.2218390578599
259.62594934819987
245.92139662983698
219.0462685713301
161.10602393587914
76.59076544943224
70.70678197846829
55.33561577943349
20.348333575200755
8.922007428376256
8.466732809664224
8.89608848661221
9.328773423340484
9.799150478445146
10.230041581459867
10.58272942808446
10.719154525810364
8.109101551076145
445.28345448055455
436.2879083906956
430.23975302221595
423.0591797753405
417.59042004040214
414.7015350199287
411.4041617266668
387.14545321522627
359.2078481698966
333.5420097789656
317.5665614713152
303.22257637092065
291.05052067640503
277.4765390374383
262.49102639642916
250.5497777644823
211.81100903729507
173.97923657114293
44.499382470754206
39.628866737706595
27.99087305254648
10.788869356586861
4.903918696830772
5.001718816932287
5.263166343969584
5.4626841357956355
5.746910542163608
5.966040587959737
6.24165157080443
6.424497333262851
6.080653062524841
445.73548595040484
434.5537327804548
429.88083753893034
421.9341972279275
417.8065942904901
414.49057623371823
410.9709101687298
388.22853092841615
361.6902294004137
333.36900108703054
318.67050645345176
303.2474918702194
291.8274322170218
282.82126555724966
272.107660336788
259.04445008267464
221.853640484223
177.5374503228397
23.83783773671285
21.56187951022807
14.63785951404408
6.732957943877829
2.7286235989032472
2.6469383711396266
2.6008400944934404
2.547006841568592
2.548204652143447
2.567128715302397
2.547270246447162
2.575837195354967
1.431142852792999
445.0412305056864
436.03017308998835
431.0681579979911
423.30952741466785
419.75550122261353
416.4133571571396
413.0575428292032
387.50901815692765
360.0558015545807
333.1652944595062
318.9069984784408
305.65920272547527
294.3469302981472
281.9607146206844
272.00414370708074
258.5992756606277
222.14276042898283
188.3035451572881
9.522949996777268
9.484430329588722
8.203519166338845
8.200749220543534
8.189950487314572
8.169127923435031
8.147781217455472
8.137000507226414
8.116531860097112
8.089214562146937
8.079145658928407
8.082981881132252
6.832055466170755
444.51082143428926
434.9615602965715
428.26484352481583
420.62503665919013
415.9669440209497
411.9491773174408
406.4813260955488
380.7370477480979
354.5448195392668
327.63433246359284
316.2248867567357
303.3668725018126
290.46860352331566
279.5247651816016
267.76628419546444
249.93021023392578
208.63844037791455
175.4637547874994
8.774359125841569
8.84794833204353
8.890961367503971
8.926439391149684
8.973648142817273
9.01329470436711
9.048171153306294
9.101206452097918
9.127808207866423
9.146636262632416
9.189866946248152
9.219570281908902
7.846611949833163
445.7738205477129
435.5734141103429
430.77831796994457
421.81710564817695
416.9836106449633
414.3063794996113
410.1203066440389
384.5813480210657
356.23437203155044
327.83431156884893
313.92890940782144
300.5232105790445
287.41854112430906
272.4801795332848
258.86912181579294
240.7034156131657
209.95107631081507
173.2609912368721
30.606562449810173
27.945113391853916
23.74964571506838
9.37382581130694
7.265844346537642
7.338732958486256
7.417055593330795
7.478219757342109
7.519899519933179
7.5993407749239426
7.65421973844818
7.698002290671348
5.526310197928061
445.21978295749005
435.96168997346
428.96386147398107
423.47435143919046
417.8130995750509
415.11315729416094
408.5680025552771
385.27259014466597
356.33788179802764
329.3487454957519
315.84641535531983
300.87410075190337
288.3199118235645
275.2902964982328
260.58848903228284
242.4888041509924
218.71865769302264
175.08963870387055
73.8816014581168
66.80753086000344
49.50532100134668
23.3261024343011
6.0484250977150245
5.533347782368151
5.989178273090351
6.482802079306828
6.681116011492033
7.090998007822076
7.584507958334312
8.010801866420437
7.823889033472523
445.33749463111354
435.6020854777747
431.8746201442336
423.36210882052575
418.41720731828184
413.94585639305706
409.27454095557647
384.99682988301527
360.0555800762638
333.06916129666996
318.78977686267245
305.8042702889306
292.3997214946262
281.1688887612121
269.1872065816736
248.7639346192382
220.0637799034875
155.91156119724175
2.8936992154948147
3.07173257208946
3.139871002672625
3.3315710188675833
3.507082188410114
3.517791205327429
3.520829575038213
3.5486586050407687
3.5690884010519186
3.5917009857597004
3.6298052673391124
3.644390852407251
3.7293013161690185
444.8560705127636
435.4467449051215
430.9423641868516
423.1553947063512
418.8757985684519
416.527117252119
413.26695349256585
388.84108976825814
359.2599150089709
330.2801444241281
315.6939153062373
302.6819595800012
291.2574415122005
279.6094971432812
264.792334160466
248.7988785376958
217.76173026093085
164.8707182863518
18.998935995572076
16.72705369486512
6.953695221833835
4.553479889710498
3.9093146192559556
3.776839604743339
3.72321884143452
3.6796000483582536
3.6407182888805414
3.6093490128890187
3.662482886586393
3.654159018163088
1.1692333170153053
445.0852495489586
434.7827313904606
430.532619314663
424.6644198042527
419.2043884031159
416.5733452659526
411.29580290198993
386.16138303306036
357.04127675398286
330.9047587478761
316.66399279733173
303.0525047399795
289.8267790613162
278.49437654055293
267.58399413426497
260.1118116295872
220.4162492534824
183.26134406854746
28.62617176977829
27.11023086625321
21.067002368191183
13.125836631583315
12.095312432225848
12.17049330732426
12.242790656670287
12.31413044687587
12.368195582734913
12.41951820440148
12.429810051338102
12.486927264333334
9.314489051831321
445.87721630793607
435.5427936597543
431.20509844229065
424.18169636417844
418.2246521973478
416.72408677368577
415.27025512439695
390.4258424009748
360.261442838363
333.9339658592642
319.6224126631885
303.84195214770017
290.6768025196737
279.2008449418368
263.72404386444816
245.40922738404964
201.6763169454503
170.91310901296256
39.918430723833
37.507297135284226
31.315985267002734
11.028588360137261
3.5524308650773007
3.9372910827628376
4.269909604090005
4.632582652341051
4.899394497477749
5.220545504816364
5.490617475256388
5.827012490959857
6.705369936379404
445.07028268348483
434.24397613579447
428.9987356921714
421.4856291616288
415.2188717967793
411.74674152476797
408.54751585202274
384.0625442467249
357.68294752663235
330.2589090276495
315.6046688623354
301.3482746700924
290.0154587718574
275.1635460758662
262.1786594958721
256.27558076885225
218.71423020767125
182.56598068878867
30.942109021408452
27.551274051456883
12.683932524398912
9.484515505411332
6.080960192887282
6.188024340200387
6.3307747424439285
6.418369810693203
6.547136933980036
6.651256866394244
6.800225108088129
6.9311970455862735
4.9039096934387025
444.1365164931499
434.9864039866997
429.3051682250251
423.4634308084638
419.1926460500548
417.24361156598366
412.3743922288248
386.4576969960672
361.26029793443786
333.3998387641419
319.0454723924941
304.12774059515976
293.0713873348922
280.64014526234087
267.38699145117386
253.83857688950349
196.57790453439935
143.7221691469825
9.552356826693506
9.305605103481547
9.073986716235835
6.672083431437051
6.590667511506488
6.6105625141850215
6.606939011881084
6.609118865602423
6.623969984340317
6.635212324700556
6.653261352638844
6.692300621404903
5.402395126865496
446.16110595545155
434.72842218186224
428.9844169711299
421.7044323077564
416.6166024475373
413.86469301226765
408.78151140952457
385.6911625431352
358.2575914530801
333.5920426529791
318.2235159072145
304.1990925768449
291.3970963801484
279.8680425992912
266.61018957816066
257.3859320437807
230.59892599258086
178.91771685903709
42.87516984912531
40.81024278769074
26.092770240678085
16.158992323686043
4.010311052578194
4.037327724301202
4.364073276775746
4.670020562098411
4.851926803382948
5.103838423825127
5.312820733463972
5.543903494794169
5.571605310791093
445.7671434509823
435.12456020861697
429.26348896783975
421.93875305491
416.2536235343681
413.4582400965765
410.2195384185765
384.03986287877296
355.4835178844529
328.6059324224615
315.3166719575209
301.4915361122466
288.62106441441637
274.1236783211348
262.68300166677375
244.0450375514945
205.85544047588354
168.41760760146352
73.72009171862955
64.32679905729213
34.91071208056078
15.257968766998504
4.698420706804506
5.022783985778464
5.407672750911433
5.741718699161102
5.976723387406076
6.367816891519552
6.737035411938994
7.060675480114456
6.973558601225041
445.9127641157949
436.1102900988596
430.20425869075626
421.97952888343224
416.65612602255055
413.1051872938546
405.5892042523859
381.1901772701575
354.82160084111126
329.72020666536054
316.1779280928909
302.88829347671793
290.27382513009525
278.7213828912655
266.36937615986665
254.60574363578147
225.59777189483466
204.95530804241466
10.81203635553496
10.375331726301551
9.743799020235109
8.907807686114102
8.675313844721131
8.693515965222273
8.69560235822898
8.700006511936337
8.707949183528672
8.73480696136076
8.742697506536464
8.751096207807135
7.321234164297269
444.9924152319132
434.5860131644488
428.926622079433
421.8971471999685
416.42070158553776
412.5104332037557
408.20114112087373
384.09053421763207
356.1147852726059
328.8556297289083
313.8457747379588
298.90523764628915
287.2635841488855
271.21404066336544
256.58567878086654
245.27922827106119
217.17963663964886
165.3347100022645
66.44560774170108
60.45065367835083
44.12243998209448
17.333470358918788
6.590161762047738
7.253163244849863
7.777729853405346
8.29249494757451
8.799613524487357
9.38838525635233
9.910170483066405
10.388350789293627
13.197532730135638
444.78204990038245
434.2575515935684
427.7429375628939
420.41535827386883
416.2556026553873
411.8416378278414
406.2346767221959
384.52059341860814
354.7395386897591
330.7384066572989
314.8102149559106
301.4108706736798
290.46532600903004
274.48331134312633
261.13247332032626
239.4940331437916
207.8100462991502
150.1260051490737
76.78871525191475
71.35665369225998
54.23884935657823
25.055787640858977
12.853845239914392
12.971956689913686
13.326541966217452
13.672597198530411
13.943208940707821
14.360851456771895
14.627357181266749
14.53260297130786
10.693829290976787
445.2094240189295
434.2824726476489
427.59984449092394
420.86827929929007
414.80590390741213
411.15424610485064
407.6219489459774
384.4395116401176
357.3964660918777
330.3736802769437
315.20907513727855
300.4456078987704
288.3491724003607
275.2002433458798
262.7525759277456
246.53536248330445
208.54086556535535
171.22409658566892
50.88166586494325
46.788919932332846
33.51080909223363
18.33620633878424
7.655843278093803
7.89452690255116
8.11906944034817
8.273255107920908
8.518381574858964
8.748612029726882
9.03485956620102
9.138587967441358
7.342374963779864
445.0308424563034
435.52701616333303
429.2896639753424
420.1651553805672
414.48519180548
411.16785954790174
405.218138807881
379.9975997442239
353.4003891703542
328.391574261557
313.47202951577856
300.67784466082134
288.630103390591
277.6730285286363
265.3580132335344
246.4885203189189
222.83248524260688
173.9919157997144
40.58550025727453
38.090836392190695
29.71149228759678
15.064512593598415
7.894846131651801
8.136331908665955
8.357929596593493
8.506370779509462
8.657273331697134
8.849821188511198
9.141915594171293
9.3548017926629
6.276159861036736
445.37787783179056
435.7505092162661
430.6148530094994
422.2278952421658
418.4680692162393
415.10272579421036
412.1620647997379
387.22031175153535
360.930851222774
331.8134693024397
317.1548637000607
302.0946322945091
289.0718316679823
276.1462088567478
260.13690312288657
246.19724011917341
199.53749135203992
175.73912754857182
18.501332765417292
17.18365222144123
16.152762526542343
9.437762539306771
6.712067530750167
6.7413829628476645
6.761170684146389
6.775132986438284
6.80021101657168
6.785644307456252
6.8394708865997975
6.891059285516332
5.025429782894838
445.6136325131506
435.05595320058734
431.45175470110917
423.92418386525117
418.38225846054667
418.59681730552217
414.362790288469
387.8609030685719
359.7316308706546
331.6484968234423
316.46809954957695
301.89386603335726
290.67897657465085
276.8117997147756
263.33939807991527
246.9396917132683
189.17142298599555
147.14696765164723
8.48127626945944
8.543533625872458
8.575011046256625
8.620723332594066
8.66625066707149
8.704043033047475
8.722938761607525
8.754472126004126
8.77603407778328
8.801542044132828
8.828327039447075
8.840052601488201
7.858509670604843
445.153983607078
434.9681037969467
428.2078789666869
420.04767987399083
414.7250648290963
410.114218116113
404.7551202709199
381.0435674466731
354.101424593162
328.1598153401086
314.3339803779419
301.1885370924618
286.8731003249525
272.4920162818317
259.0956394315209
252.18130201500668
213.84661755600217
160.67976852041974
43.39208075857769
39.6136599937662
26.397655398548043
8.201692321634312
2.865653683877199
2.8520015910675016
2.9406726262495786
3.076201008992878
3.238470047726092
3.3265282800347507
3.4964630692623273
3.549137579003306
2.0734251074995393
445.0809449532721
435.33763719537427
429.2354052917534
422.68555460312706
418.22628701742644
415.0909907809312
411.49254769277843
390.8349227863478
361.2643111501368
334.0982122744212
317.18088023009744
301.58553687200737
287.4030365733436
273.3123194487366
258.0267796542077
249.41227455664531
237.45330036902124
191.26244529188983
93.20559823997445
80.98797502946618
40.23512531012528
16.70124062176555
9.066383901365542
8.974462377235747
9.263587662404223
9.72468640371281
10.19897081911542
10.634726476335551
11.096226039733157
11.123575013740167
9.339477213621347
