405.3189655765743
394.8423507331584
388.3398035781807
382.0684106024026
368.01207739273866
354.7777869714081
337.64841065828347
314.9151578794137
289.7965270562526
255.83970267109794
202.3105727586595
106.21313749543843
46.2335241260936
18.262205121971693
23.14935491801825
34.43728497942499
34.764571131231854
35.05940318521552
35.32672407377431
35.51973929962849
35.747470766017685
35.94263437968122
36.13996296468042
36.26790762666005
36.44898431334053
36.64353669359938
36.859512134463564
37.01600453713155
37.02380294904416
37.08676194486479
37.06792330594174
37.06163824031745
37.05685704012607
36.40470466423515
26.714247683667622
24.190782520134643
25.919352445156754
24.45495444920805
11.551554494057598
404.50477513845505
394.3684495065187
385.98481118809406
379.55150119175687
365.23219461636256
350.5915888058586
332.513614926791
309.7300289611627
285.12451953439535
251.21804842545205
196.46607207242522
100.51315276363727
57.097680951136795
19.954861821787336
24.057547330338316
34.27621420912376
34.81662681451002
35.301175249725745
35.69752723285265
36.010569131097924
36.31980111205549
36.67332441765981
36.94030026129265
37.217851095518206
37.41257445758485
37.69280991233816
37.88543892369272
38.77213012572241
38.76556707974208
38.762163078503086
38.82540622668625
38.907114865679894
38.64962917658568
36.670415738631455
28.28305301038534
25.780845599228723
29.61020541952074
25.87874865844893
12.428997194270043
405.49937206074884
394.1226433104887
386.08953633513676
380.8713270464347
367.47541812194993
353.0391954358409
336.21255622780353
314.49132727819386
289.96566247672865
257.6681270994438
210.598892019856
109.79809526035541
68.7930966286756
16.03484313593723
22.79821151035764
32.22247528841554
32.53735067645226
32.84273376056381
33.08885611291531
33.31377286174225
33.538942049535656
33.691760229021575
33.88722849697457
34.07981804747111
34.1895742513468
34.31529645211671
34.4648959378542
34.57062607815163
34.59099087962561
34.587384472648964
34.563623640819685
34.57349502611984
34.55588950086609
34.234245638599745
26.299874330450123
25.227998301117232
26.43179704856423
25.915163516097035
11.036869001503037
404.9909164846693
394.3408172679727
388.3846920313221
381.8982915340853
368.18339402510526
352.62155658062704
335.0132027506824
315.3056414229329
289.80911226644037
248.7314536286499
192.3000511303083
94.11220481071855
42.7987471519322
19.887631031042737
24.181301518443423
35.03728923283106
35.96257244923323
36.62269107471746
37.20932103835795
37.6323854701777
38.06889985236635
38.53929595841916
38.96015353173638
39.370404140655666
39.72059211408023
40.02736637505095
40.327010309234886
41.15788864771503
41.20335503405268
41.18193126883433
41.198018465225395
41.170642221196886
41.113577735782464
38.70679845342339
28.467969541986843
27.720593484546807
31.357156647481787
26.724927279400543
12.370051394043973
405.0283212632688
394.0736591098557
386.70735978663595
379.41491617642583
367.2473076361105
351.38332634683314
338.5490469463715
317.1744355429147
289.7739276800265
254.2861773949081
204.89003132223152
98.79325546618489
46.551676829729765
20.573085540940628
22.159319368262253
31.045413859251546
31.606370289586973
32.06118534283436
32.38519621925266
32.70982517346976
32.96720245540784
33.28204470149176
33.515067090269575
33.655027727431275
33.84836733844989
34.04278893185973
34.25489591964598
34.50646827160095
34.51665234175167
34.50008505579566
34.42376591103617
34.38045626093105
34.357540839668296
33.56783850892473
25.890797800753692
24.350141976968004
26.94763675747592
25.170571345409538
11.460357652384026
404.88666036747344
394.8224412686854
387.511577778401
382.37474467242606
369.466533400462
355.7951961462789
338.11271933417106
316.6676730777853
291.23154319369183
254.64404547958821
203.29248268856315
101.10863528256209
37.33929953004928
24.180451573686046
23.0500998586276
32.68306425073458
33.386176716489395
33.97399392053289
34.51527289986004
34.89230020286835
35.3314677909472
35.749790324502925
36.08992234111376
36.430218285699986
36.7986145162505
37.14096948435823
37.46002683247542
38.10962372152775
38.150196984476196
38.13159799306036
38.164905650964144
38.20576627499318
38.076968935747914
35.824852510076596
27.178597202351344
27.598532902450263
31.434929241840145
27.147091653785278
12.345089247436844
405.54407951880546
395.9251194690468
387.4912726375445
381.6118929290011
367.20448222067705
352.60612329120073
335.1960332956072
315.35936773405865
287.11647008340367
251.40668183933298
195.7943498944856
94.9089142221735
36.053221032210125
19.928678739180103
28.220894900600108
38.7125619777598
39.323494987976325
39.795113744520485
40.338932465841616
40.68397569142573
40.994078976985435
41.33005683127908
41.61397675439459
41.90760455883728
42.15233390283664
42.40997855854
42.63490064499123
43.086885250283856
43.145246785616365
43.146798665134355
43.14127747343453
43.14063635541016
43.05571268239626
41.16589945743248
30.22700746799791
27.420890906552668
31.145861793102725
26.985704518519203
11.858484704420668
404.604196502636
394.6195520527603
386.6725477251476
381.3401602431237
368.6664523047876
355.4998137762011
340.1756686376823
319.2666125583601
294.81712126995984
260.820584239157
216.15319389889024
118.32065963708393
64.35674440781435
17.73987988629723
25.62755086408824
35.22336505691156
35.508351359431856
35.730152801059134
35.9566932937564
36.06283100016855
36.1766514449564
36.330662203227305
36.48939455171818
36.622438742559495
36.772387224613
36.84311147000297
37.00370152638369
37.12784299198583
37.13003990215182
37.089895311054065
37.11017547132694
37.08673668086016
37.07871199243597
36.16412277606655
28.271140331542327
26.387155125344044
29.114054517600632
27.754542915588793
12.773822159647422
404.74017709816184
394.84890235306926
386.9540869486903
380.9596441572346
367.4726662549735
353.63906672249476
334.80261768278285
314.56873628411785
288.5626121751745
252.00161155205456
200.20195347126236
108.60418178808425
59.67827660470022
17.942521642950474
25.001174249508615
35.03143880379722
35.69861513781931
36.19745827414488
36.58936895970263
36.926543704821384
37.38472748808801
37.66471075442776
38.00555079826746
38.337718168523786
38.62265195153883
38.83696691627163
39.11049209286747
39.756173296791516
39.85141620794675
39.84276031853717
39.8665458817555
39.85214336040957
39.75742033738824
37.84912761247597
28.833827064560385
30.026908386846213
33.63434932565311
28.75695532852343
13.207260094576288
404.0632739154928
393.6540083436273
385.11545515717876
380.6100385654229
366.59702026789023
353.2541145412982
336.2474355302788
316.490090514124
292.1042961496019
256.1484279537501
204.19610884756932
99.54259556265843
62.34908853447495
15.808722086141312
22.637388613113515
31.280041654221034
31.48065203322829
31.64030394339765
31.798404608155604
31.89522249630689
32.01395377093583
32.09388608302248
32.212772961177585
32.29535169196712
32.378303660799304
32.4783521042081
32.55908345981745
32.63704384548415
32.6106871560092
32.6162090959669
32.635911334656974
32.63605868563877
32.6031537989212
32.565308730241966
25.4107302353165
24.375978195619652
25.08761462603721
24.98594985194828
8.252260731030837
405.1900344711138
395.4867257990101
386.73808305171957
381.7960016996255
369.6522977780805
355.1444100519605
337.4360214987382
315.70453903089964
288.12820931409084
250.44428651680553
193.7453634493497
89.79612503863656
45.12536154452773
21.35306368786092
25.495849696933057
33.568598677426834
34.032986519963266
34.412291482983115
34.74370465739266
35.02939874839602
35.30436738207053
35.56989096490367
35.82552332324693
36.0564824162111
36.319189439413385
36.56642194683356
36.77982938922172
37.163366346335515
37.19535897189295
37.15081825230728
37.24104620636338
37.2574811893445
37.26099223730039
36.143127839861194
28.023483932132375
21.07717615095139
24.533476961749567
23.021594924357696
11.636188344608126
405.41848602925296
394.9651741506093
386.9985679408478
382.1924390051939
368.7212295874608
354.42944392917855
338.6243929453913
316.43314761263247
290.9377249258282
254.08028574915505
199.8607324347147
102.5605724233674
40.133906564812605
17.97257299238549
28.136973693158215
39.34063471772993
40.07175327806244
40.57137216168903
41.09797891917275
41.58389892922387
41.962686413448225
42.271678339499914
42.59368722158645
42.92224162187699
43.2809748259327
43.51167265899739
43.72540461636254
44.38450040775113
44.43678474962375
44.38944147971757
44.428041017471166
44.393427683729946
44.202713928346796
41.42338588048845
31.412545858027666
27.644509272428177
32.07069751276727
27.03750344977824
12.029858501870551
404.70524745776424
394.2481649256339
387.07965893072446
381.0183387683658
366.68955527848107
352.3805004820677
335.69250032486207
316.4039236287203
291.2651396415672
255.71262748845805
214.07345619972997
112.67612548250781
51.502450880597344
16.857657415236584
25.59430351925487
37.18832183204172
37.973765017324794
38.47854212615722
38.949773735103484
39.28036113619068
39.64837399622152
39.9011559043271
40.173422603424136
40.45920578116618
40.820534840177
41.077327762222744
41.23456731338541
41.786877521242786
41.778531084330524
41.771726953064054
41.72973946637094
41.78050524440062
41.74553343620746
39.536224200765595
29.905599178817546
30.070643222994327
33.69306398121548
29.13028802717838
13.153447300690473
404.3132086100552
393.51880444544037
385.07614515087585
379.19011060735056
364.58614579872204
350.81228168466026
335.1999659606869
315.34048016597364
291.6377238401597
261.3939032739852
213.23015556252355
101.1236253401233
65.42808668965824
10.07108250896269
24.90717748054806
34.043069335695904
34.170593691174524
34.261980182851204
34.32430629143501
34.37656890339416
34.42079201625058
34.466898013526105
34.5376593758096
34.56469053125362
34.599284109048035
34.65075743003518
34.699094118708885
34.7349577691636
34.74004930230042
34.735489208519965
34.731013167195705
34.73248610189722
34.728189735763266
34.73044657029659
26.487963778877763
20.43561301982189
21.26023400583487
21.185707273567537
7.734745639941642
405.32895186495267
395.0632864159259
387.34190145071284
381.2185243658467
365.510471819656
351.74324245952465
334.6754966635195
314.5939817097612
289.54797745825414
253.7662276742786
208.99536625010595
100.30099373233492
57.452118907219365
18.30432335109729
24.057474288522457
32.516983474398025
32.73654922077043
32.88680911824414
33.08921310121988
33.2322448894342
33.374911067061625
33.53170839282784
33.66588968322391
33.77025960356336
33.89418908650298
33.988799305807774
34.10717561039335
34.223173544125146
34.23605524128677
34.22507273204162
34.20575216560718
34.21783559246765
34.24745456006832
33.89462412758742
26.102149936553893
22.681159179828644
23.918799230532564
23.407720959142495
10.52043683236008
405.4649540200989
395.8209995215607
387.72800922607166
381.45767843673707
366.1761519698562
350.9252353633313
334.73569204093883
312.85788823422394
286.5269453559078
254.26058798121056
207.8023708192835
104.17237011083999
59.85054222916982
18.02299283350557
22.913923808888534
33.80787772270694
34.21649524275696
34.46969523799252
34.706045205660196
34.95388699470939
35.11739888142547
35.26889456809063
35.41043208408598
35.49226104574354
35.636345015089475
35.753867818945594
35.84404437056924
35.95928501649148
35.9784005359466
35.970042810304605
35.968755002745496
35.948151858141536
35.9517919407458
35.81639154991027
28.040547874898675
28.382754542455043
29.588867411982505
29.04120514006687
10.47056039178386
405.28944373130355
394.7595051129256
387.017675874728
381.001720682305
367.86720752531767
354.6026199141824
338.8232122243163
317.94260171396553
295.56912374011614
262.55173258606425
214.77803818331785
116.49429416059105
71.33939664611609
16.87707064024891
23.414321229588577
32.93177253893547
33.00023588031618
33.10691192941011
33.1789936221921
33.24388026522955
33.33916609414079
33.41293396201359
33.48768771437063
33.573823178843696
33.623120605464194
33.69949831985505
33.750538794989374
33.83760792944634
33.854551865836086
33.849916535404496
33.84657677891724
33.84883604132265
33.865002061071564
33.77198594793668
27.33475434815336
29.36914209288593
30.524351068054894
29.98105486995477
10.134477763350814
405.0502005835678
394.90594858147784
387.5743608650387
383.1423825496692
368.9737256310228
355.4741674541122
338.32487839365893
317.12904065156647
291.6013080055246
261.3594362717814
212.81693219545926
113.28942865043388
63.85496781924079
15.600898147067507
26.674494978860366
36.70452784918566
37.20258251814869
37.556217879449875
37.89433939261136
38.22071790469023
38.58505941191755
38.907304178816595
39.1444758819732
39.36813227907346
39.6038702555188
39.88831274839027
40.08869681269662
40.3574962116209
40.39474014461418
40.40432448214048
40.438277384052434
40.398522405239554
40.3651040481874
38.60588337095064
29.06986955694288
25.54937921448452
29.12403583297425
25.76166743761921
11.056549160142094
405.4295328440606
394.4437586660011
388.0512509729679
382.80920172699905
369.72340057173585
356.18690683444726
339.44527476503083
318.08006784474816
292.88025388628597
261.253010911019
210.2900473741358
106.6486691880667
52.91644504775941
20.04846091774731
24.900248700986932
36.31240289837438
36.75497962546398
37.021281014434265
37.317264214770645
37.55524996867057
37.73001548583243
37.93443568344075
38.08862233379025
38.28781099664589
38.37311581593605
38.5314152207816
38.63879797654183
38.74306953933824
38.70732365925974
38.69469672313401
38.70542228259256
38.728609602313114
38.7449128493693
38.35338838895569
29.334958273174433
25.703995314764047
27.537486119854726
26.27132790963956
11.550226770671516
404.5101572605104
393.94367262027976
385.6467223422488
380.46357050206757
366.6327469977681
352.72712449121633
336.211721850972
316.7874426524278
292.65503570497305
255.98329474247342
204.32334451661686
112.30425503147161
56.44543316477127
16.025836592589343
27.079076892759087
36.609443218159086
37.23744912743174
37.810915365217014
38.16474082351709
38.68807025610527
39.085676836821364
39.49639133122654
39.84312030638782
40.14543134255559
40.5246721819626
40.82026205745568
41.09379845334658
41.9094536074543
42.0034423043756
41.967418818632495
41.963397622474865
41.943190092826946
41.84453022737485
39.91176641944822
29.306646531294426
25.80997618753558
30.007178533873066
26.462550137256937
12.913761514855047
404.7469264024726
395.38656511090755
385.887621632031
379.8403484114692
366.29046652410574
353.81804450041415
337.22888546302875
316.13107404650333
289.20398733520966
252.42758938683792
203.37177174957964
101.73540027809665
43.09857057748796
22.14975538430839
25.24681563998323
34.39163838047723
34.811912355129095
35.30551279588372
35.69841207272936
36.05230240257439
36.355998426646
36.68530482727111
36.89010499167755
37.20708257916429
37.41727789270089
37.7663230420959
37.96027701451268
38.639115342577654
38.75197606431645
38.732475993049846
38.758082966215525
38.7372856677274
38.60634932239311
36.98072312865675
27.44590596535355
26.045710434571404
29.49933731125625
26.535050983023545
12.897778121127079
405.80163989621695
396.1058830253403
387.9933813893348
381.7941298151404
368.1051277132334
354.73221758125214
336.6608445417026
317.01911037404534
290.40433867506033
252.78846812400192
199.90277220859977
99.97051410219136
36.72494563938622
19.548027890831555
27.535496989909216
38.087141230244114
38.72614718613067
39.31246523533918
39.848356329266664
40.28253594730601
40.618290877294115
41.03267077225111
41.32911536568056
41.66158631133261
41.94202584837062
42.27836948082026
42.59460979872599
43.33987240437393
43.338902287928825
43.36600285222822
43.46842082315887
43.44348933337207
43.45555004623186
40.71209465779636
29.403048162530833
26.028962120661706
30.174524180707753
26.63929983510363
12.619280061966448
404.30088569020296
394.22954803228225
386.0954706133643
380.8501477397598
368.50771756819654
353.20193394279306
335.610619792232
312.2199965428429
289.8087679315369
255.718078999519
199.91038413058595
93.69085045759164
39.034242265569155
17.43020264607723
26.27763898736742
36.46911778908774
36.82039568203534
37.135420050980855
37.381329374892644
37.63448345322386
37.868457248372536
38.07874226228332
38.25674627911805
38.45734608702543
38.606179286596266
38.76511244106968
38.951219481007755
39.24976462699156
39.27405551739439
39.325304676691054
39.32929287062947
39.332209970963994
39.393113057902994
38.097108367014
29.33053529741109
29.400874125175626
31.873204909185638
28.423137344051558
12.02789107112156
405.7618238088913
394.1444536642983
386.7318267166909
381.4245083366608
368.1201111193563
354.22859729016426
338.1899605748556
318.52927206479893
290.6727968945585
260.8833433225249
214.97479160614884
113.40986436866646
79.90325556302649
14.376697615348574
22.101389178482698
31.422323609863103
31.51769857160461
31.632072952269223
31.74242082495057
31.840459446265296
31.897993411079195
31.973269663399133
32.052875252711395
32.09379616738714
32.14715401228804
32.200182904778345
32.26520754157734
32.35404897811987
32.33849840035591
32.349494907580706
32.334608523306045
32.33761521940465
32.3305046076797
32.32233946417023
23.632296732623956
19.33166414248886
19.818501675645294
19.770638546699423
11.566019692675319
406.2338548809563
395.68252193284786
388.22395494614364
381.4789311689358
369.0038119326499
355.6818216488416
337.3828645874662
315.43963333098253
291.06088092666437
255.88545076199253
209.55673613159678
105.74628843050715
54.60505626926147
22.982257885404568
25.710379812235367
36.39019103892415
37.08027554201432
37.570260881558035
37.89704263609887
38.33415871204505
38.72976599873449
38.95541010095436
39.28159181901927
39.56928822711017
39.80224611701389
40.08744628525806
40.31216655955247
40.789394083818095
40.86995950259505
40.91535413611893
40.85629410227417
40.83077562176991
40.77704859632202
38.89495482429517
29.064656330486585
26.285867280989123
30.393090841542843
26.587461519129963
12.23554199425836
405.23965971438554
395.52121391288944
387.75593141172254
381.5901900225091
366.9335598466081
353.5981323628733
338.28027109176986
317.15527119566536
295.36560631759806
256.33138396605926
207.1561006149518
104.87399928618977
46.780447835567536
19.116919859206412
27.595638382597468
36.37251768712716
36.82762759795312
37.17741199570592
37.48646877083842
37.72796106919373
38.05440223348417
38.254333697759634
38.50572730454424
38.76400521207841
38.951151208408945
39.12802814445973
39.36716834088756
39.59582888202889
39.60725023316075
39.58861642594418
39.59471082066929
39.55320196026031
39.583929890347136
38.039364480630724
29.083664738209478
27.890367585173045
31.29996367736029
28.669016434224186
13.036286219844813
405.33658718397993
395.4125607882772
386.93995406536277
382.36319525726947
368.95953737956927
355.07725600335664
339.1612926432346
321.56789186254906
300.113773244292
264.4606709578788
220.74424130272826
110.2059744534766
63.058369924484
14.250076598406643
23.310956004523643
34.223679581855585
34.3098637384871
34.360217737123506
34.41498836405285
34.4603018223858
34.52475334345546
34.57735415414844
34.604182047333204
34.625485142306054
34.67725653916469
34.71926301300091
34.73077356198549
34.75066720421112
34.75665343223851
34.76370975888897
34.770127620659
34.76523129184078
34.76234336139466
34.75808189893793
25.912215218573003
22.944991447985814
23.499114979178202
23.446107146884984
12.53084267779284
405.6108286810972
394.7517149994475
386.62124583449724
382.39432953923165
368.374554120588
354.4271583221021
336.55192671712035
316.21408826077436
289.0444784815373
260.2399136135556
214.42735115005348
113.04001040117306
65.51004631301066
12.66688469845263
24.4418670907747
34.30729637301549
34.457272287721416
34.588721966947816
34.65879899820293
34.75063511811128
34.88205794382445
34.931005710442044
35.00018095545206
35.06131370434109
35.101302429801116
35.15244213453066
35.20374708246523
35.25135813360314
35.24871526470894
35.22973203367601
35.23754273777494
35.247274522080545
35.219672364659566
35.032414785987044
25.92809059251463
21.247883611582647
21.963981770852612
21.871326812414786
12.67683743615846
404.87198275557193
394.17735880706294
386.99875516615043
380.5056802041272
365.04684424097235
351.43909145073013
334.83981569835066
315.0246612014592
288.23906829361664
253.9676346109787
205.41022231186628
95.22710630227003
58.04977117608514
14.98488512988845
21.68510417937294
32.56839383631472
32.66613854382828
32.746279989314495
32.79575532088858
32.870992936052886
32.91879856173501
32.97994821575825
33.040040338106756
33.12034893086129
33.164164157979236
33.23225173439536
33.26809602767794
33.30119890089892
33.29613530665736
33.29218181330886
33.28748451647648
33.283313642733894
33.29076500335602
33.30111971458171
25.569442879315815
22.36578762766559
22.614881348210005
22.585404110643474
11.042276070385752
405.5908517769068
394.9500568731849
388.5153018811069
384.34728306175174
372.2497861942434
357.7589705110021
340.2951591018056
319.89167169986706
293.9437867114716
259.11779487866653
209.04446115639894
105.46362507897598
43.20038557511514
21.083548109244116
29.046884449490936
40.28592522727654
40.89334118672913
41.44694153999117
41.839924038926036
42.221224508103866
42.504312643572376
42.6899481149587
42.98859705520028
43.210613669394036
43.451381300162716
43.58180835833435
43.79982697393011
44.20923484849583
44.233809241183536
44.244418307934154
44.224123748532726
44.20942150725373
44.244729833048595
42.0835612563453
30.091203550839968
26.184721140786777
29.818833129655022
27.021094920025593
12.111214604724415
405.14103226896515
394.1846157158458
386.2319132334298
381.55123529246424
368.49309436935624
353.9690859170177
339.4573264155688
319.92495082496396
295.71155633258905
259.8024894242658
212.77985243826674
120.1613279672377
72.0950777555728
15.751490975791373
22.489682346134856
32.51113966205741
32.58944682465828
32.63964623298811
32.66073235171826
32.68684390083937
32.731653014042294
32.746325479373255
32.78751213084804
32.85108352426843
32.88590950170965
32.91731390627733
32.957009726079
33.00329461552582
33.00742713711792
32.997686238445006
32.9902216400859
32.9885191029387
32.99096705658032
32.99182694010408
22.723458005105638
25.825557113666967
26.734705107959154
26.731839242760138
12.96796483134947
405.51198399446145
394.7255952120811
388.3928676574382
382.10418031459466
369.8163832850539
356.7228941594874
339.7697485705842
318.41587274320733
293.4398727485227
256.4157458594806
207.1360505584759
110.97017163142961
51.11763329121818
26.212504222815475
25.362488919547015
33.158373964694306
33.87868075548417
34.37871118159031
34.91307781617536
35.28461391502635
35.60621857712233
35.91473171404771
36.184101135401924
36.52034374484722
36.69649505861631
37.05911098589712
37.48468930600791
38.2047612832143
38.230863194518406
38.301634613916235
38.31924989876863
38.34601438808299
38.28639522077376
36.672820678522285
28.145266412263297
26.372734436663972
30.48413835279049
26.323900147299707
12.516042581594379
404.3682947648241
394.5096125899022
386.05328474214946
381.4214622965563
367.2842594287494
353.0204719683113
335.0279426081777
314.3679906590127
287.92274693838914
253.7340803162488
202.9008103420855
100.90831513744934
58.733250434106054
14.659637526055405
24.217252854849125
34.456805346736935
34.83121046570679
35.13460345254768
35.38819908653875
35.69854653381238
35.9549806290015
36.122453742640246
36.397032031008266
36.59676452580805
36.790344756170406
36.998044352580386
37.11764136556555
37.29696041970944
37.35439786955976
37.380933356456744
37.373970627516016
37.37593225636626
37.4207785486303
36.61384890581631
26.972899248412983
24.51341732094016
26.543391292274162
24.33534188355194
9.952816638149105
404.78197156377934
394.56728696382993
387.12537210249553
383.3169010159086
371.5517551763333
357.2461913348626
341.95908901171606
320.498696295804
299.74113713635626
264.5918962491813
219.9252344233448
116.81025874355386
67.30732790447837
17.85589449437135
24.917810899260626
35.11195893868063
35.31592884705956
35.467303269148736
35.569651743550686
35.66457503410456
35.752351232563726
35.80913931901268
35.87801448530591
35.94680801999435
36.01895801893153
36.08648580445274
36.1425948834849
36.24654009358754
36.233735652999
36.2354379539841
36.238923365465695
36.22318084307862
36.214809137496395
36.21100840261457
26.825204326798964
23.024152905687792
23.97801399992358
23.364120096216524
10.529403116983977
404.7966090235706
393.60543285284444
385.70572759668903
380.4799648726542
366.78595276400483
353.5685995077634
335.95818290552995
314.3316345539477
287.2413987762248
247.77295470292273
198.81245935683833
99.18038634337456
48.08862114825741
17.100014480728255
26.662403462787225
35.61708327730219
36.168465447337326
36.57456138538949
36.90563918635276
37.241021225289735
37.55010087780657
37.86458966679436
38.25386571128355
38.570368106872984
38.860486683215406
39.08705615975843
39.310066156708714
40.0376043451521
40.086125917051646
40.08835352858262
40.080739098244244
40.131357131514996
40.081089638549216
38.10221148331821
27.835154285059755
23.768629359909408
27.456073320552527
24.622328941142108
12.39416488410311
405.9312579158961
395.39626095345557
389.07985159420826
383.90724975056355
369.98378382043956
356.8624628100145
338.89171168199266
318.4545940195397
290.89263639888037
257.61175951099074
211.81715070015792
104.03965120638057
67.23035463772622
16.38421763069205
24.348811832629732
36.30771583685536
36.629080222775414
36.78788314041523
36.977316060042334
37.12153537074685
37.22054964666339
37.347592662984425
37.498277331469126
37.56325450449501
37.68821874880473
37.795447179778165
37.882410406845956
37.994503482763236
38.00666042127768
38.01872577221861
37.99906792994192
37.994330926875236
37.99472823979579
37.84242834297953
29.603388023770286
31.25770455565637
33.3583169813048
32.76893848512449
12.272705517875261
405.10805598653286
395.66430750091115
386.8495510500446
381.08696636554015
367.68154093686564
355.1435085177343
337.7378183865643
317.17035168666916
289.5522229383974
255.45015468830607
208.84673150946625
114.9988358913976
50.4887894777816
23.423841305828226
25.659594922407063
34.25550741635785
34.83642861169521
35.29324003522215
35.76863386975157
36.13930350686188
36.51359509948586
36.86600394020691
37.18918956342159
37.55123089549844
37.845314298263084
38.12711710601486
38.5178076421664
39.388032108938
39.3763378694694
39.435018280573615
39.355857806782396
39.351660193709186
39.42772135856719
37.3590979723969
28.32979653661915
26.593370716630545
30.68608545049198
26.649277041424305
12.520089524468133
405.43847294239873
395.04231341625695
386.268171562816
381.2860016536887
367.1107012358269
352.4558325307912
335.11239773810377
315.137799692831
289.6274715974265
250.9891713397274
196.82796603372918
89.54014319799602
37.51770474421937
21.101743509656337
25.78473904289104
33.46957985109886
33.928425956056074
34.37435551397868
34.719926030358245
35.00488264940258
35.31792989985137
35.66713522200805
35.9284174647846
36.255899500958144
36.51363420903133
36.80761984118647
37.03042191029048
37.74513657130115
37.851521022260705
37.859442920833075
37.91683580223431
37.94212638488333
37.96524658647096
36.739664552287195
27.049665346969576
22.78281844297411
26.3138707638595
24.3077476944385
12.276407242038804
404.36375846346334
393.336499857
385.96132049335336
381.82750743733664
368.2613852155443
355.1947187159349
337.8301733383872
317.2653760141241
295.25204884159336
257.34578920169406
205.7880330213582
96.41737395918568
51.55798318206415
19.148081184781738
24.77763326452167
34.85155739698622
35.10602904751073
35.28945018885435
35.4651149934773
35.57394560445306
35.70359559399383
35.81109352091965
35.880928668423415
35.956803352017815
36.01934486672772
36.10352359497151
36.16986747969757
36.287579825077984
36.28825428623831
36.259880858993384
36.22636978698085
36.22664692855244
36.21315761663781
36.00039864070298
28.062943034127716
24.422508562274704
26.43315636069351
25.761257654217964
12.154880327336606
405.75849809224655
394.8579719141252
386.6757460987635
381.8300076234279
366.80926084048264
353.44364544571187
334.8160029396285
314.01957211965146
289.6793859257587
257.53194476966644
209.5886457688004
108.92024140935374
65.69126012707967
14.781902098865347
24.27547072627183
36.47899733046479
36.64829732943123
36.793759275568945
36.90351268704934
37.014472184187994
37.127219290435626
37.208135869160465
37.30573139998509
37.38796926987107
37.43224166192284
37.51807621061041
37.581330971613006
37.62730774471198
37.62358528223147
37.61772229261317
37.62806771187555
37.64228653654202
37.646727879804544
37.60486383424486
28.870891982804103
30.384185282397826
31.77308835856489
31.65285457854668
15.526734442317919
405.0760846887557
394.0987201769912
385.78763899289225
378.48702853872084
364.2162389633707
348.57132070672566
329.71142686865903
308.50736516256524
282.73214413016933
243.20934903240362
194.3585132446179
100.80754474359877
43.64074453111634
23.042256336599173
25.367647495374
36.51727409004784
37.26674388009403
37.9576384492203
38.48406493555541
38.94927447629243
39.33273352016555
39.70986681563525
40.14636884860256
40.56851273555475
40.8478416023298
41.16044712905894
41.429843744430585
42.112570407648434
42.11327620219049
42.107096474980224
42.08123211230446
42.085353258777005
41.93793570717281
39.242816744878745
29.351830285406844
27.118069022826127
31.933787187081563
27.491245873408356
12.865706876353745
404.7685424351809
395.10110238576885
386.3291074443608
380.6887101409544
367.7399546031196
353.9129311785565
336.1151255213409
317.2569685013262
291.7195076093636
255.52239963746234
201.0827670475477
105.89328668187558
58.793488644230216
16.562173258671862
23.943710022186522
34.48532341807677
35.23049161275172
35.72397409660147
36.166008587801194
36.71426815330526
37.08185800418368
37.50420419141585
37.93471671184026
38.325084575888454
38.63851981470496
38.92172744621587
39.16577523568882
39.81440127700656
39.805155129828286
39.681394277696576
39.744345826444274
39.72232023546897
39.676610969372746
37.51651047361281
28.814353226886706
30.340719506572306
34.03488440175453
29.02424171929443
12.35958519987842
403.82002884457427
393.8234885655429
387.01195995449024
381.33362529701475
366.4851002500595
352.54689913339314
336.181007336919
316.68660198547025
292.2239812842859
258.674232612642
216.65174968533273
119.21571712297373
69.82342709642855
10.626966184357732
22.0686694193667
34.5604722815837
34.69834763962413
34.742221432016706
34.822155953542705
34.88085614776227
34.9259617994461
34.995885808418286
35.04230353249126
35.117982197646256
35.1614333894253
35.19791251435725
35.25196521963805
35.288505944043756
35.29410552696413
35.28950505938129
35.275940027601
35.28204276658808
35.28204153037589
35.23369537782984
28.19863819589919
29.64154338858312
30.913379511817936
30.81647929536861
13.609016992775034
406.1094367295777
395.5057344154674
388.40293506079354
383.89294648863745
370.2422099086708
356.9950002627311
341.4561010931842
322.12334561956703
299.80735113152843
267.42480882613785
217.35715815038571
114.9810485969269
78.74145502583961
16.011067306944962
24.903658209644373
36.60127742437682
36.80320679598498
36.90653057049202
36.98499315027891
37.068880059549784
37.1267233048158
37.16590216650839
37.19756904301138
37.27107416790219
37.35195579118488
37.43062193927485
37.431608700086194
37.483567537138214
37.485685440518864
37.480589215869244
37.46194075141299
37.47152727913163
37.47342230969491
37.28513873541075
26.589657291912403
22.608679437990283
23.545146694407997
23.5356326361561
12.60814055736007
404.95680857758884
394.73959192580116
387.93271439339975
382.49203824044645
369.77392981353944
356.47208365988575
339.63693733452146
318.16462152218446
293.5801117435599
258.6256435684674
205.20666586449917
103.92554390041668
56.83296365369369
17.633291219155154
24.83811873509115
33.99056216388141
34.41317944601988
34.782879012531225
35.230671849411955
35.60570300274368
35.934638051730055
36.182929867881185
36.430024655582805
36.688819703377405
36.97451887682709
37.22430885845871
37.496136442439386
38.35900936373106
38.469393028216274
38.459572294186465
38.48496999909186
38.490454643371535
38.46946087163004
36.682699931273525
28.380669782160115
26.214047183415794
30.909395826176794
27.019455506320107
13.044730492058555
405.5628463674932
395.4659272070916
387.04880880903875
381.94192205188
368.42903606007513
354.9449145386
338.59569809076515
316.09805800980314
290.3502267760851
253.92170150957222
200.5736782446907
89.74668505007142
43.7270621615518
22.776477676998123
25.846724829517942
35.483670896582076
36.10883117078409
36.55359383292299
36.98089285568962
37.35430752013987
37.66235849420871
37.9677863224983
38.21603475572698
38.55654144312088
38.753407341433935
39.00051193950755
39.257227964625905
39.75667643513419
39.861142856997766
39.95790170158804
39.92372252553707
39.984241549562974
39.925521531438335
38.23248065174086
28.950056870619598
26.363479783562596
29.7553463004611
25.767453734107843
11.533995632225128
404.6260786963925
394.5200256784468
385.9224959869946
379.53774015481247
366.4973772371098
352.54825669068
333.7555883481726
314.2579290235587
290.0575213511266
252.0359103077325
201.07472203862048
105.42527434318608
46.989333593787805
19.45316062966601
25.471301593154987
33.711298009787626
34.40595826516711
35.02574083412447
35.59376323612944
35.95236842005523
36.38067570094523
36.76818118701159
37.056931406685166
37.284614952794335
37.69531079952751
37.979347268220224
38.256860749319394
38.884872905704796
38.93142256448539
38.87449525329974
38.87442279006691
38.853294534337316
38.77493574550098
36.438774412661566
27.148931345485334
25.936984469181535
29.763036748503097
26.31120105178295
12.339200033685566
404.7938060908922
394.4845315621269
387.5023457702062
381.12638331515495
367.37105834058195
354.0359003638721
336.6564456566621
316.34689057066157
289.2062578995374
254.27268847983015
213.6157671146492
108.52074351979975
51.71793754655644
14.153719946086541
24.48608167082026
37.045719491471885
37.739714219373504
38.20288194048503
38.47105358770881
38.79884525205336
39.1313661970584
39.34322375351899
39.680069918867204
39.883054019457454
40.1122056695805
40.39622694577539
40.61718212756546
41.07599921398228
41.11017455735336
41.11020259714149
41.125765786448504
41.13920751858611
41.09717140762377
38.90338834358659
28.723975491306934
30.137498682024923
32.84834871516036
28.997511865762384
12.174538565076611
405.5459163153306
395.1924732117121
388.11508017908494
382.7122883358057
368.90727911410113
355.54707775908656
341.91512882042883
322.1733372766756
298.15965680492786
267.4231653374577
223.451674523012
116.69294770384705
74.01511125220982
15.699694702464738
21.64778617233849
34.06451277332465
34.10930990942316
34.169784953824994
34.20760378797767
34.25682973422257
34.28608614706466
34.30980291249786
34.320757604650865
34.34589384918475
34.368815944616415
34.39730306825715
34.42429668632472
34.481653877006366
34.47818849427758
34.461043364136025
34.463903919776925
34.465780129893105
34.46283587997762
34.450199767691984
27.630728824445146
30.22827146456868
31.061783513143197
31.108986390671777
8.916349594274163
405.4176231649008
394.11366240032925
386.97807031832406
381.251810211474
368.33399239913246
354.47913519411173
336.93528860033143
315.42057371662827
287.4325482214963
253.3111431759818
201.3980146512765
103.79103642523677
51.520073047511765
18.253335470298666
25.96419716105955
34.348395627999906
35.10559397907323
35.74176224795122
36.191005739516704
36.644133839807786
37.075909941734054
37.48022794579689
37.900899315617714
38.25236531384677
38.58365776678387
38.865101048566466
39.108201323896935
39.870636651511745
39.94247897099065
39.84686536960844
39.84530732646626
39.91144550918476
39.846198732121266
37.72300243595184
27.93192053077879
26.29098201228479
30.096936866836387
26.126798013574554
12.221654857142955
