0.0125
0.0125
0.0125
0.0
0.0125
0.0125
0.025
0.0
0.0125
0.0
0.0125
0.0
0.0
0.0
0.0
0.0
0.0125
0.05
0.0
0.0125
0.0125
0.0
0.0
0.0
0.0
0.0
0.0125
0.0
0.0
0.0125
0.0
0.0125
0.0
0.0125
0.0
0.487
0.35
0.0
0.0125
0.0125
0.0
0.0125
0.0
0.05
0.0125
0.0
0.0
0.0125
0.0
0.0125
0.0
0.0125
0.1
0.1
0.0
0.0
0.0125
0.0125
0.0125
0.05
0.0
0.05
0.0
0.0
0.05
0.0
0.1
0.35
0.0125
0.0125
0.0125
0.075
0.0125
0.0
0.487
0.0
0.5
0.0125
0.0125
0.5
0.0125
0.05
0.4
0.05
0.0
0.025
0.025
0.0125
0.0125
0.0
0.0375
0.0
0.1
0.05
0.05
0.0125
0.0125
0.0
0.1
0.05
