0.0125
0.0125
0.0
0.0125
0.0
0.0
0.0125
0.0125
0.0125
0.1125
0.0125
0.5
0.0125
0.0125
0.6
0.0125
0.0
0.0
0.0
0.075
0.0
0.0
0.025
0.0125
0.15
0.0
0.5
0.15
0.0
0.1625
0.1625
0.1625
0.15
0.1625
0.0125
0.0125
0.1625
0.0
0.0125
0.0125
0.487
0.1625
0.1625
0.1375
0.1625
0.1625
0.0
0.1375
0.0
0.0
0.487
0.487
0.0
0.0
0.0125
0.1625
0.05
0.0125
0.0125
0.0125
0.05
0.487
0.0
0.0
0.487
0.15
0.0125
0.05
0.0875
0.1625
0.1
0.1
0.05
0.05
0.0125
0.0125
0.0
0.0125
0.0125
0.0
0.0375
0.0875
0.1375
0.075
0.0625
0.125
0.0875
0.1125
0.1125
0.1125
0.0
0.1
0.075
0.1
0.1
0.0875
0.1125
0.0
0.0875
0.0125
