46
30
30
30
30
30
46
30
30
30
30
30
30
30
46
30
30
30
30
30
24
23
23
21
23
21
23
19
23
19
23
23
23
23
23
23
23
23
31
23
24
23
23
23
23
24
24
23
23
21
19
23
24
19
22
23
23
23
22
23
23
22
24
23
23
23
23
19
23
24
31
30
30
30
30
30
30
32
46
46
30
30
30
30
30
30
30
35
30
30
30
30
30
30
30
30
30
30
31
30
16
16
16
16
16
16
16
16
16
16
16
16
16
16
16
16
16
16
16
16
16
16
16
16
16
16
16
16
16
16
16
16
16
16
16
16
16
16
16
16
16
16
16
16
16
16
16
16
16
16
22
22
22
22
22
22
22
22
22
22
22
22
22
22
22
22
22
22
22
22
22
22
22
22
22
22
22
22
22
22
22
22
22
22
22
22
22
22
22
22
22
22
22
22
22
22
22
22
22
22
