243.19478227885477
244.47768901380738
246.43172633547178
247.3270726205763
250.47516545685383
245.4508227384433
247.7482850918598
252.0731065858272
241.8934616902876
245.71445977939686
247.7810031699664
245.27969271746585
249.57231502218332
248.64239894513463
242.67634518147474
241.74797849492552
245.6142105529155
245.98555570809697
247.79903490959697
244.95813797810868

267.90928893335183
267.0064636163387
268.8506600686613
268.6250534757298
266.6668817203434
266.7377593406388
265.57162936311676
269.57032716959515
267.7214488858679
267.35092318717034
270.121418338423
268.87555581742464
269.28759060085355
271.1613018350945
265.80019175215784
269.5997630897782
266.22007631329774
267.3602137023528
267.79048141314485
265.7674826586384
268.4353709686873
267.08407520068744
269.1045485764151
268.15011443400084
268.72152512315813
268.9081267741109
267.02434345954305
267.92921549567717
268.7979814632351
269.56404469726374
266.2382512931095
266.04729145458816
267.4453215145107
267.83613189483435
267.8162586309815
268.52386209819235
268.3448070745379
266.9638733563389
267.3362024890949
268.4385554731588
266.62708039507163
267.80596008689673
266.2570913791357
266.0760260017862
266.1841467856416
266.1002115381443
267.1625094424981
266.7578943415703
265.2913796734305
269.4299837231043
244.50779911852962
246.49509079743157
244.13743077697646
248.93770048629486
243.4158074553683
248.7685842517867
248.67037911019582
247.71994310665818
245.9215841115108
248.80694045187178
242.13940068006718
243.70897363410162
246.454648195203
247.8824790182947
241.62886962922678
241.36821874736654
249.14065069712575
245.03226014269694
248.41112114070694
247.38005905291007
252.5177895566037
241.90973347291376
245.01250510856474
250.42181435806063
245.91033653960397
244.61754777785478
248.710033675893
245.52163314141083
247.65487310007202
242.4370503950568
184.3111221375144
182.67099470822484
184.22324806659208
183.54430751323457
183.5510828080292
184.40048389724598
183.90807346927292
185.60220765707365
183.96724903620404
183.43272364156866
183.6272701942017
184.9857929402785
184.84206702909853
183.76001629773435
183.56763582689874
183.70126250560676
185.251872892709
185.62078796050005
185.42453022795127
184.5464989004404
183.84762363965632
184.72758876595032
183.69211978687292
184.8132113159746
185.11798039808738
184.87979462758622
185.9758738143893
184.7767190352613
183.16267114934774
186.3571839237758
185.13009978432422
185.15322829677572
183.61218885857195
186.48138698622898
183.35407808041234
185.6106346422739
184.86141725558522
183.27197108291105
184.37990323771385
184.4784748752756
182.2378693511341
184.44970129466816
184.7342512631147
186.8335334750409
185.0622209988458
184.23904483313422
183.40574327612174
184.73591684986158
186.54826831213526
184.0646486205183
202.57212119567262
202.98706855363963
201.41987063275135
202.2720056896512
203.26170674421542
202.23854373345495
201.67486209242838
202.39274055304313
202.5960971278286
203.64017636157024
202.87276096819195
202.63073381329468
201.8512535790367
201.6591891569253
201.59249915184273
203.00809273101828
203.7653587550431
201.41836346981162
202.1527004165769
203.63982560252936
203.40845606807994
204.44148656417912
202.8304182597585
203.06033586104402
202.1151545883824
202.33405899297188
203.1857876075841
202.17036662888344
202.40500417303352
203.24817693787912
201.165354870067
202.10711445737311
203.85612923964644
201.38006001446263
202.5559887325689
202.42864704101825
202.89397301476032
202.67003443317137
202.4826271207342
202.10631926219992
202.5337714343674
201.4529367229123
203.42513540436863
201.8896445373773
200.95344165822522
203.54948503286087
201.2858663692014
202.3509151378932
203.29868947648714
200.19642140372324
