6.807503599937197
5.070554833131131
7.352049481535565
5.018387243559009
7.074788447646146
5.005260390723681
7.124826867702599
7.930620205387802
2.013114894621608
5.09127220167798
5.522680508593631
5.03409428429364
7.584610457332247
6.324555320336758
7.087795292279762
3.008759142727674
6.0545763466028
3.1455900626281967
7.410873945195597
7.359204762529855

8.49458031552131
4.116718161479193
2.0261449005179113
4.285839597165483
4.192725529821986
2.090076805438398
6.034985719252279
7.444531726816599
9.82745884592864
5.385164807134504
4.34074938958216
6.950956011491096
7.1377425297535515
11.789826122551595
10.27003817960412
7.26201363984282
11.68444760309505
9.757588140303396
11.650615524737875
7.50087714169062
9.88885603516456
5.119621696550388
8.309791307785495
2.665569949915916
9.597148699373932
13.22676711902998
9.25088900422122
6.981177701882624
1.2354415362426845
6.35775531391221
7.570719217728539
5.083513082815652
9.2849623755721
3.605551275463989
1.9735087641318603
8.537841462694495
7.50438468321582
5.088687143272345
4.576829516275719
6.529286250990105
8.32877068075665
6.692493831466005
15.264337522473747
11.852159474565228
8.29394198702948
6.236564506369293
4.129483209670112
7.615773105863909
4.05877865995749
10.563093645728085
8.098082944031944
5.529823448214333
4.151727604896925
4.151727604896925
4.1612245161351495
5.142700498867558
6.519202405202649
6.849894351855286
7.409098247567329
7.3859753302422675
4.006573545930159
5.018387243559009
5.421691326708416
7.334130738145491
3.187145233095302
3.605551275463989
4.516053237297504
5.122191142983944
6.84797319227414
4.732307771278751
5.980230588759671
4.132668310960977
5.34100325683047
5.448321808255804
5.0288640550536385
7.087795292279761
7.786628214276602
3.605551275463989
4.097496026137246
6.004384363025686
