54 162 74 248 212 121 13.581060937957318 7
209 1 41 186 143 7.124625747868646 3
145 82 98 22.443920092627987 8
231 34 113 6.431036511600198 23
112 121 185 8.913128211461807 4
134 222 86 19.325866689702277 17
12 191 113 58.579056799861426 6
186 222 140 8.225040052811302 4
72 181 154 4.482499102010794 9
117 237 17 41.17316183177766 5
232 64 12 11.49821418729247 7
239 60 245 8 136 191 7.394218282399056 3
183 190 70 131 192 0 18.414275089550216 2
90 212 53 162 247 123 58.92861845787337 9
115 177 1 242 92 7 4.15069753064568 6
174 237 71 24.691490660938246 7
223 107 56 45.757415325047724 7
57 230 248 12.664352094543998 14
14 230 112 267.0818806256892 6
21 82 78 436.0502635962309 3
175 64 169 19.601334716253394 6
198 131 250 9.139206908957455 8
230 101 119 23.656407625571713 19
249 104 214 18.962716009851754 6
168 75 65 11.307328774020537 6
32 169 52 15.367180728063003 6
123 12 142 30.13659548633855 4
112 24 240 36.64260260296846 6
155 249 229 80.86448404448227 4
22 68 72 79.79983085234477 4
24 99 261 6.511817808607865 6
98 205 209 47.39079680526044 5
76 229 184 14.389667079120233 9
15 33 188 2.6420659864723484 6
93 142 217 29.21100210756637 5
68 125 117 16.502883427124928 5
29 69 210 11.470009233288213 26
101 47 188 31.03570366108109 5
98 69 51 75.89426703415224 6
124 225 22 16.827341573542263 6
0 206 60 60.98852260396162 5
95 158 174 36.23552086476256 6
209 6 27 19.136472091543485 9
211 22 15 33.00898903617404 6
158 153 113 7.414926833619878 3
214 250 2 5.684001271856773 8
188 6 58 66.77415893884458 5
226 65 45 42.95964554578231 6
132 208 100 15.411040883113095 6
17 112 197 53.40871413846915 7
164 58 142 23.77581133152434 5
70 193 8 4.088250356462707 6
74 98 51 42.62852588837326 4
259 88 53 53.350822578917715 8
41 89 16 17.143230537462543 8
166 64 123 15.431074680948738 5
144 188 95 9.732744554008384 4
5 72 199 71.16060154968575 7
200 236 61 7.313427233590212 12
180 18 71 12.605297864167458 13
184 55 59 13.947059905707624 6
51 158 217 14.751107397427994 5
211 46 14 50.26396134325043 4
128 124 186 3.3221074218365136 3
140 216 56 16.801487593753183 5
29 252 83 22.834370137637553 6
237 105 44 12.748474437498624 8
55 244 89 8.92067807468536 7
121 255 144 12.053556827853212 15
180 139 235 107.18122916949555 4
256 193 158 4.88001087014101 9
49 187 69 56.837264634172236 4
8 158 214 21.61819208618378 8
251 55 32 31.366622474161087 9
44 36 141 9.013765392694648 14
103 168 224 24.227449800696416 6
244 61 149 9.216132005200539 25
235 141 107 36.84157488807845 50
96 240 29 36.94673230140331 5
248 96 161 14.670129261184941 8
185 30 129 4.315919953858414 27
82 207 197 3.8678348395413673 9
216 220 158 26.667888618721417 9
81 253 180 21.71521715548229 5
56 225 247 29.979395119633754 9
204 37 208 20.66521311757552 10
222 257 53 44.63369579833769 7
39 247 241 22.971186906028862 8
122 235 34 21.35737838557565 6
106 58 115 21.64993359096214 4
227 235 157 22.168388455198382 4
85 92 260 266.4579878249204 7
135 186 19 45.678052620725126 5
65 57 27 14.706670508202738 6
26 129 76 231.6471412261971 6
143 189 180 164.70695878979865 5
8 219 134 14.963537120250166 7
160 9 115 21.91060982052692 9
224 258 187 20.693779652916888 5
194 154 251 193.64036501595737 5

