117 182 192 308.3701136626716 34
89 84 28 128.81631014462917 2
68 120 135 254.58497503234508 4
209 248 157 495.6195174206637 4
137 87 195 136.40408886151843 9
202 240 148 238.84487888013757 3
222 147 228 135.73405250277517 34
2 60 138 190.77977716977514 3
132 101 6 54 32.576231078030574 4
74 128 28 96 36 447.16317761407845 4
261 166 133 173 81 227 216.66112212194557 8
236 178 145 46 200 1 402.39432751634325 2
76 16 6 144 160 236 485.9599492276761 3
82 92 141 36 195 172 221.71050664858586 5
6 76 57 144 163 183 190.77732152743152 2
2 72 146 209 186 62 728.1562131509431 3
199 246 144 113 33 253 150.43954646542574 3
227 175 166 232 128 81 413.70785357371255 2
163 241 169 115 30 123 389.77269208536455 3
182 191 250 113 132 39 152.35599975647406 10
79 25 131 72 6 16 278.491909240299 4
22 110 137 12 74 17 70.5942025024351 6
163 166 232 101 227 121 332.47972167334217 4
84 74 14 168 190 222 548.952485044102 6
30 115 6 169 188 290.4166232212505 5
28 4 60 155 236 300.8141200427739 4
102 3 134 37 141 225.0139100024228 5
245 198 189 141 75 178.27249527146088 4
242 172 141 31 154 377.75906999398944 34
85 48 131 68 1 218.62506691967056 3
147 221 201 153 76.26282212224967 3
93 35 69 138 418.0655171212412 3
200 239 158 205 169.95387018675373 2
100 5 132 137 300.17884047032936 3
248 238 155 174 230.42826033348493 11
122 129 25 31 34.98041329091266 5
245 239 184 470.6001264040095 2
173 245 212 164.46207855975712 3
69 10 121 275.91960015406283 3
166 161 212 172.37694975960727 2
223 219 144 271.0521788906785 4
63 108 11 505.14540108979685 2
149 241 246 242.32943528910747 34
235 177 145 474.668081593061 4
189 241 157 134.69333583275505 3
104 17 70 75.46662879941779 4
14 34 100 271.9878582602885 4
76 3 99 388.75846003262416 4
9 97 41 496.9212466189249 4
255 185 157 500.74625097851964 34
20 72 1 446.26107981022216 4
226 143 258 221.46783450056918 4
256 151 167 472.80195480141737 27
68 64 119 170.42751200888372 3
62 100 139 223.36090753928426 2
226 151 168 142.09621495438736 3
97 25 131 103.34549662441201 4
209 139 72 52.4780113935908 18
259 174 226 498.7230220030646 7
193 238 158 464.97533434432046 4
134 261 71 354.2776736379805 5
70 102 121 337.2618479062661 6
13 64 111 544.8992299139835 2
113 123 56 253.80890101216318 3
45 137 132 267.4183814734577 8
225 162 147 396.25647151407566 3
213 246 162 396.9772901763268 4
83 12 105 135.33722492350495 4
41 94 37 211.84353230027776 5
105 126 124 33.77266264896048 3
187 256 148 447.05955172673833 4
201 240 149 466.5574899543458 3
151 158 221 329.96013749649524 6
27 37 121 356.57886845175875 7
197 149 145 26.492821241822515 4
128 94 49 53.81279928818459 3
120 37 139 35.39223161603785 4
246 200 165 551.986137807265 3
151 211 147 128.30363991629767 5
128 121 9 367.96369709676196 6
10 123 78 639.7372396691593 5
1 6 88 262.10315887501145 3
261 155 111 33.76656587896782 3
118 82 24 194.8740762401249 4
197 164 231 122.14900730027409 4
13 124 117 458.1790595556525 6
140 58 5 235.80337101554005 34
60 117 109 73.54755734118503 34
120 81 13 151.306942320798 3
215 147 208 120.07865059280451 34
87 1 146 204.9425815601619 3
199 147 256 426.2591073380352 4
77 7 83 197.13617570315947 7
239 162 169 477.04832265917685 5
59 141 0 194.84654284392374 3
211 173 229 464.7109403947686 4
31 138 130 314.7739883696544 4
229 184 175 387.1600225552074 17
141 223 170 231.4121392819177 4
63 11 69 465.15943965769435 4
