20 145 120 8.168362206401518 9
107 239 175 255.13520804603783 8
239 34 81 17.878564169744234 6
205 70 23 48.34460202204277 32
158 254 106 38.92534559411435 9
94 3 190 13.704104861327306 8
29 37 89 15.387589450749573 5
0 187 223 10.817068422022443 12
59 220 147 5.296743574213133 10
153 237 18 3.3430328766108084 8
104 209 1 81 172 66.73909165506817 7
255 79 58 206 9 203 63.49850590987779 4
6 110 151 208 86 228 17.115151934729166 6
49 132 230 250 113 13.530341676538148 4
212 179 35 57 63.196045522909785 4
213 83 141 2.4325099975296767 13
156 51 88 3.7703436736957454 17
127 154 97 13.735280637033298 8
55 136 229 140.77728836291223 7
111 28 47 17.603048708766693 6
68 210 130 11.323257537361695 16
248 76 211 6.1249159037393754 22
77 201 145 24.27926307319586 10
226 39 122 13.827480143825312 60
6 92 246 19.98796408562844 11
82 71 181 6.577437752852604 16
230 19 224 8.697903235438794 10
43 221 257 14.457691331189807 15
232 0 40 23.8475511750228 14
182 46 203 9.581648837204193 7
234 48 158 2.710722010585332 10
75 241 250 6.548770022057742 24
98 164 208 7.260620131287836 9
70 121 188 24.681762466803736 9
10 84 135 10.374978471337936 9
