182 140 32 78.99438099407823 50
131 110 11 122.34142467030146 50
218 240 153 412.25776580246986 5
173 241 169 416.19693915919345 4
179 233 252 617.3272905972199 4
22 82 78 489.09484271686654 4
156 198 188 303.3373099750057 50
239 260 172 260.28873371555954 4
41 106 135 154.5258262390785 50
163 256 82 183 505.6512078973106 4
59 137 94 226 219 47.501818947117066 50
132 55 49 86 2 299.7283119707769 5
112 155 33 200 246 153 158.9930872251902 5
241 187 155 232 74 208 449.31522994985284 4
7 66 125 116 168 229 437.93510796772176 11
166 261 161 240 125 27 39.56766980775461 8
117 124 210 32 206 50.03037018495042 4
56 117 180 97 48 409.9768761783423 3
206 146 72 224 19 444.38659060377125 4
2 75 98 167 190 204.0504398518415 4
219 182 103 43 238 250.64861168032877 5
52 131 85 28 110 84.30537703713065 5
103 167 152 216 3 167.41212707706674 4
187 226 244 145 261 558.6315388092527 5
194 137 57 249 168.0608863494265 4
63 109 118 43 30.14609696854864 3
79 69 13 139 176.87925817188412 6
195 191 145 46 366.698894397646 4
221 182 143 32 432.4665697502901 50
29 112 33 181 239.65768159843017 4
255 159 191 163 223.60292160803442 50
182 205 139 373.0436336366294 4
100 46 146 40.29717687778834 3
233 223 146 486.1777355846546 6
97 51 132 48.358450232837775 3
245 153 168 66.27173320420137 50
224 143 247 451.85087357402904 4
174 148 225 129.595220065369 2
195 234 147 433.1253725847272 4
240 171 165 280.1919617889964 50
101 16 131 247.78704784170378 3
216 160 167 46.64761175703452 50
78 135 10 291.1628453492127 3
247 209 145 459.8594881026191 50
240 232 165 456.22491048324974 6
192 196 160 31.052954120224122 6
127 61 15 53.03167957544089 50
28 76 84 447.350929109875 3
140 78 25 268.1199221658275 5
51 106 69 408.39868418216 4
38 109 112 22.06773224346857 50
15 98 104 139.04162271524513 50
74 140 84 349.7587608185618 10
36 132 136 145.46713236597483 50
135 117 71 34.17307512560302 50
181 115 109 33.49546894832996 50
6 28 90 551.9425570189695 6
215 254 176 461.68532392348106 4
206 224 141 32.17395869269442 3
104 45 142 288.4470963500405 2
26 97 22 317.44945079031294 5
16 61 138 47.544220363403944 50
54 8 124 485.30697033553207 4
208 146 102 36.35308511896651 7
233 180 238 527.1726890130553 5
190 169 241 117.88404572359286 4
196 235 177 255.18158211806735 4
157 215 220 43.098037146782524 3
169 191 228 53.9916250987216 4
211 243 161 442.9790177743253 5
238 144 75 30.388123287017006 50
14 99 76 162.9790152893442 50
83 63 10 125.0314214119394 4
238 168 117 111.67102723175701 50
9 79 133 289.515747173822 50
109 12 51 277.06239637971646 5
171 231 226 45.49612620944381 4
111 12 65 73.73114576471426 25
33 101 121 23.03470948869593 8
146 251 198 85.2039045434441 5
247 179 237 571.7201226168743 5
141 31 103 31.869507478496878 12
79 23 125 342.0810723224082 4
43 98 48 243.51583021918583 5
147 163 242 395.96073565907795 50
54 107 9 295.28025475422766 3
56 0 117 364.48889575226315 4
208 156 114 66.99434153514562 6
102 84 157 88.80564760018366 5
16 76 100 212.22727247668413 5
154 216 160 91.0095427857962 5
143 209 89 14.027500993167624 4
118 135 85 289.99180481125154 4
250 182 138 135.54052753136398 6
75 70 1 278.1652515443655 5
10 122 64 305.2242339526645 3
60 129 56 45.1006843357332 5
35 81 26 493.3453998291495 5
39 123 261 60.83205434732072 50
125 54 130 114.84399669724371 4
