4 113 125 196 55 42 302.26662135420185 9
131 96 24 85 47 127.44491963270866 13
3 101 155 133 187.76220367392523 100
260 198 141 190 109.14327317396375 52
30 99 90 204.17787793077943 7
237 178 157 438.408681515795 7
95 41 131 107.40201954489744 7
150 155 239 18.18214820504307 100
230 170 153 80.23247664369474 9
1 102 56 365.50971470198385 11
8 69 108 481.11200257742934 7
174 243 170 444.5353246936524 8
181 250 205 114 59 111 296.8211682256154 9
195 250 128 56 17 96 179.17351789062286 8
153 214 260 156 252 234 320.15633042651496 6
33 1 102 134 11 83 496.92351720756125 7
75 155 28 159 257 98 438.53623488428667 8
103 46 182 0 248 389.7853185294313 100
211 203 137 256 71 138.93739981686454 5
180 142 32 150 47.41603848838543 100
76 144 20 0 527.9958894155662 16
72 117 82 146 270.30041452551416 15
71 116 133 26 261.32673898762266 100
208 139 17 198 36.8726031852073 7
219 195 112 252 271.00972625473065 8
69 9 93 138 90.29243966317527 6
2 99 20 121 493.0556650926836 11
74 15 143 251 48.889759118540155 8
127 183 153 267.4604396734334 100
187 211 140 337.98792273886096 11
254 203 197 377.08032341728756 6
260 164 183 141.85571144765652 100
55 93 135 76.47346176671043 9
233 194 147 426.60532817775066 12
106 67 35 428.70869933033396 8
169 164 254 252.5598670521315 7
103 19 142 178.4488518045812 8
54 50 134 270.8240916470181 7
188 253 198 86.95589696598026 13
194 146 89 31.948777070603807 12
39 35 124 264.7685744707039 8
21 26 91 327.24589120988816 11
6 60 99 201.24554857156204 100
96 12 21 522.2708333545659 100
73 138 5 246.253495900321 6
30 99 117 283.38502511419773 8
241 260 148 271.6869414604659 8
64 134 112 80.16278980995348 8
166 186 127 246.66449129978025 8
60 126 155 70.3588395413499 18
106 53 139 56.44417401182539 7
256 170 174 389.2160060670637 7
195 115 119 18.57573604130137 100
0 18 117 197.31542540556939 100
241 190 184 369.0346644680963 7
200 257 147 100.71390043831617 7
99 15 103 125.02809380374163 7
106 49 11 299.37554053940767 100
129 65 97 396.7554681691919 100
58 90 0 459.0260591814114 5
198 142 162 6.559180671450148 5
121 54 36 432.4732710287032 5
95 119 26 92.89355462236469 7
258 162 168 88.25031172240014 100
63 55 109 400.4107187641228 7
189 150 225 339.5084234352929 6
238 146 201 31.382431486908832 100
11 83 136 345.73529756299223 100
100 43 130 247.1276093230566 7
237 139 179 132.97369148529032 100
168 237 153 236.77905885096334 7
112 19 166 160.2351460234249 8
88 167 224 85.38932803644236 100
62 16 98 264.5766964442716 5
98 32 28 395.99743930056496 6
41 124 64 439.6165545659551 8
110 25 120 83.5758497546996 9
103 58 138 278.72728456545565 10
241 158 259 280.78833477678495 9
195 205 144 387.8611102719811 6
147 241 203 426.29700522093424 100
177 252 234 444.5266867112453 100
8 77 109 337.4966198267006 100
236 180 142 137.32354878481178 7
136 137 65 64.1906360072317 7
33 116 181 97.33999650986951 73
181 141 45 71.17687961454817 100
145 251 114 85.0287189504171 9
213 163 145 141.64179408422868 100
27 83 92 163.9311953231192 17
46 113 181 128.25177721219427 8
258 183 165 188.36660053571995 14
170 218 138 42.25888688872005 4
34 57 0 525.4659256921962 13
84 113 121 297.82392996701896 12
110 119 49 341.1889431051624 10
87 16 119 253.57939727244786 6
257 203 171 165.77117174062724 7
10 49 108 206.588088849692 8
213 149 156 41.731870513518956 50
183 231 162 125.5467584779031 6
160 155 241 33.22871256595298 9
229 176 158 94.23527344747147 6
