124 158 131 232.42844458066742 4
10 81 222 36.117158522204214 5
108 60 27 10.460435320216176 4
55 77 172 153.83397362464726 3
89 70 131 293.350390615963 3
13 212 48 19.318320812152777 8
112 221 61 12.05627917077289 5
156 214 246 168.20604416819472 5
37 225 189 35.478205369980856 5
68 48 216 24.89528403018304 7
39 71 129 293.350390615963 6
147 40 103 210 24.63054859141826 2
103 235 33 10 41.61326658226483 4
197 25 97 163 205 12.516710334673178 4
68 153 13 36 238 216 299.5888459725938 3
171 86 234 8 190 106 12.480264977114496 3
109 3 172 211 48 156 94.13946324769506 6
57 171 76 130 209 228 41.55467170927833 7
205 240 1 37 60 171 47.93815605671779 4
137 221 82 26 42 197 33.18229578075056 3
50 188 68 101 248 211 293.350390615963 3
99 131 247 182 16 227 250.06872621140045 3
94 116 184 249 230 62 10.51450321583985 3
223 43 80 153 202 7 129.23530586147598 4
58 90 235 152 66 218.91029775434677 4
158 56 192 41 255 422.5751127306646 3
198 256 46 222 121 34.13308536366747 3
63 40 198 219 72 59.95642728116239 4
122 204 65 261 235 174.13939374264655 2
87 250 82 77 211 34.572434268268594 2
190 226 247 3 98 258.55146391086276 4
201 206 154 42 39 29.962752447528423 4
247 251 43 10 183 48.54861411119467 4
56 154 47 125 219 12.729742092602322 4
64 44 228 26 96 37.18430807858058 2
122 203 72 18 235 224.23036514607338 5
28 100 13 250 82 330.0065153203171 3
67 19 210 29 187 2.879902233198755 4
146 15 40 190 73.85557039969041 5
146 40 93 228 17.675277993623354 3
248 137 211 55 141.86969291536101 4
200 219 15 223 283.81959828020746 4
83 24 237 105 118.80787722867613 2
99 128 136 176 283.81959828020746 3
223 201 62 147 189.95467333048683 3
169 63 165 192 16.631984455222284 2
158 206 164 86 22.685416829724467 5
160 13 176 241 69.34782850690627 5
194 159 32 111 15.930686522090884 4
79 213 25 8.130129261152204 5
6 139 42 230.74220848918458 4
185 104 26 185.99719017468766 6
16 125 215 2.3678488711112955 8
55 31 118 24.091594001773213 5
132 208 18 5.9539692854769495 5
212 126 44 31.104206223548324 8
26 47 178 32.36963260985494 8
218 51 248 122.98786874200732 6
10 167 127 184.89637917215538 5
149 86 226 66.56873229791057 4
180 4 100 20.514279497711218 5
203 104 18 123.79446806778203 5
10 57 122 22.265905418668112 6
199 4 166 157.421438311279 5
128 41 159 218.91029775434677 6
11 222 147 113.1436677699222 5
170 191 63 78.76077275615424 4
143 69 30 84.27073545350993 4
201 26 14 43.250139145678105 7
235 259 49 283.81959828020746 11
221 55 133 23.92003042407398 7
109 214 13 343.34659804980123 4
180 245 77 283.81959828020746 4
195 259 253 26.805659968995627 5
157 260 103 219.77011541084417 5
239 161 36 40.48675600326155 5
42 53 127 12.090574854964547 5
66 15 211 18.75430283692398 17
79 32 168 27.85343217053954 4
141 188 196 2.9687504352246292 3
230 116 197 70.70145818690581 5
16 111 116 193.06179990523142 6
90 250 96 4.908419405694568 8
130 162 82 11.907619470276524 4
40 219 92 102.7857964672591 8
96 4 130 35.04856243274871 5
231 34 208 22.618970923205357 11
102 3 239 38.38218579313726 4
175 66 13 26.25771214134519 7
154 37 129 22.498282028665614 5
68 170 249 47.465679466091636 7
160 68 70 42.19190077861977 8
65 203 233 71.58686634681828 6
117 49 182 43.83718636819261 3
192 81 244 293.350390615963 6
10 128 237 29.338371541039262 6
63 224 113 218.91029775434677 3
32 175 120 15.355068004043831 7
241 54 78 28.178470389481042 4
168 67 199 82.41185442840771 4
