79 164 245 112 207 9 30.514290765353266 3
182 38 114 218 133 47.553243974642925 9
128 12 232 1 136 12.75506969350432 4
222 123 55 62 10.239750883277459 12
242 15 172 86 35.936246837408916 8
172 64 222 70 29.3247923303724 6
8 224 173 156 8.812316432534052 6
128 222 164 36 7.85005690873506 3
58 225 203 65 13.39465465493411 6
38 220 126 133 5.7557602502203205 6
239 244 66 45 34.128764524633944 5
62 25 199 164 10.135928298604274 5
75 195 53 122 5 186 2.7104747559484443 3
122 138 259 33 53 248 22.830326419826466 4
114 152 83 36 57 230 19.91993024699363 2
138 173 239 122 20 71 30.113829219736576 3
104 159 96 190 13.996066939181153 7
58 249 50 189 54.71965717454164 7
207 257 80 112 19.786092718163772 6
217 27 92 162 24.485131673134184 8
150 232 45 92 22.822343356907496 5
102 107 41 207 29.28600798213912 4
249 30 144 81 20.873263115994817 7
258 123 58 167 19.43479500932373 13
50 231 179 42 43.83477292051234 5
255 56 261 191 14.535887075100593 8
235 80 58 225 26.463681670288434 5
173 181 56 26 17.388977634590297 7
54 31 123 193 29.339922031239286 6
85 259 147 233 58.01347093682458 5
238 190 118 99 16.713359491506978 5
221 18 95 105 25.156285583415396 8
26 112 121 158 11.273218237530443 10
232 114 183 26 11.631804656624814 8
258 85 65 149 36.520106811265606 6
49 251 136 140 232.97365679321445 3
54 220 163 232 3.114869743310635 8
215 146 7 135 3.439598143066233 6
92 231 46 238 10.904569131941473 5
197 204 242 178 27.727040995061472 2
143 188 94 40 37.25006976707497 4
48 57 38 110 371.7559022826996 3
116 53 160 60 18.53171958885232 5
175 87 132 26 25.588971825557408 5
113 141 31 191 32.58375590361769 3
168 223 86 258 63.13915580587447 7
131 252 5 89 8.613113105509607 7
73 50 208 137 9.936544225555627 4
135 252 77 67 36.4654018928656 6
24 104 252 2 32.511180638701525 5
90 217 248 82 17.415754615357848 7
250 7 140 71 20.87056777344692 7
221 47 15 213 24.812453564672488 6
163 105 155 110 5.993789722531564 13
214 53 30 21 41.03108847585404 5
176 44 186 121 19.35299808384713 6
116 170 251 175 2.684602083942943 5
12 80 147 231 49.35167225128768 5
193 150 47 230 13.13536764166586 5
190 0 61 251 18.159790261090425 7
6 260 144 176 23.95247769028301 8
57 254 139 215 40.642740201775766 3
192 251 113 134 6.901904259044906 7
109 212 155 231 12.856584659534557 5
224 28 24 123 25.614804764500004 7
148 46 239 181 3.132207614080885 4
164 70 222 140 25.537904222497215 6
8 60 115 193 23.029939630156804 12
34 184 250 179 23.812296365651342 7
215 168 136 17 12.723385751535337 24
228 132 175 139 239.0780859752552 4
5 260 150 58 36.092914787260376 6
35 171 111 88 23.824573919880216 4
156 4 124 253 25.102748658868965 4
140 201 223 92 13.292288246113102 2
144 202 253 196 32.09354361214665 3
192 31 218 131 5.610712670607491 6
0 10 144 160 17.09868948592933 7
2 228 117 69 56 302.50366308536 3
215 166 234 160 27 17.153119545640443 4
174 213 259 111 158 9.597748663615151 3
129 58 177 171 5 28.611054427416942 2
252 120 182 3 172 158.82772693472288 4
82 42 36 170 136 52.21549758391831 4
113 162 31 216 8 14.102411383127539 4
251 70 198 12 103 27.07525726184646 5
211 105 192 14 134 9.124701358812132 4
28 26 236 98 157 9.68345108928357 5
115 162 78 242 28 5.24535404949279 3
7 120 253 116 14 47.08013367961212 4
190 160 64 29 257 193.25221379854287 3
105 194 24 141 4 13.96971111633944 4
78 14 12 152 229 19.770676448214285 4
131 51 136 184 115 253 28.320459948908375 3
82 75 223 204 98 134 37.60898011266758 3
192 127 252 198 80 203 7.776415865896759 4
101 83 199 8 62 221 28.74468804623322 3
210 127 15 171 260 53 9.019947755915645 3
204 79 183 255 57 100.78744179386645 3
103 24 160 34 247 52.13864826081695 3
