41 17 217 89 19.433242765021248 8
155 25 152 235 8.38815597862396 7
209 120 37 85 4.3857060378305555 10
175 195 75 233 11.82946609399762 15
136 222 58 228 22.344324409850042 6
129 254 162 19 10.901984830159424 7
105 22 151 156 27.777739487023155 6
134 183 245 103 8.677282311819733 7
60 192 160 121 19.576262854277307 5
136 142 61 1 62.02279494325523 6
197 218 11 20 42 4.272572606046794 5
159 67 222 48 30.556830330983065 9
198 246 132 32 31.168983007762655 7
241 14 108 113 4.245883414858884 37
37 111 173 156 33.979735545826706 6
238 136 89 27 57.024764398231085 29
27 208 133 113 26.625508247594297 7
140 223 258 32 4.5530216372866885 8
65 243 161 17 34.52739103088976 6
12 248 155 29 18.371959068202898 9
152 20 85 14 12.474289071958792 18
214 205 92 30 3.965739847209418 12
179 12 185 65 40.677656835203 5
168 256 11 20 5.598302955783632 15
112 9 231 172 11.409114674535228 7
30 229 136 128 19.657451255165086 18
172 210 126 259 8.721650611494614 9
190 0 5 135 42.026916152876474 12
