74 20 156 84 7.164795482755991 2
78 255 128 260 274.0150911865785 4
46 9 241 156 23.16510210541102 5
115 213 177 145 82.73435470628857 4
15 120 221 155 24.106211324187246 5
62 144 163 8 23.332983175442866 4
105 147 39 250 62.62471475561222 3
158 231 210 31 152 13.63292913138492 2
87 232 83 21 106 5.588102727313868 2
0 37 228 135 82 178 44.25383664014095 5
6 165 105 192 41 28 362.75897188542734 3
124 232 64 10 115 252 131.5848515159788 3
26 199 219 95 100 131 290.32213492118524 2
129 110 205 227 52 75 28.94406889072985 3
166 24 81 249 187 225 43.10063023647851 2
14 25 7 234 109 226 59.52551366322639 5
62 16 112 175 134 193 29.862781367359368 2
222 19 148 188 109 259 181.47929334380157 3
177 53 171 248 210 35 276.2761934625842 3
31 85 174 232 89 135 159.6455348898043 3
238 68 233 60 245 175 128.11966931221562 3
37 238 102 203 107 29 417.25069821669723 2
80 10 254 152 261 19 193.90137207748984 3
197 174 142 232 15 96 101.29601626978604 2
82 78 21 206 26 211 218.47834253573328 2
149 92 225 179 30 8.88845407904263 3
110 19 70 15 160 78.94496703819703 4
148 76 237 258 17 20.225616969664497 4
222 213 24 118 167 9.445368190691708 3
81 85 120 8 210 196.79796372388282 2
19 10 140 101 182 40.1987267042055 6
242 131 188 169 28 39.19414996044683 5
247 178 197 230 92 116.75016479834325 2
144 119 59 230 125 30.4189682067709 3
170 104 14 230 52 24.945885533476808 3
159 129 230 43 179 22.869450342329436 2
251 174 43 158 219 35.95933110308208 5
142 197 259 5 61 39.93235115577374 4
250 191 245 172 14 53.94390844664059 4
101 40 95 203 142 41.24897135351368 4
184 235 142 1 164 11.923747877330962 2
185 218 99 118 11 1.2875270450356457 3
127 243 155 0 44.37147296536878 6
1 233 229 49 73.07111074174522 6
26 28 18 73 420.24502957978075 4
63 42 171 195 300.63124929638946 5
100 8 181 246 6.913654842460666 9
191 133 252 48 140.88308228076002 4
53 172 88 240 10.714829199922939 5
223 5 152 118 120.14675540296804 8
154 118 95 31 42.45520710776208 5
239 204 96 139 19.009539112355927 5
96 247 190 130 17.993728139821304 6
55 103 236 231 218.91029775434677 6
149 100 51 118 128.49653595656395 2
244 249 59 132 5.450183648815728 8
7 93 217 114 22.951357908536874 4
136 248 62 145 100.55656841909602 4
8 114 3 256 20.51935696275886 5
50 233 224 71 37.13444766861343 4
167 118 111 39 169.741923761132 4
248 93 4 58 180.60929707647398 6
181 218 63 110 20.78811669164404 4
117 55 217 241 162.58530111591696 5
239 65 8 176 62.07621181231494 6
24 259 194 15 31.17715781019895 6
150 18 112 28 41.47145084486477 4
125 239 63 184 199.4000403323831 4
29 134 224 35 307.47099092675603 5
43 219 164 132 55.111970558133365 10
249 112 28 121 22.834284438156498 6
48 124 154 252 7.422864261090917 5
115 173 91 183 31.577656628355406 2
21 186 220 79 420.0975244433696 6
210 106 33 191 74.9601313253621 4
223 157 74 6 116.59637909071368 7
120 23 59 177 149.994465242273 3
126 108 246 40 30.990908858953254 5
6 181 29 186 2.506945564876507 5
122 245 3 182 37.090995386644835 7
248 167 213 80 264.6045575512387 3
180 98 109 249 63.52463637245044 4
235 168 255 41 9.443486666147903 6
155 213 72 189 45.71583649116242 4
84 150 91 199 172.48845902571964 6
184 5 38 28 91.33166606121519 4
69 139 164 106 239.58787796792245 4
226 104 55 35 30.314033990545283 4
220 43 91 143 9.006158766388916 5
169 177 110 61 29.60384304466255 3
20 78 158 151 65.91389748751998 5
32 163 119 82 10.834583231621695 5
145 228 132 69 4.619008347228492 5
190 237 26 21 22.449272032118575 5
118 51 198 190 47.85819148330384 3
210 108 74 127 280.0521560482383 3
28 146 107 23 8.99048330622021 8
40 74 166 64 40.16167778886033 6
43 89 199 10 29.86216948517538 4
41 197 179 243 39.82195463318127 7
