60 142 236 181 41.46644356379197 25
206 158 213 245 59.15196759369753 3
49 119 71 39 213.764609471036 20
99 121 53 103 219.47889171957092 3
238 247 143 101 139.22903635853905 2
59 128 181 252 71.66640771540355 6
254 169 163 216 195.43536660485842 2
231 172 226 167 222.6357466196937 4
13 111 78 23 142 59 122.34771432825089 4
145 61 84 207 187 260 199.84068393329542 2
75 128 108 51 224 248 248.35851923196915 2
197 201 143 32 56 251 66.6550071316043 3
138 222 167 18 107 28 58.38872883555496 3
67 124 105 155 49 238 487.98223989887833 2
169 231 227 176 115 20 116.10729674009808 1
64 123 112 181 45 205 259.8722542092056 4
105 7 52 155 163 109 43.47233252666126 2
60 126 209 247 135 79 80.16303601566132 18
78 9 111 129 70 322.5907250137219 2
139 17 181 236 121 47.70075597471813 3
113 120 31 55 98 205.1573826806145 3
73 5 137 224 124 145.59670979111482 5
183 189 150 127 80 103.8254190092853 2
243 197 150 146 72 466.19092970826875 2
207 156 149 231 88 167.20303342245163 6
140 168 199 217 233 247.7277009984916 3
256 161 145 249 89 379.14110653235286 7
13 79 136 129 31 364.32951776740066 3
11 79 137 134 31 349.27320238324035 4
117 145 149 82 46 86.01961963780181 2
255 232 147 154 221 365.1585048902172 34
248 224 141 119 54 113.67559157076207 34
198 163 230 142 78 33.15503525754345 2
214 169 162 127 20 99.08998682481868 3
133 40 77 101 180 42.01623923311065 3
254 186 146 220 153 329.6859346621296 3
229 162 145 112 5 213.4478362565648 33
163 168 102 212 236.5729346263944 2
53 77 131 112 246.48013001797096 2
33 138 85 1 248.78352174322612 2
41 134 127 183 280.65274626215427 26
183 243 187 138 40.43119376898268 2
40 92 138 167 198.10957689762904 7
227 203 170 177 101.52368062499006 3
53 132 137 111 264.674221728672 4
105 24 139 97 201.47815014417998 2
156 210 186 153 34.02946453230266 3
135 116 181 82 39.53142011134108 4
257 171 144 208 110.26336104072955 6
110 27 7 130 83.4521955158575 3
43 118 34 123 142.75593058322346 34
29 61 99 6 262.2102205892617 2
184 165 253 217 197.65474891806554 2
196 192 141 105 377.2848667829078 3
146 201 193 251 9.270180959639086 2
191 169 225 174 264.02935798817475 5
187 246 255 158 220.21922924742125 2
218 242 153 149 409.28039578306766 4
15 60 115 123 265.74409716584285 3
21 81 134 118 121.31082314188906 3
175 246 198 145 211.5656012144482 2
124 67 261 155 260.65880246616774 3
184 256 155 88 63.51774886076659 4
159 225 166 258 162.4976730430632 2
13 50 136 119 499.91528782385353 24
203 256 148 180 343.1013741277593 4
135 261 83 50 87.47335623804459 2
159 192 216 210 7.318364765353351 2
242 232 165 159 432.10534671028364 3
212 145 152 258 236.24406902277744 2
108 114 157 32 237.13692451199486 25
174 230 183 126 232.74483911025308 2
250 181 115 134 186.57399076838172 10
209 156 118 185 26.094896252616493 3
34 58 142 224 38.21811735117262 4
173 146 197 206 193.46323219082737 3
109 118 59 6 303.1104303648079 3
57 6 0 89 519.6293796392597 2
153 244 226 157 233.1913928209675 9
63 10 97 119 341.2987504004662 2
231 197 153 142 364.2627945486507 4
12 83 105 141 196.59060211437077 34
173 169 225 245 286.5522755986985 2
71 20 137 132 231.5311597342127 3
242 152 203 147 407.80988405255556 2
259 175 197 146 432.6782133705799 3
21 40 125 93 451.7950848314206 2
242 161 167 220 573.1498285653965 34
63 134 54 7 296.78194990197585 1
195 138 191 103 221.32150835570502 6
198 203 253 152 432.35078847954264 4
5 75 42 140 525.4420483030264 3
204 186 241 147 265.2956861799483 3
29 47 143 112 351.421028852787 2
92 111 25 21 180.78784489610706 2
9 96 64 41 524.4241736892025 2
160 202 144 129 185.12744687990127 3
214 169 204 127 57.47393266578975 2
89 32 142 184 138.49440242556602 20
168 215 192 138 66.25140034660265 4
