27 77 95 22 497.6685176800199 5
159 154 259 237 23.161007526223315 4
143 209 61 5 45.91175440556976 6
181 236 129 87 42.93009331418435 4
75 145 149 29 37.27125690657362 3
50 124 11 113 43.31664449093351 2
160 165 166 213 35.43715685656565 3
120 68 36 113 194 24.88830651127214 3
32 99 14 137 211 39.00825063582761 3
54 78 140 73 222 174.11720088380318 5
130 63 95 25 58 1 19.338423165582228 3
126 133 31 22 41 166 190.71511220697352 4
257 211 173 144 45 6 57.6526260728084 4
112 181 110 32 105 233 29.86534707338676 3
172 240 166 140 44 65 28.447690501746408 3
33 140 237 92 84 191 29.844290986572314 3
119 70 39 35 95 0 438.3563761303623 4
166 161 216 103 3 223 6.176597049867502 3
131 23 125 72 79 270.1181474967258 3
148 241 192 176 232 89.50975917718547 3
7 121 63 136 99 266.13192780719083 50
94 128 23 57 208 12.086852371912043 4
53 132 137 166 18 78.7367871903461 50
78 125 25 129 31 20.538577709728013 3
176 160 253 166 74 265.16232130175575 50
14 20 113 167 111 115.60029125084598 50
52 106 126 223 47 22.270480425807943 50
115 30 131 39 48 467.79497824328587 3
247 238 178 141 293.0934677523564 25
237 157 74 174 29.18744882086902 50
239 232 185 144 317.26865866487884 5
174 228 159 155 2.2798824288045956 4
168 249 202 259 80.36669073974535 3
226 147 151 208 395.2575896174552 4
14 84 119 123 66.03824472252028 11
27 65 131 111 36.29555197559863 4
133 41 129 49 237.7909705295287 3
233 251 167 163 72.78307534754963 2
255 162 198 156 402.63951686240154 4
60 6 84 14 314.7283551348543 3
31 127 181 234 60.08676172067523 50
142 73 194 170 19.431540266304644 3
197 150 189 127 48.32442356448228 3
256 198 152 218 432.23606444271235 3
107 24 127 194 28.16912214339374 4
123 39 116 18 25.82438984948577 5
74 127 182 238 128.09707975369517 50
225 173 155 114 12.38287473077783 3
45 104 145 235 172.3183842947389 6
152 227 146 207 28.16190469813483 4
147 163 257 208 62.39209087891988 4
256 172 211 190 233.75183070415255 3
69 136 36 106 374.6660989724248 3
194 252 141 46 130.62711638044036 4
194 140 61 6 79.50847077528172 50
155 160 211 216 36.07178466550599 3
89 20 99 42 535.8454511796176 4
145 116 122 56 283.7493550898404 7
136 64 140 26 86.16461747413314 4
8 40 91 95 474.12276069775123 3
63 26 124 115 296.3413149628417 3
177 210 144 172 45.97862217309022 3
93 41 139 45 13.69084082674184 3
167 261 220 86 45.65640223410902 3
206 224 147 127 18.814586794955286 9
9 79 13 134 361.9396440762401 3
204 256 186 145 78.98095007190753 3
164 168 231 205 24.073819562498567 4
91 135 41 137 33.37497943855871 3
55 63 122 102 54.60146521796357 4
147 190 211 245 173.92490902879948 50
220 196 142 114 38.72555442297093 7
207 146 198 154 65.78275122303093 5
235 178 182 116 320.4995741356711 3
197 201 165 145 329.59690534336056 4
7 107 83 116 38.96511485265574 50
193 247 158 255 459.77734555386525 3
28 62 138 169 22.040735971007837 8
74 2 139 197 45.09397066576018 4
33 126 84 195 81.09248867584458 25
13 79 69 125 308.08141637177005 2
190 171 255 245 129.0611007902853 4
88 141 208 170 11.44953130475152 50
26 122 35 129 14.52349683033377 4
86 29 118 133 263.2034922470753 4
10 49 105 109 57.05181328253035 4
86 137 168 15 190.5235638253322 4
217 152 253 159 335.7272748332853 3
179 148 251 141 288.68085778252464 2
92 140 40 59 118.16101501948998 2
258 239 203 185 445.38460333750186 3
33 1 98 113 483.112468743513 7
190 148 226 179 33.59279085434195 3
18 0 117 181 115.09404334055743 4
209 156 213 118 28.130172538084622 3
76 58 127 135 55.431542769113996 4
201 167 233 240 52.448177083699186 3
28 89 140 181 430.5195999914066 5
22 95 130 87 21.532471803596604 5
73 166 171 126 53.39715204099118 9
