147 189 246 206 212 78.50623004740743 5
42 19 113 167 152 76.4204328743912 5
43 113 157 227 103.9619621590174 18
238 233 144 60 52.99896247251018 9
145 196 47 114 38.98013282355722 7
222 139 74 42 42.94981599885538 100
169 240 173 127 87.23953855405682 6
147 216 208 254 440.4927366636166 8
178 196 116 18 66.87475975373894 13
162 212 246 155 35.17832472870826 4
210 139 247 109 44 50 430.4431190912038 8
37 92 125 113 2 182 335.5498159369188 10
190 242 160 145 249 27.679807236450603 8
36 134 113 81 15 41.55534609724861 100
1 73 166 140 175 278.37304421299194 8
129 50 44 13 82 129.74275904196355 100
109 24 118 43 166 42.75910949424196 8
248 252 191 195 251.8561462897548 5
182 128 123 10 48.84759113474626 100
30 86 139 167 36.418270766460815 15
102 133 97 98 17.4095107169795 6
151 216 226 156 24.420211847374297 5
257 203 161 225 432.1589369089126 5
64 136 26 114 38.70999873736947 6
227 151 245 156 64.43204231146458 12
34 58 130 115 173.7349606116246 5
215 152 167 211 369.9490425316408 7
12 134 115 69 282.2290334692539 100
103 138 70 121 325.93969442381865 6
203 171 254 144 163.1099686239884 8
236 179 146 101 116.39340601721459 50
199 175 232 145 49.1285086261611 5
205 237 157 116 15.832161409115528 4
58 2 142 181 105.63114300845895 8
38 105 136 139 258.16885387258844 9
163 159 243 253 455.17333124969576 8
55 49 120 127 257.2229551099401 100
1 85 261 46 48.96271866701529 10
104 56 33 138 124.75832472068923 5
112 121 8 65 48.68472680656025 13
243 163 239 170 448.32813301976233 7
169 173 244 141 32.912260820895106 7
48 112 15 131 436.26041514583386 8
80 35 25 117 65.82813890030376 5
62 70 139 120 20.062563204605855 6
256 204 211 159 172.05124044139674 4
71 118 61 95 31.583041900089295 6
191 223 155 151 23.682381808552766 8
147 213 194 163 24.8932911611427 4
105 35 136 39 271.84024752475585 5
228 204 183 139 105.4628678533973 6
256 188 184 139 102.83334864863741 19
21 79 134 118 5.419046862657475 6
162 225 204 147 314.7171757720537 4
123 118 84 60 84.05580102928448 100
241 232 152 184 440.79314547446523 10
141 181 103 29 44.250338224052214 6
126 4 132 75 13.151373870686939 7
194 137 121 22 51.135669690659874 15
228 183 246 143 152.86814776432266 7
221 168 139 173 28.714289367294427 100
165 260 201 168 68.35242952238264 5
81 117 146 214 68.78958764417926 100
243 161 197 204 431.9621899546856 6
61 57 146 199 18.13451310713559 7
138 87 208 18 64.83748260954823 7
164 260 255 197 17.70743761392449 7
124 49 10 117 50.58704524146196 100
179 236 160 230 49.68389322853679 5
68 123 115 16 19.163229585699796 11
228 171 189 167 50.18870343092345 6
209 141 87 14 47.37022494199137 100
14 5 102 146 140.54112906512086 100
106 135 21 138 252.80715499531934 6
159 202 260 211 145.06854062550286 7
48 0 56 128 444.5326398807179 6
113 31 135 64 19.68438907130406 6
169 242 127 32 87.53964796985406 8
65 111 119 12 67.24600446942006 3
6 76 84 138 129.73262722333857 100
112 32 155 163 130.97720995005287 21
122 64 137 87 11.605651000799572 5
98 61 14 143 389.36404573370305 4
88 29 166 235 41.4103027572857 6
23 109 113 18 173.46043641800853 100
112 108 45 11 38.08925144328289 7
217 159 180 152 83.97676433478881 50
44 103 145 172 32.2091881728715 41
167 171 138 92 38.5434678564793 7
238 141 178 87 236.14559067925947 11
97 107 36 12 78.04547032279238 6
239 174 260 166 64.55933418464414 9
98 32 90 142 221.24193926632697 7
151 226 244 158 347.4088105501343 4
238 192 247 145 513.5183932319868 6
180 250 142 45 94.48441910413216 8
250 196 127 61 122.88646691330193 100
111 40 120 101 48.76479274619771 7
166 88 160 1 176.76313978363706 7
60 144 117 171 32.78665405346331 50
177 252 195 139 363.0526278225882 100
88 70 144 222 38.644829049334426 8
81 63 129 135 7.409176592736268 4
208 140 78 55 48.40188105794743 100
