81 35 222 155 245 28.065225717344404 6
231 29 36 106 179 7.308266216885329 19
173 224 86 133 19 13.34007637482552 12
12 46 237 95 138 10.914292832334601 10
156 136 201 91 9 5.878145641567005 5
38 255 145 58 207 7.820980392463134 10
100 156 253 68 151 7.932736220563295 5
162 181 259 65 98 13.488087483830231 6
164 53 29 117 231 10.47316177280818 8
107 11 16 152 209 147 24.260744636157046 4
158 206 175 32 245 240 4.867757534991224 5
249 42 53 147 103 7.722140463557615 6
108 116 48 216 39 10.734007553809683 5
257 173 131 68 192 67.24275579695811 5
216 50 193 29 110 7.802753837809354 20
259 1 90 196 165 7.48428168397585 6
2 124 89 175 23 21.747238711632107 5
110 2 178 35 117 6.251196619215617 11
246 81 185 20 57 2.4879515645871857 25
206 49 153 229 70 8.598544566351086 5
56 244 19 196 139 36.829919884696146 4
34 182 138 106 151 19.435636346970483 10
64 195 138 17 150 10.400214589172998 7
16 164 256 103 41 10.809681233025644 6
134 237 84 2 49 10.3290536340172 10
253 170 76 24 175 7.290034543153426 10
180 188 103 26 21 5.8805896900767145 6
78 29 240 168 259 43.365401041734955 6
226 85 193 154 92 16.59555710933842 5
250 83 74 141 257 27.464049497962545 9
243 234 113 184 0 3.976376763363996 10
228 118 135 32 156 1.382550002299704 10
174 33 226 141 84 5.693550891359698 10
1 237 79 169 189 16.858565997601513 9
223 86 78 124 27 1.2529000068598457 13
154 109 243 25 146 13.10032749929659 6
127 169 175 26 16 23.993509758704466 5
119 37 256 204 70 32.46670306041976 5
88 36 109 244 13 29.478462179062202 9
94 12 208 144 259 7.7229704793173575 9
117 45 167 229 248 12.546514934936537 8
103 153 158 19 68 32.37523402103552 9
199 2 94 206 86 6.252871992421553 7
69 261 252 157 134 42.32951620582639 6
82 174 248 76 11 30.5796358547144 6
114 11 125 226 245 15.508552277249123 5
218 29 13 254 64 24.466858598570468 6
100 14 110 258 166 12.981232213509957 5
148 20 54 242 250 5.038075911181548 7
122 36 191 73 138 10.246979013343847 10
166 212 92 9 164 14.157958702182594 4
260 66 85 210 132 5.98178655059926 11
174 155 63 251 134 13.742873160138593 7
169 84 221 4 240 7.070489780295336 7
51 141 186 0 111 9.78073571473207 5
40 19 136 177 183 20.323527923357535 7
204 42 221 78 169 13.540567556243916 6
24 226 206 232 119 13.909224828001408 13
157 255 190 233 118 29.07045225283942 5
231 179 136 64 137 18.646780964617516 13
157 31 226 112 124 16.969199326144782 5
208 82 203 104 159 5.04163164855386 13
216 11 134 47 209 7.2008887196708375 6
188 73 177 141 37 7.830193181465437 10
131 36 1 246 179 184 33.68108120992977 5
191 116 176 225 0 95 66.21749094048374 3
64 159 237 70 26 217 9.929441360641121 5
54 221 17 133 143 185 12.046077134851975 6
6 144 134 204 56 54 8.27881611294491 6
140 37 70 1 256 110 17.585067655170803 4
65 230 19 116 156 20.89623544063478 4
232 143 0 151 234 27.45915038577426 7
243 114 57 250 142 17.753574235227166 5
200 31 117 69 124 5.385534511178501 9
159 86 128 96 205 12.027971798020886 5
234 165 241 78 39 10.849502409494615 5
3 204 56 257 157 50.44278628892006 7
61 136 67 175 115 22.804865760288695 6
24 195 116 175 107 12.019927659023418 8
188 167 255 58 119 8.817788496000906 6
225 45 131 95 7 11.438120137645885 7
115 93 159 259 250 4.481936817890665 4
40 145 227 113 136 13.089656821328314 6
24 121 199 190 179 23.915398348937522 10
15 72 111 13 150 8.267300171142299 7
78 229 4 209 146 12.784227562682018 15
76 41 184 94 233 3.1410745474689756 10
94 115 198 208 218 14.514046658108112 12
106 209 165 126 156 6.450091403210379 6
167 103 206 215 19 6.111876885695809 5
214 67 260 116 43 49.35422743762285 5
132 179 225 231 176 21.736148415431597 6
43 177 216 36 148 9.39569289215766 11
78 97 246 42 237 12.573765093447571 6
243 44 222 68 160 14.203670096248725 6
237 247 100 258 150 30.661676424131397 6
134 5 113 184 231 6.5619509252151795 6
190 259 183 9 97 17.249822349780057 6
26 212 103 85 248 24.191362692296213 7
93 149 70 190 222 18.809440841692076 7
