214 160 190 144 115 51.87587545039504 4
228 171 164 142 194 41.68858411882895 3
114 155 149 43 165 33.10844625174116 2
75 1 142 196 19 194.86155244364272 4
17 90 84 139 181 33.34280963492524 3
84 74 17 156 251 38.6108696991599 4
245 190 148 193 200 51.52763629839212 3
152 213 245 157 205 25.738917795044365 3
110 22 92 41 112 31.021269292090892 4
217 149 145 254 165 406.63427392866686 3
150 243 183 239 190 8.34171380342707 4
177 248 182 128 132 324.9296736694887 4
21 92 139 54 110 26.443547663012215 5
106 68 21 141 74 26.498819310392907 2
59 144 224 248 185 49.68025831363694 50
15 62 138 183 130 63.121345072891565 4
194 249 116 43 4 50.88606559797953 3
196 117 96 78 234 13.927799719139013 3
109 112 195 2 27 63 38.64010924696982 3
