54 78 8 132 112 281.2870641134517 1
74 14 129 144 50 215.56645452949414 2
170 178 203 255 249 180.28427509552176 4
161 168 226 205 231 162.19955838991118 2
91 95 36 140 72 112.58109894300263 2
210 137 122 77 39 200.01000729934532 3
84 118 67 29 133 147.77734608145562 3
224 179 140 60 99 184.39736702543607 2
10 65 134 119 86 244.33394800537982 2
187 197 142 235 105 36 134.0707997473652 3
243 239 170 164 166 261 130.9759833929376 3
81 36 105 12 134 155 190.95178274045333 2
162 244 212 146 250 116 233.88763856709176 2
138 89 18 158 215 220 272.8337548553352 4
186 165 242 218 145 47 78.47574623333664 3
166 175 117 57 110 40 220.0460798206924 5
163 156 244 238 219 61 391.9636117100559 3
222 127 124 16 37 157 70.61870531327821 5
48 127 123 14 156 175 204.83427117169023 2
29 113 108 19 39 196 277.3771982669939 2
210 234 128 65 4 135 102.94434361007265 2
76 2 127 108 223 26 59.0214082412933 1
211 175 257 157 113 135 226.70825432952662 2
108 22 115 46 169 54 84.46016595805055 2
126 183 123 22 240 174 23.42227578080058 3
91 97 8 140 207 133 330.0063630810418 2
43 127 76 108 224 21 301.94021513068554 2
78 124 9 126 155 200 285.5673021852741 2
186 239 218 154 156 233 274.3529899569918 1
22 81 27 134 127 66.65082610859068 4
25 121 102 84 5 383.0884335173527 2
69 63 24 121 127 221.27900267561031 2
81 24 105 139 33 200.41044278368864 2
15 73 130 37 69 218.38480548747378 3
51 130 85 125 19 302.51683213468874 3
27 79 137 208 158 90.42516605415398 6
180 126 123 159 61 33.95172177116357 3
243 153 159 141 102 595.1371633611426 2
181 252 117 45 220 47.28995472649098 2
29 84 261 144 170 268.1930707435426 34
255 216 149 198 156 483.2645739804365 2
71 4 117 134 0 101.33333370884954 2
68 131 23 100 4 261.68539947620485 3
207 147 203 151 198 33.50414951282804 3
50 135 68 13 120 231.7336288317458 2
81 35 120 115 12 56.38555611337217 2
118 133 84 69 47 44.6529395740417 2
24 121 102 136 157 340.6483037242138 4
17 73 155 238 173 56.64068473518134 22
40 136 118 21 86 225.43662196071648 4
203 150 239 156 257 528.7854923438123 2
139 30 88 109 40 35.24765754734542 4
196 177 247 145 60 343.0354775268166 2
202 160 144 192 73 146.24130325256803 4
184 216 144 87 194 52.91910963134446 2
20 58 139 79 135 263.6174578420226 14
217 227 165 171 142 70.26361168922791 3
222 139 92 8 177 38.961067997476995 3
253 149 230 154 166 164.85195838456826 4
33 43 103 143 237 77.74104754256119 6
206 238 142 88 29 266.02571059970836 2
228 165 170 260 178 317.68526810337903 2
239 215 153 183 126 304.6221664740302 2
64 69 121 102 32 320.8597886266787 4
183 215 253 163 141 33.57333451816054 3
63 8 13 122 118 294.29347576629823 3
189 157 238 89 33 313.2094902334001 7
204 228 159 179 236 129.22223177439787 3
37 96 261 156 70 86.99822795440066 3
231 239 183 164 141 472.3607727818376 2
33 103 28 144 172 2.4512603563537416 4
50 125 261 26 99 43.675125869465674 4
64 124 41 8 129 290.9958770337314 1
17 86 76 129 96 170.0422751681097 2
210 249 140 47 15 79.47868725239057 2
123 114 166 37 171 322.58882619303614 6
220 157 89 56 164 214.73227488033223 6
64 136 119 54 84 95.04733840533189 3
78 69 131 86 125 365.5241652613006 2
82 21 106 126 25 210.1027783020487 1
90 34 16 98 139 288.48764844913467 2
181 116 48 248 177 325.46653380380576 3
238 143 182 192 47 136.71122481427383 2
71 61 146 198 176 44.31189988022646 6
132 25 102 83 45 53.88857630138277 3
185 157 242 237 233 38.77811687375815 2
114 133 29 68 5 62.60472749633515 2
248 209 126 74 29 188.11524873600555 4
25 111 129 60 7 280.62253458901995 4
79 13 7 97 137 133.40055143403342 2
149 213 145 260 209 196.61429676019438 2
199 246 147 189 195 87.22928576735819 1
123 12 69 128 7 123.0386307733116 4
256 190 171 155 209 382.545573111798 1
53 21 135 129 86 396.5041242083945 3
216 149 144 223 73 284.3336214755023 2
219 167 149 101 5 223.334615177587 4
160 239 229 143 113 77.89804407246915 3
79 130 41 112 2 256.8560152085323 2
169 141 62 98 113 80.87936585204397 2
