37 95 105 27 141 185 70.06247725891029 5
130 100 22 41 76 25.31916453601296 5
186 255 168 128 121 53.340879217436495 7
211 189 160 256 143 261.70841760592515 5
78 134 127 156 31 51.39785348492605 4
107 7 126 111 158 40.54006699742743 7
10 49 67 105 135 44.1990325037546 7
10 66 136 261 155 8.097472254878882 33
230 175 184 144 114 29 6.51467929152597 7
145 185 251 152 260 87 27.355197553387157 4
221 156 185 59 240 218 37.35088428864995 100
76 31 139 196 248 109 15.408563738021973 6
172 144 227 115 218 20 40.24388159572528 4
240 259 153 170 166 89 39.847244447024856 10
222 156 117 163 82 43 75.8632222118953 100
20 86 15 261 94 166 154.33055973807203 4
115 48 155 162 210 110 51.881635271514384 7
217 239 172 166 114 3 27.172666175129415 6
78 26 97 22 130 71 55.602928437151775 3
58 90 5 139 221 108 45.22523417036248 5
231 170 152 239 155 59 27.82827955298834 5
162 260 166 252 248 138 189.2688415297118 100
44 101 166 161 133 254 176.25366333811274 11
175 244 199 147 254 206 43.423968599344484 5
58 5 143 221 1 103 66.01414178649642 5
230 197 150 142 254 235 242.7861880740606 34
135 113 38 6 120 83 56.00000409754902 6
103 71 16 166 138 60.96561355433326 4
259 174 225 168 102 428.4359076578003 9
66 136 261 138 31 68.74707453391272 14
97 38 91 140 210 89.46849759318938 50
191 168 201 249 239 18.793890625045147 7
135 92 53 138 73 22.13467342431146 7
140 91 180 134 10 102.88002168011039 10
99 0 6 103 168 542.9650414183927 12
221 143 89 182 44 28.61385509086567 19
57 89 4 138 107 9.421268176671605 5
66 27 124 114 168 40.41867809976442 3
202 151 226 259 167 5.033908399817613 4
209 177 139 75 120 32.59429911854018 9
144 199 260 74 209 47.51641023465508 9
21 27 66 132 136 298.52717946580464 7
54 93 9 139 169 28.40312255120415 7
160 218 156 88 2 43.36799901511879 6
67 130 13 21 125 313.927923787003 3
197 258 201 146 116 141.2655121294827 5
195 250 205 138 122 48.42720500148202 4
126 119 59 53 180 37.57360209998916 5
194 140 75 29 84 81.1633343635521 100
93 55 22 136 139 48.2047509341144 3
109 117 13 195 50 56.36172046236472 4
152 215 211 148 155 54.23841158278936 7
68 135 13 49 129 240.83632574746912 34
193 158 253 138 215 4.8085002874579 4
30 115 108 20 41 192.7577198889969 9
66 12 119 85 19 27.39322464530818 11
89 146 252 192 3 127.85991722861435 7
243 197 164 143 73 24.720703271972255 5
139 224 167 188 120 37.79814080049361 5
60 5 138 98 130 36.06155032353318 4
8 108 117 182 32 32.09658226452788 100
158 173 192 259 224 15.213034507467531 5
97 63 10 133 127 351.3210917957537 3
188 212 148 258 194 16.97074044201874 5
226 187 158 260 221 61.55975734041654 4
47 14 145 99 199 406.79985108929867 7
125 13 105 68 138 46.7270653199908 7
39 78 133 115 18 40.8375134338784 50
183 175 126 73 17 114.67985389584203 6
65 137 122 167 224 27.175942737342574 12
219 167 128 223 72 88.38368036726541 6
226 188 149 260 181 40.662898818970575 3
100 121 48 38 2 194.151985431839 6
106 136 27 23 141 40.857597755598974 3
7 120 112 166 53 30.109822927125553 50
176 186 225 260 157 93.21311624299155 5
27 107 23 128 31 33.62457919536388 11
183 241 153 202 126 94.18044599858912 4
190 246 200 255 168 76.20273757733584 7
93 129 70 7 60 56.09567514453767 8
236 155 150 230 116 56.86207973585451 100
245 170 176 227 177 61.29076489849309 9
258 197 173 127 120 75.55902827084724 9
46 101 155 199 258 65.82910478661931 27
24 79 137 72 210 10.49696894943405 11
195 177 146 87 16 18.303331241307873 7
4 112 157 228 108 42.246848060332134 100
210 143 192 60 249 42.58006159310063 4
100 118 5 96 28 201.50641402587587 11
144 195 114 135 80 41.897789298217646 5
169 226 189 178 244 10.95915957037299 4
178 238 170 175 260 241.99472493269852 8
136 77 40 116 157 54.47734477494593 100
50 68 107 127 45 14.094803625565213 9
86 5 29 140 167 260.3204636807461 4
46 14 137 79 99 39.00573221248698 4
223 141 191 170 257 35.22816617855019 5
240 187 183 139 45 36.51361292490948 8
123 126 48 195 39 2.35446785063738 9
69 124 64 129 144 31.605777278485185 9
