194 230 0 138 25 7.901327633377249 5
153 261 18 243 191 21.739265289515195 4
180 38 135 112 256 31.13653551562355 3
127 49 54 231 206 182.0149370224643 5
136 226 82 246 142 39.48146785117866 4
221 104 37 168 135 225.13773272258422 3
4 131 141 175 110 88.90550100840282 6
166 46 131 124 222 184 30.485595799026928 2
173 183 228 125 79 1 173.15675186628263 3
22 74 70 143 109 256 6.3946989477823 3
61 195 117 55 152 4 9.943155899237077 3
130 97 38 144 190 87 3.497292048969796 2
252 5 246 23 150 126 23.953965473372744 4
210 13 201 104 206 146 29.4122458721447 2
173 103 94 41 1 37 220.72954839942562 5
166 235 241 231 185 31 47.95599569979551 3
162 217 77 1 196 115 151.15401224053 3
167 27 37 134 31 185 57.4969672579936 3
129 68 3 246 156 236 6.967819781180041 3
180 237 11 232 100 152 43.912393540424645 3
84 76 173 55 219 135 53.551302494998374 4
131 18 260 135 71 54 32.97756404864527 3
22 99 0 168 244 235 269.93884004310536 3
92 143 5 183 124 163 223.43996580058874 2
78 250 137 45 217 181 20.11422854401463 3
163 98 198 39 114 147 15.02011335853765 3
238 55 242 30 146 20 89.92312793063647 3
131 18 26 50 163 215 213.46066110481632 3
141 44 216 132 194 102 246.18625348587858 2
159 118 254 33 234 79 179.83435917026935 2
225 75 26 235 156 126 5.007550718372575 2
19 222 135 75 84 0 497.0547822442936 3
155 125 49 174 29 68 332.9044971813234 3
69 89 216 236 133 0 319.7590654491362 3
186 9 179 244 32 56 35.90005003484384 4
145 22 17 192 76 185 38.59366741117583 2
183 54 253 45 189 6 107.67457967882609 3
94 184 115 32 13 56 83.0452817571898 2
62 229 174 13 130 193 3.5507260057199264 4
71 249 117 107 16 23 307.45562131825153 3
187 142 206 44 89 27 40.47626026529239 3
256 182 143 4 178 160 404.0213230027609 2
105 147 218 59 193 54 9.986833577656263 1
244 165 184 208 127 36 31.272027139693222 3
54 17 116 171 204 203.93602928556754 7
217 162 25 107 71 170.7273632153262 5
83 58 113 0 143 104.2866884514563 5
153 42 226 112 26 89.32646059201613 4
198 237 93 100 15 162.0452210453918 5
58 256 121 195 35 288.48250683557313 5
67 77 216 153 221 91.79667452001839 3
177 146 226 60 165 33.050347570174424 2
250 196 231 118 65 29.9877669338945 4
21 80 238 204 170 30.451152722139728 5
148 199 86 134 28 34.14305248407601 3
85 176 95 144 7 5.83746280222218 4
111 105 150 25 252 89.94765271884182 3
60 214 206 42 139 339.3233064325734 5
93 125 245 166 233 75.17502258828469 4
158 211 36 89 175 29.12028692911579 2
57 116 179 55 121 34.45555335413302 3
216 89 37 30 95 66.48172745623317 5
63 185 166 132 27 40.8215533766288 3
142 244 207 56 68 15.102388131830065 4
12 183 164 85 89 7.234950098059209 6
15 8 127 257 149 30.770179330084574 5
236 217 107 1 87 16.233998090345498 3
169 56 154 21 113 0.5739693235726364 4
67 242 18 248 196 39.376268751884325 5
111 88 30 157 207 10.038033929795327 3
59 178 174 237 142 223.83262058496635 4
210 101 201 54 64 5.894074292145893 6
32 184 51 189 180 144.39187903853824 4
105 151 59 245 66 15.18579220149129 3
101 235 161 177 5 52.15969631515973 3
236 227 83 118 45 288.4498693686515 4
130 73 110 35 223 42.56495584386197 3
210 105 220 48 149 23.069277176966636 3
91 96 226 171 154 125.37409961618212 4
229 157 178 91 57 7.04827542013117 4
132 39 152 44 201 9.6496374851349 3
78 210 20 202 145 20.752706870643095 4
72 96 223 168 191 178.72306723167182 5
188 43 183 102 219 26.95386393556997 4
141 73 225 95 41 46.90937965268207 2
149 250 164 12 95 7.960174633725631 3
63 40 191 238 154 311.91136730592325 4
96 61 137 159 152 32.90839834374533 4
84 137 154 238 79 22.985800358328838 3
200 52 219 258 158 28.393984079078713 4
43 154 121 208 65 22.839725551195134 5
50 235 255 167 98 23.303741350465607 4
203 157 55 113 210 13.367477737814507 6
186 5 233 23 121 33.11654323406156 4
161 76 176 146 223 27.233739785955304 3
201 209 137 81 43 54.63036481803758 3
148 59 154 77 155 2.564529668067755 3
209 136 175 127 81 20.466331368246507 8
139 110 184 25 241 19.69188785322112 4
24 93 254 217 153 136.65171226523245 6
