24 236 168 59 121 18.540873874135656 8
39 90 246 149 253 7.210864063317906 5
87 251 146 176 257 1.2592449400655596 7
163 178 49 211 126 40.46464563028037 3
15 26 161 258 208 17.300957549914163 6
231 45 134 55 240 9.639356295607328 5
95 206 144 14 240 49.14764884262259 5
168 175 92 84 228 191 20.819875591727527 2
182 57 173 21 137 81 25.24583768747135 3
244 106 169 55 32 205 268.45721917217804 3
173 38 43 109 241 247 64.71334998983934 4
118 160 28 47 250 243 6.303003951213262 2
145 75 162 6 248 39 8.129107495919175 3
120 52 193 56 239 217 4.972439085595398 3
173 206 132 102 13 243 22.71832245633989 4
151 40 246 42 89 220 11.777769218036978 4
129 154 205 74 133 5.201020922612715 5
204 86 92 155 136 0.9791972147880386 7
56 210 61 39 139 16.39170695180448 6
73 119 170 176 215 6.125989116322737 4
41 107 3 254 201 20.771544802647824 11
197 37 128 155 173 249.38878168119678 2
237 69 6 84 166 7.5492316866941005 8
235 190 145 122 114 8.016113739065625 5
185 153 142 19 114 7.567465620292709 3
75 154 8 122 143 5.499721734484618 3
193 231 128 43 47 10.523894388049518 7
99 186 220 134 3 215.98738429221322 3
245 233 159 261 34 11.543585339910793 6
33 53 71 195 230 25.553858019431242 4
60 136 228 41 238 27.35490981309882 8
208 161 21 96 45 17.690178551061557 5
59 186 153 243 35 8.730299990459804 7
105 25 100 167 150 28.2573254569878 4
163 238 29 76 41 6.106983678064559 5
25 243 75 173 224 4.664347178074512 7
119 163 168 8 241 51.87713655503668 3
158 221 115 218 213 3.660273056425213 2
259 78 46 176 145 10.05408235042547 6
14 104 5 224 153 72.98923467836337 3
34 132 79 57 194 24.07523600422307 4
77 142 71 185 191 18.85622637016531 8
246 189 148 261 19 9.184546671291384 5
2 222 115 175 145 36.306913121195706 4
157 12 154 93 246 112.68038594343784 11
47 238 15 246 150 29.089504334443433 8
74 138 207 37 216 10.034374848203875 4
144 100 93 39 202 16.02995490913319 3
89 170 67 255 136 34.551671396832894 4
216 131 178 70 38 10.713240537808725 7
73 255 155 15 110 137.47263292991923 5
235 41 166 57 34 78.2643852777713 5
134 200 45 36 40 24.685745272627752 4
94 73 170 138 10 8.741253370063312 3
15 215 21 114 93 9.028834412376213 13
157 87 3 211 191 22.331608308641037 3
58 113 180 10 120 7.308410264025255 4
229 146 13 97 249 3.5726989914642586 18
9 32 122 149 208 10.626491530626907 6
203 106 220 184 145 6.667310708744111 6
52 46 153 128 222 14.327801193995095 13
202 13 71 128 96 16.617866646373923 7
255 59 196 83 250 17.147058173987453 7
18 27 110 212 244 23.60431026600875 5
169 228 41 128 78 64.77084890338286 3
242 22 85 40 0 24.88719274828767 9
257 84 94 34 160 50.41419085438857 7
29 10 150 253 180 86.39845368835024 7
0 189 119 85 259 298.79230386240005 5
249 147 227 73 4 6.110646988494113 4
261 257 67 171 6 25.587025683790515 3
46 126 54 158 207 246 6.2109255984960905 3
48 225 13 168 29 201 33.03832262121845 4
79 149 255 31 21 12 25.502304026160356 4
76 138 15 132 210 241 98.59699165868312 2
252 11 86 163 129 192 74.628560871371 4
91 24 110 249 170 1 6.11247828386738 2
26 261 156 150 135 27.279934347246176 9
220 52 134 5 89 3.214805222290196 10
73 214 165 111 15 14.052358806246264 4
164 27 142 43 135 25.42435835747946 5
155 184 45 6 249 13.006710578570427 3
26 237 28 49 88 8.391247571102591 7
159 40 105 136 191 30.00787007614138 5
221 131 49 200 72 8.763623453624323 4
138 39 182 178 91 0.6449441228008619 2
61 132 143 194 199 9.390108467597242 4
123 62 69 213 142 6.986780275694362 3
214 158 37 135 91 1.5458251362867104 17
180 119 218 219 253 44.287214529376314 2
110 154 219 57 137 19.122616593351136 6
58 142 165 245 227 6.178140450584619 6
139 70 89 16 256 24.761462481196947 4
173 219 49 253 243 15.418834440722021 5
113 209 66 123 185 8.580488276113385 3
71 258 250 157 189 11.598711033868511 7
207 110 255 43 75 3.72618346534018 6
236 246 84 153 45 19.06451239131699 10
158 127 49 165 246 29.642194683048157 2
78 254 102 8 148 56.23864213594881 3
