120 253 72 143 221 150 70.16384866505828 3
56 229 208 156 7 39 208.28350528490967 5
135 74 5 156 127 187 266.6615320775413 2
82 249 146 255 71 163 184.24330589423832 4
132 223 51 142 89 172 192.838230328041 2
243 4 239 27 111 131 14.018042641333862 5
74 51 111 137 208 185 34.41259569623367 2
44 91 182 192 124 160 146.07002902347503 5
173 5 249 58 142 195 254.31857266381678 2
247 82 194 154 116 258 117.01944490261984 3
92 221 38 45 166 137 34.15286627494485 3
2 161 206 24 102 203 46.871595461085626 6
16 114 132 48 41 97 339.94236223471876 3
73 223 255 168 161 69 104.85922614638073 4
217 234 43 126 183 120 287.7293506846702 4
155 199 259 96 113 209 170.76646592852708 2
146 82 49 260 104 162 199.11416471482465 3
42 261 32 200 133 69 110.71945909546223 5
241 236 135 141 50 189 26.022011216425163 3
230 30 27 110 7 170 2.2995326688897313 5
32 152 235 217 240 123 169.6624081335287 6
96 218 220 211 144 85 251.0008766807692 5
246 241 180 45 40 107 236.04436599381506 5
72 190 239 146 249 150 78.34506287875851 3
38 15 200 151 114 235 78.75678564578526 6
3 114 110 197 221 24 15.096929140588127 6
24 106 233 225 88 178 171.16323696405655 3
65 216 102 178 147 151 168.49387781128013 4
220 242 101 1 158 63 37.313056698863015 3
239 92 97 116 220 7 12.004396157211053 3
87 251 93 213 15 159 26.390270268333847 4
173 50 100 12 192 238 3.6157786097012754 3
69 44 252 195 165 177 38.1372848465018 5
215 147 84 122 5 250 106.6471572480459 4
159 254 58 65 220 218 60.94300357732996 4
127 79 213 180 18 175 6.793809672249181 3
168 17 25 153 49 251 42.01222176473406 4
219 40 111 89 2 185 8.550803009238702 5
195 252 131 215 49 233 127.95167025470141 2
74 6 144 120 54 213 4.206248184006081 2
216 53 225 139 164 86 4.206248184006081 3
191 126 81 151 70 13 13.2657839060076 3
112 227 120 33 222 146 161.50145934729917 2
216 93 83 112 136 196 34.23005732670556 4
256 148 118 236 11 108 251.22005030783757 3
159 64 101 29 26 188 54.18634309099791 3
84 183 64 248 6 28 106.7365948622007 3
256 238 143 23 201 135 191.1741602274051 3
107 146 220 17 69 210 64.4951820499873 4
154 59 257 146 54 222 21.636085129304607 4
98 202 82 6 0 134 15.242486141937961 4
228 160 85 219 129 252 26.707929939167734 3
103 259 19 9 173 220 37.0409199272747 4
24 152 194 88 109 259 30.45591675314136 5
176 44 36 184 166 111 105.97876879258993 4
58 50 144 161 231 192 20.976823171294953 4
39 99 181 188 118 134 35.952614787733566 4
261 68 194 163 145 133 35.612081312831265 3
223 30 9 64 141 215 7.501274882861322 3
43 5 80 148 209 141 44.78102905416703 3
247 238 133 58 141 103 54.952775375211736 4
147 7 99 164 46 220 20.07731230778175 3
210 56 34 158 190 103 10.200352125539558 3
132 78 188 233 198 22 180.83645345509316 2
159 130 135 241 71 53 14.215549390526505 3
64 172 236 135 45 256 4.206248184006081 4
24 176 130 109 191 195 35.644201287561316 4
82 257 43 141 119 212 74.79058163237644 3
75 228 110 210 140 15 5.261260090352202 2
128 176 86 31 197 244 247.11312282722616 2
225 59 150 248 116 35 7.464843225496861 3
185 156 66 104 223 13 6.894952329187793 2
25 249 95 31 130 153 81.94543366946372 6
97 244 208 107 38 254 3.440337696251617 4
122 184 61 194 140 176 75.58071181729592 2
205 176 72 52 261 156 14.38354167560445 3
20 172 100 107 154 156 202.08061497367294 6
164 245 122 179 75 37 34.713090949061545 4
90 161 44 230 177 55 10.826593405307742 3
259 168 199 38 6 91 44.75747751806052 5
158 106 212 47 15 216 21.075605004670305 3
122 208 89 161 138 230 9.986462369539804 3
223 63 96 162 144 215 215.82842522421421 3
168 72 164 54 105 33 15.647832011308546 2
48 168 126 242 11 66 24.303818561170864 4
257 199 106 88 250 146 169.39073983034302 2
106 16 8 191 242 101 163.38176025455374 3
111 128 93 148 55 215 146.78539623719567 3
17 162 178 214 113 143 41.09139988008045 3
87 35 41 152 140 226 134.1559546803803 4
229 124 149 50 156 208 24.271226391820857 3
3 24 212 87 82 206 170.23758183906816 4
177 189 228 119 238 97 38.67899361655212 3
199 63 147 258 234 176 45.36551829719302 2
240 132 0 18 236 126 3.440337696251617 4
24 28 209 75 164 141 120.09457647465209 4
215 195 1 134 50 68 3.440337696251617 5
156 131 161 191 250 23 35.75216361567645 2
167 4 258 70 76 190 20.737719310203076 4
253 160 48 67 127 134 37.46088102444993 3
