210 156 103 29 19 191 328.02865255168797 3
91 23 134 126 83 194 34.27275279627266 2
8 79 135 113 29 40 193.86732644566032 2
4 42 114 109 12 182 49.046925283063985 4
71 19 1 103 155 159 135.70130918364495 3
247 251 156 186 153 88 97.84100011998237 10
209 127 46 134 82 56 263.13246427092105 4
63 83 130 27 138 7 201.73047023199828 2
171 254 146 101 165 46 109.39934787017752 2
159 165 242 155 102 2 15.798102860357256 3
219 180 147 239 231 113 161.34738278865308 2
98 76 31 128 110 24 241.26737160906822 1
100 18 121 38 137 194 26.893854463697824 2
258 175 160 240 167 249 385.8428741184115 2
106 38 126 158 253 31 331.06491799958286 17
19 101 42 156 171 153 212.29300504817402 2
182 252 137 247 177 92 201.33758876776653 3
248 252 157 191 113 162 355.8807952741136 2
214 154 160 145 237 73 314.7316639899009 2
186 166 113 231 62 223 172.4465404142523 2
143 224 205 102 4 57 105.25034826203128 2
227 172 166 88 165 84 286.80916926362926 2
106 97 51 13 126 158 144.45941074663602 2
35 81 130 136 26 101 166.0328342644455 2
28 18 84 104 138 166 424.3238450684715 2
194 142 62 249 6 28 158.7839078761276 6
45 84 139 197 163 104 397.62406222524385 1
176 256 232 150 167 252 166.8441650969053 3
22 91 110 55 112 144 332.7895843475743 1
55 51 109 118 59 155 231.2019354320447 2
249 181 115 20 56 131 158.15121952453873 7
182 103 85 142 29 221 6.516022973029802 2
26 135 106 8 126 46 288.91632886893956 2
169 141 47 256 86 131 94.50634912371648 2
162 232 183 242 116 144 156.0100123249337 1
47 56 2 116 108 25 188.76720096618595 2
97 10 118 64 155 57 81.59657132681095 2
2 98 48 113 145 171 399.02957707892233 4
206 210 157 101 17 186 229.7821086992206 4
33 117 209 29 124 156 16.748539590669164 3
139 79 9 208 88 3 14.077726182757274 4
130 123 51 72 4 0 100.55683857419824 2
190 159 240 155 73 34 142.93384823722735 25
139 32 166 121 65 236 38.76298530679298 3
87 0 142 105 123 67 227.74514003124534 1
259 240 146 161 116 59 340.76326814617863 6
80 128 168 31 174 136 217.6809808739468 3
72 62 143 3 212 230 37.80527219771498 2
13 81 63 128 167 151 337.66164189381095 3
169 217 240 178 164 248 102.84968763128734 1
50 134 40 118 57 1 228.4800041000046 2
96 13 50 105 126 181 304.5800313506291 1
7 52 106 115 181 250 155.93527445664745 4
65 83 128 58 27 168 107.75961023289643 3
40 22 136 128 32 42 265.48775256081865 3
9 81 63 27 117 195 252.79355568680927 1
41 79 9 129 86 33 256.5343361032012 2
87 33 28 157 252 219 76.06153943527123 2
122 114 37 45 84 83 196.16590951143004 2
36 124 68 113 12 42 141.7629775828929 3
235 145 118 199 73 18 302.02234046388514 3
152 168 207 137 217 73 38.22592091430807 5
189 245 213 159 179 237 162.38858056661223 3
35 83 93 129 13 73 449.2833415828956 2
193 238 159 164 242 144 199.8234551690743 2
18 72 126 168 248 224 131.7718487609904 3
45 129 93 11 144 184 235.58318596670185 1
127 134 59 183 174 82 48.27695244275914 2
92 138 38 45 125 208 80.93957665339461 2
180 138 106 11 236 110 165.91255074978315 3
17 117 195 145 219 134 246.68541809778554 10
156 237 200 101 3 165 40.266687188826474 3
87 139 197 255 121 35 109.13752854704714 2
87 2 129 136 83 36 249.3285428050705 4
66 111 129 74 157 241 86.27098619037852 2
21 78 131 111 126 40 183.7274582148376 3
188 242 158 207 126 106 235.17807464760602 2
133 97 40 118 156 235 197.26900955916122 2
210 127 58 3 131 95 94.27428641702129 6
106 37 82 13 138 166 65.20046995294722 3
52 111 119 71 141 196 285.95228391787293 2
190 212 150 156 244 102 292.0245089359256 2
161 240 180 232 250 137 92.35904578060655 2
234 168 103 2 20 162 86.59736373847113 5
110 119 49 115 39 166 262.58050709365585 1
65 122 10 115 17 83 132.1593006031858 3
214 164 148 192 210 260 136.25103419676284 2
185 253 230 156 128 123 178.3597984445891 2
216 170 152 254 144 114 206.86637597373374 2
119 71 135 32 22 40 23.634622692008502 2
3 104 58 142 252 183 230.51921807325098 3
8 78 82 132 136 101 489.73458946856795 2
248 193 143 59 183 2 128.15728693670275 4
129 73 96 25 2 144 35.99293035573236 2
226 163 148 232 193 144 274.42395061023035 2
51 108 126 180 18 238 91.0058165028269 3
158 176 231 207 225 126 13.852965188838333 1
132 38 111 77 86 32 111.85465105191822 1
241 151 204 169 126 178 210.55948681781518 2
2 57 90 34 140 182 639.0387445458509 2
131 101 78 125 145 40 75.98230944681985 2
