197 150 243 204 139 60 35.38310770259417 2
8 80 118 133 156 70 42.43521366594329 50
133 68 91 9 137 45 5.534454263970992 3
48 102 168 221 199 29 87.07505276930712 4
252 219 167 171 103 44 45.922138122749246 3
10 68 105 125 155 112 30.03892194985247 6
189 257 157 89 211 33 75.10298509505768 2
214 146 206 151 88 19 47.56806441144532 4
229 175 183 141 76 31 10.937782770598286 3
138 107 7 209 69 11 21.652006109404567 5
222 157 115 152 254 34 132.52410482362845 5
247 178 252 145 162 257 291.5221146170689 3
190 158 211 259 206 138 85.84428959764352 2
166 174 236 114 244 122 39.12107549773916 3
50 131 115 169 201 152 40.276616084619285 50
142 47 171 258 164 261 24.989350270057308 4
108 137 11 32 182 71 13.384060220654806 4
203 160 145 254 113 195 10.839942560943044 3
26 81 21 135 91 140 11.096072865816561 5
196 251 138 233 31 89 89.76837343384506 3
197 188 127 5 75 259 4.868773227951403 5
97 27 8 120 85 139 38.20938158999911 4
199 218 147 208 126 61 14.516367558899304 3
246 255 184 142 101 62 50.69207137429774 50
43 102 133 144 79 20 47.457234744929835 3
178 248 182 238 143 73 287.93161289732734 2
90 56 2 20 126 123 29.018782550984675 2
98 45 117 96 196 41 21.617875493564497 2
243 197 173 144 251 59 35.4020601111424 3
37 120 138 96 222 73 18.702639268376647 5
144 237 161 229 190 112 6.659131310267945 3
135 82 36 92 137 182 22.176617898306194 2
141 89 222 33 98 183 29.607926619567777 2
167 103 29 149 213 165 278.2728567470857 2
208 157 127 162 94 213 28.95134202264441 4
216 211 146 152 261 84 40.542648392180595 4
35 122 100 26 16 137 19.014991159652748 4
56 19 112 144 250 150 100.69499540081955 2
25 120 110 112 32 168 16.31911953270529 50
17 90 138 223 70 178 8.343580793632238 3
49 132 82 10 136 102 2.2979887666192167 3
5 103 71 141 14 209 14.28829965710703 2
29 34 86 119 54 125 35.566294470535375 5
74 20 126 183 107 239 28.12809149552185 3
122 26 35 128 72 209 278.2728567470857 3
124 113 39 157 43 238 23.507073550607046 4
156 250 185 231 89 34 40.80632756718471 3
183 162 241 139 245 105 7.1812219951802 2
161 231 227 180 219 128 3.547203895873377 4
48 113 168 219 237 1 468.11273973849734 6
156 89 163 211 57 34 24.337228241156062 2
186 144 223 116 16 259 42.6120369898762 3
186 244 225 154 147 192 42.60105519714591 2
99 89 155 148 163 246 12.438375124280372 3
237 157 215 103 85 205 26.155425612710328 3
129 70 125 80 5 76 23.745710289892063 2
204 197 150 139 75 221 91.31512314679098 3
154 170 225 260 202 166 62.84636639227627 2
180 237 147 189 117 33 33.27450381221921 3
172 244 156 224 101 219 20.098393729599568 2
49 130 26 83 135 115 4.996643436594805 2
122 38 100 2 61 139 10.28928399851258 4
74 20 157 151 241 217 3.5772850822256625 10
47 116 167 84 237 149 25.6805258986584 3
214 175 159 192 237 232 43.35021905685432 3
148 254 166 217 128 58 40.197434344384554 3
207 168 103 57 187 246 23.64635340651275 50
71 5 128 93 69 14 257.86320073979675 2
79 133 27 23 118 141 33.260261675577105 2
37 92 124 55 128 59 30.192179199765405 3
148 190 246 199 194 254 87.05441035025513 1
66 118 57 141 62 133 40.03951430112295 25
53 125 35 121 126 182 37.02785036268416 3
72 18 129 111 23 55 58.950932267643346 5
167 261 86 14 47 109 45.59171251910168 50
190 161 245 145 250 240 30.86530728126515 6
90 56 1 5 126 155 77.63722335196552 2
14 34 86 119 134 69 212.63817656221113 25
86 4 130 96 138 14 278.2728567470857 2
61 4 100 43 156 121 16.921192535438315 2
28 102 156 161 239 234 99.49039676093871 5
174 258 147 240 195 191 50.195517696659664 2
202 226 160 145 236 88 25.07755045980417 4
120 81 135 49 102 57 5.459596119711882 2
160 145 227 59 2 260 25.84234960121478 4
149 144 105 60 68 256 201.82623983503362 25
252 234 168 115 123 151 77.29365761131474 25
22 77 132 68 128 58 19.372863350755004 3
148 229 176 211 179 249 37.24834393042696 2
202 257 212 153 146 208 26.320339542797722 3
4 84 116 62 181 235 21.072969717777283 6
199 246 153 155 253 113 319.96105866385255 1
253 260 153 200 157 206 43.77025647372138 2
32 116 94 42 182 177 278.2728567470857 3
71 19 129 66 9 15 249.87327325068551 3
10 105 82 139 208 48 50.73083674314655 50
200 149 155 253 128 58 315.73524588951193 5
187 253 157 244 127 31 73.82296597276334 3
122 36 83 117 156 56 37.83073629773082 3
148 229 155 210 220 190 36.12442725311531 2
