109 29 26 229 165 62 5.434240180730835 5
101 228 121 147 175 21 8.916754407619171 5
34 259 27 0 143 226 36.1136454814022 6
62 99 229 2 143 235 6.520343052654938 5
225 96 116 204 33 28 4.094688015570318 5
9 197 60 123 246 174 33.973499807087336 5
248 158 31 9 106 98 17.073877438514717 9
175 110 177 74 225 244 9.017159959156594 8
239 170 79 43 113 164 7.357744016961494 5
161 124 240 22 180 232 15.628810850303333 5
34 150 177 106 243 224 6.525380299825928 13
154 156 2 252 120 72 16.401203213778977 7
255 236 51 140 183 165 29.80063717898672 4
109 200 38 205 30 143 2.977110989968193 7
217 134 210 116 40 16 5.548212777492972 20
0 256 73 125 145 54 23.134776504076584 6
176 34 28 25 120 194 26.916809008090773 11
41 61 211 163 108 178 26.33204710364294 7
251 104 9 125 57 183 17.852500297079832 5
170 42 115 7 178 241 3.6391621498476283 5
63 141 0 215 125 191 23.201396064495103 6
35 0 228 40 157 247 2.920892877567392 8
3 139 125 230 195 56 6.33070329072787 6
26 174 3 93 209 147 7.467526215767793 12
189 134 178 23 115 169 2.387813782087253 5
