243 204 184 152 139 194 45.962756514537816 4
214 161 157 101 205 28 38.45230770758502 7
174 158 241 232 192 126 30.212815962138738 5
248 177 238 143 46 100 25.120741952271594 8
260 227 190 172 167 45.6618370075091 8
239 172 146 194 249 154 18.185796077360862 4
149 257 166 101 235 190 42.89237750566481 4
57 104 1 19 139 166 3.9038701393335424 4
188 170 241 177 260 248 55.780354013970374 5
137 223 32 100 167 124 43.28076181078299 4
77 54 7 110 129 144 25.120741952271594 8
25 108 128 182 205 35 25.336623730000834 9
93 127 23 168 31 224 47.88292787664778 11
167 113 234 177 123 186 40.48447283094501 4
75 1 126 108 10 55 47.799460678776235 4
257 189 158 194 212 137 25.787901821376824 6
191 252 195 128 61 6 3.9038701393335424 5
201 157 209 89 19 256 45.66183700750917 7
217 227 162 146 207 115 49.81938436188075 7
137 132 53 63 72 209 42.82430375904773 4
96 105 138 223 41 35 70.95327588360121 5
113 109 196 56 144 5 55.497213710729035 4
24 135 115 78 130 144 43.91128676775366 100
239 188 170 138 245 76 37.84445421644604 4
231 170 144 73 14 4 24.627785415493417 7
39 92 21 110 127 43 30.361547251048393 5
63 95 131 127 18 9 3.9038701393335424 5
88 142 84 194 252 171 28.9404094623931 6
34 104 85 28 139 182 3.9038701393335424 5
225 244 165 160 143 89 3.9038701393335424 4
130 101 43 96 10 34 40.124623562175785 18
243 161 156 89 85 28 44.965594905669406 100
199 259 144 75 151 71 260.0610882696658 10
44 98 62 138 180 170 160.83800767385424 14
156 75 200 14 207 99 11.733965278462247 4
247 182 89 3 142 252 147.2982161054361 100
84 48 30 120 67 116 35.93974685411975 4
144 196 172 165 191 74 10.406700348631652 4
50 121 139 44 210 192 63.33346860673606 100
183 176 258 239 144 115 24.201044673652238 4
16 101 131 77 67 8 36.69459495495253 100
194 138 105 97 12 36 47.59275023539335 11
82 91 37 140 32 194 18.743650442366615 9
149 166 227 203 114 56 10.268561848416283 7
174 212 168 128 93 234 37.86475217426021 8
140 86 79 1 23 194 7.490253276491083 4
78 69 131 112 10 32 38.00169361201219 4
67 91 13 133 112 9 7.117867713317458 7
4 116 168 110 51 106 47.971841183732295 100
117 168 191 84 252 215 66.47360707893434 8
241 161 166 139 259 32 45.239286983383444 8
87 137 122 24 14 77 6.724675628738479 4
40 79 140 111 166 149 16.501738786864554 7
55 134 129 85 14 9 320.5557971697649 6
259 241 148 202 179 249 27.607746536174215 6
185 142 87 14 217 239 15.683813020495577 5
33 14 128 194 92 233 53.58589336640249 8
224 179 248 169 140 217 8.35692250019239 3
48 142 57 1 208 102 25.120741952271594 6
41 36 95 261 143 224 37.45032236106827 7
142 103 221 85 30 121 30.628974152245235 5
8 109 118 41 57 141 349.2356558257596 100
166 238 188 112 205 184 49.395817291877556 4
191 248 238 159 176 242 25.120741952271594 5
190 170 245 141 222 227 35.4309111002513 5
156 112 46 224 150 218 16.816772196644756 6
86 18 130 78 55 136 45.6618370075091 7
242 160 204 156 209 89 58.53383216784206 50
191 250 168 215 116 18 30.504481071729195 4
170 255 152 246 141 89 9.861031584075631 7
228 172 154 218 156 222 58.85651336995344 6
151 259 200 254 155 102 108.80965687854362 50
149 197 216 255 166 249 34.18873469803857 4
75 2 155 126 238 219 42.4863175121181 6
119 84 67 63 1 123 38.11750940551737 5
42 101 18 157 161 220 12.632952921025511 10
8 95 77 12 116 145 47.61712404169726 6
107 53 111 137 45 210 43.639040293647 6
36 119 135 126 156 250 72.12810093154802 100
141 88 33 70 236 106 39.617675744156884 5
30 90 99 20 139 168 19.064932432229597 17
215 225 169 164 179 247 28.834888201015527 5
20 72 118 95 13 2 25.610900252101203 4
254 174 260 146 75 28 57.07894039143946 100
121 25 125 126 208 7 11.0942035660802 6
190 199 244 147 222 177 107.51040966169626 21
17 86 261 146 134 252 20.14812361626107 100
75 99 0 137 4 195 30.961454493357973 5
11 109 77 116 16 196 42.575506401792104 50
178 169 187 249 245 241 97.53176498914601 5
9 94 128 166 55 71 68.8608864969858 13
9 41 123 129 74 15 344.0933764468143 12
155 223 89 162 229 70 25.120741952271594 10
43 48 100 139 166 131 47.92798956543493 50
7 25 130 58 97 138 322.96200189091 100
92 135 23 115 60 28 30.964894026909 4
228 150 156 88 246 31 57.47965477880933 11
205 238 142 62 28 182 424.7959710152957 7
234 181 126 3 60 131 62.30766297112915 85
90 70 15 33 142 223 420.68855607113665 34
