79 139 187 195 42 6 31.221030950973237 4
24 251 142 2 132 71 12.434619835464208 13
41 2 178 261 211 35 37.812475039556666 4
153 97 104 177 213 31 6.968245850748273 4
100 242 40 189 93 159 11.025547629390827 3
165 48 121 68 169 250 3.2768676182400815 14
155 235 70 186 108 0 18.66850254584949 2
120 241 176 12 207 57 14.3006650453089 5
244 131 234 11 44 171 6.254918363232368 5
249 18 131 83 243 141 56.624638342253704 13
74 138 179 136 7 27 2.319466973930708 3
243 197 32 120 54 178 8.129892628610515 31
125 170 65 176 192 253 22.6646189842464 4
155 243 11 108 149 219 291.25638539677146 3
75 161 5 125 14 218 7.521902526804212 4
259 3 181 40 102 108 21.29804864894781 7
76 237 134 43 41 8 6.994345404134143 5
65 138 3 133 192 169 10.049974118924222 6
13 92 0 228 59 151 29.157860425859532 4
179 246 129 60 240 163 4.49996936432533 3
183 260 233 13 96 58 32.7523434664613 5
259 163 88 238 23 177 29.201364488252104 5
23 164 257 210 30 102 12.777428671682474 4
119 28 235 49 27 257 24.0409511608908 5
22 14 164 222 120 255 12.155670910871182 15
221 28 114 258 6 66 22.417474086926493 9
190 250 124 114 20 255 12.43914789549769 6
131 16 249 85 204 256 23.55854451804152 4
185 135 10 29 113 258 6.193430511547157 7
73 131 228 8 144 175 34.723879651436 4
258 59 186 208 133 23 4.171630590777293 5
202 98 62 147 55 134 13.871082562949265 5
16 99 132 9 164 249 12.599531808169193 7
12 200 48 180 133 247 15.773304747922392 7
227 162 118 34 0 193 16.381791233178927 3
90 98 180 161 38 111 58.642511333846045 4
23 166 248 132 2 243 27.1974494189745 5
54 18 106 253 149 179 42.85971154087021 6
7 203 74 158 177 13 21.04069506828683 4
86 38 209 230 147 17 5.54853815761059 3
200 178 64 71 11 154 11.865809747400679 4
20 242 167 117 55 173 21.854757611139092 6
6 233 92 56 182 245 49.072552938908814 5
154 231 157 191 31 41 8.34553461333977 6
87 198 143 175 81 233 4.754458267665269 7
46 187 259 236 130 83 31.532815824896407 4
204 16 192 140 197 64 2.548405490647722 11
248 103 184 19 232 111 12.910967293032208 4
223 85 78 218 6 158 9.082824018088973 4
125 157 231 37 86 224 24.774043319189367 5
68 156 247 259 16 116 21.400537809863877 15
88 153 27 231 29 7 8.140448061295938 3
60 173 126 39 259 240 12.341669881559328 6
45 122 181 244 139 174 8.804422105026275 9
207 37 127 201 4 168 4.439363143960467 5
23 58 257 174 169 124 15.259450772774857 7
51 200 27 146 232 89 17.632922349917994 4
83 120 176 244 234 30 60.63898503637504 4
55 222 17 218 85 185 2.75270784653588 8
196 68 43 139 90 12 17.01427933649781 5
140 59 10 215 178 67 11.00201601923644 3
121 9 215 59 183 128 5.6331383014686995 5
99 137 6 152 197 218 46.2510598845075 3
237 106 204 116 46 171 10.823624500042502 4
185 191 115 154 131 17 9.763831458553234 3
189 60 141 208 38 133 25.03392087404941 29
162 19 114 166 197 84 2.609529190055736 3
40 177 111 137 197 93 7.648242013648068 3
164 91 9 207 16 214 17.606742289079225 6
61 53 246 147 223 228 26.89385195932602 11
177 126 79 247 46 158 35.61500311695157 3
18 180 246 113 83 185 14.38802355484346 6
185 10 143 59 14 49 5.136781001986876 3
221 182 35 151 111 90 1.267293375374767 6
48 116 232 123 147 40 21.92270285552183 4
141 241 196 204 73 107 8.277034623368067 2
182 136 192 92 68 6 39.32625612712564 4
161 191 110 156 70 102 15.303528488304172 4
244 144 191 107 89 29 3.614702521910736 14
68 64 131 172 225 139 19.98334961966296 3
61 94 158 165 22 99 9.623595717918061 3
234 203 168 64 96 226 21.497455499378063 4
10 74 250 132 3 139 14.316711720925438 19
15 229 96 119 39 191 13.29619149274385 8
56 13 134 245 92 179 42.388631788964574 5
232 14 251 55 74 160 152.69735375840924 6
222 54 92 151 113 3 11.508847786103088 5
10 163 241 126 206 67 6.501965844408978 6
43 21 138 95 249 150 16.867627099586542 11
192 27 150 120 218 3 54.534857382668626 11
45 126 106 252 187 178 8.841399218313681 5
118 83 8 45 185 193 8.056484935508944 3
131 203 54 254 170 98 46.62922016894287 4
77 250 84 254 19 96 71.08619389408003 4
214 17 81 100 162 141 28.425028284020172 4
199 37 166 217 118 32 11.831488014451104 3
32 110 91 126 219 185 7.820503928442612 6
183 245 62 254 66 14 91.59190662514631 4
142 16 133 102 13 194 21.811035503610388 3
102 199 53 125 19 254 13.184896681992823 3
